-0.147990 0.556216 1
-0.455449 0.825936 -1
-0.553803 0.795091 1
-0.250206 0.225123 -1
-0.409542 0.357316 1
-0.918582 0.952732 1
-0.488342 0.129500 -1
-0.496465 0.588759 1
-0.450807 0.223933 1
-0.131972 0.504645 1
-0.271410 0.845474 -1
-0.081620 0.532782 1
-0.043287 0.955648 1
-0.005986 0.308871 1
-0.783588 0.455132 1
-0.350649 0.614941 -1
-0.053806 0.077735 1
-0.492901 0.378995 1
-0.192495 0.275035 1
-0.306725 0.243181 -1
-0.005581 0.527242 -1
-0.597041 0.813292 -1
-0.448817 0.708971 1
-0.227409 0.141732 1
-0.856125 0.493736 -1
0.625034 -0.765996 -1
0.443977 -0.955118 -1
0.326576 -0.374460 -1
0.421595 -0.727283 1
0.472254 -0.378640 1
0.486120 -0.321735 -1
0.529997 -0.924427 1
0.439284 -0.179583 -1
0.745732 -0.082539 1
0.233638 -0.988306 1
0.732158 -0.343950 1
0.256480 -0.261004 1
0.737346 -0.736846 -1
0.084532 -0.980881 1
0.447369 -0.331404 1
0.177869 -0.698517 -1
0.490268 -0.325106 1
0.286772 -0.463514 1
0.995859 -0.614361 -1
0.517685 -0.817248 -1
0.898134 -0.227574 1
0.424522 -0.703472 -1
0.670140 -0.724379 1
0.559649 -0.112569 -1
0.573968 -0.886411 1
-0.332894 -0.484458 -1
-0.537845 -0.749855 -1
-0.520826 -0.239679 1
-0.534639 -0.794133 -1
-0.027370 -0.274861 -1
-0.585876 -0.311297 -1
-0.045512 -0.970378 -1
-0.954517 -0.046033 -1
-0.534456 -0.309277 -1
-0.451886 -0.730067 1
-0.861824 -0.308921 -1
-0.175171 -0.695369 -1
-0.202703 -0.466167 1
-0.440390 -0.961294 1
-0.463807 -0.410199 1
-0.191057 -0.564222 -1
-0.069827 -0.133068 1
-0.735281 -0.833367 1
-0.941149 -0.801258 -1
-0.745483 -0.614879 -1
-0.551611 -0.756926 1
-0.332196 -0.722570 1
-0.560144 -0.200632 -1
-0.298929 -0.345815 1
-0.968827 -0.794632 1
0.994496 0.443714 -1
0.185135 0.399554 1
0.335918 0.097369 -1
0.963826 0.979021 -1
0.947044 0.913815 1
0.687789 0.520853 -1
0.621354 0.057467 1
0.615161 0.215435 1
0.451030 0.682125 -1
0.481025 0.893351 -1
0.896919 0.033044 1
0.765529 0.810780 1
0.235736 0.718943 -1
0.883929 0.640594 1
0.561332 0.875600 1
0.597757 0.951954 -1
0.905915 0.565300 -1
0.883081 0.229796 1
0.279817 0.085536 -1
0.125952 0.152429 -1
0.820782 0.065652 -1
0.711142 0.691615 -1
0.239848 0.101928 -1
0.507392 0.871380 -1
0.000811 0.506583 -1
