-0.056943 0.531679 1
-0.167225 0.250407 1
-0.433978 0.542554 1
-0.055192 0.040563 1
-0.399014 0.966612 1
-0.700234 0.389666 1
-0.348032 0.925622 1
-0.801165 0.417147 1
-0.478001 0.145755 1
-0.011316 0.787602 1
-0.990731 0.048258 1
-0.472317 0.177805 1
-0.624996 0.554831 1
-0.713438 0.761753 1
-0.546809 0.701446 1
-0.420713 0.197032 1
-0.161445 0.139586 1
-0.555309 0.672881 1
-0.938196 0.266282 1
-0.555047 0.727379 1
-0.715349 0.275377 1
-0.541628 0.964532 1
-0.382871 0.300989 1
-0.873628 0.263433 1
-0.215377 0.502177 1
0.122369 -0.492076 1
0.368861 -0.274014 1
0.942006 -0.430303 1
0.401295 -0.059385 1
0.718173 -0.211719 1
0.568750 -0.999090 1
0.930634 -0.851301 1
0.946072 -0.221810 1
0.998182 -0.917148 1
0.752564 -0.652122 1
0.454309 -0.339691 1
0.494528 -0.964965 1
0.023199 -0.736654 1
0.456719 -0.508246 1
0.541930 -0.640339 1
0.542490 -0.602099 1
0.313251 -0.783367 1
0.011512 -0.911531 1
0.964660 -0.118431 1
0.215795 -0.552273 1
0.254630 -0.732262 1
0.536399 -0.832182 1
0.003801 -0.769930 1
0.782761 -0.450143 1
0.441675 -0.755782 1
-0.410269 -0.776167 -1
-0.921537 -0.952792 -1
-0.293555 -0.892913 -1
-0.464818 -0.383021 -1
-0.656624 -0.623275 -1
-0.697084 -0.657451 -1
-0.497163 -0.879133 -1
-0.623042 -0.316961 -1
-0.438469 -0.527898 -1
-0.765458 -0.292780 -1
-0.060470 -0.880140 -1
-0.484257 -0.411424 -1
-0.401890 -0.285119 -1
-0.134088 -0.124686 -1
-0.058631 -0.939541 -1
-0.335544 -0.265944 -1
-0.940618 -0.541405 -1
-0.463092 -0.059283 -1
-0.427884 -0.373567 -1
-0.532629 -0.899496 -1
-0.979905 -0.628704 -1
-0.109384 -0.443039 -1
-0.807263 -0.058864 -1
-0.538705 -0.977854 -1
-0.152706 -0.549040 -1
0.323981 0.614773 -1
0.300781 0.654050 -1
0.359178 0.325658 -1
0.964943 0.082585 -1
0.908969 0.646356 -1
0.615161 0.857420 -1
0.471372 0.558824 -1
0.849872 0.272766 -1
0.865678 0.408146 -1
0.323198 0.151587 -1
0.462003 0.079838 -1
0.451040 0.615562 -1
0.786233 0.038286 -1
0.456862 0.102426 -1
0.850673 0.309493 -1
0.886057 0.388459 -1
0.496147 0.215320 -1
0.478907 0.521477 -1
0.893339 0.564957 -1
0.560655 0.583337 -1
0.017763 0.982525 -1
0.068191 0.571565 -1
0.693116 0.077828 -1
0.396091 0.219377 -1
0.911581 0.725020 -1
