-0.829005 0.541506 1
-0.874649 0.420738 1
-0.939425 0.795274 1
-0.452401 0.304359 1
-0.710716 0.737182 1
-0.019013 0.525596 1
-0.334967 0.243509 1
-0.377416 0.851846 1
-0.317225 0.314783 1
-0.566457 0.216595 1
-0.338389 0.686439 1
-0.926855 0.705938 1
-0.275278 0.453745 1
-0.150597 0.109463 1
-0.377997 0.569129 1
-0.848060 0.950278 1
-0.915365 0.864643 1
-0.355186 0.666433 1
-0.450907 0.731548 1
-0.955499 0.997978 1
-0.636323 0.495730 1
-0.010225 0.858418 1
-0.093871 0.448842 1
-0.558340 0.834578 1
-0.464520 0.846084 1
0.375286 -0.193183 1
0.062726 -0.006922 1
0.085279 -0.687537 1
0.922387 -0.168588 1
0.154220 -0.364389 1
0.306409 -0.761171 1
0.164490 -0.559319 1
0.546442 -0.432039 1
0.333028 -0.904461 1
0.566928 -0.923528 1
0.326905 -0.877715 1
0.646014 -0.272785 1
0.152520 -0.218898 1
0.463516 -0.409701 1
0.311809 -0.762181 1
0.207545 -0.505275 1
0.057271 -0.997845 1
0.034608 -0.871179 1
0.941328 -0.756900 1
0.508450 -0.958574 1
0.168028 -0.781778 1
0.566693 -0.695453 1
0.281623 -0.582181 1
0.561399 -0.150780 1
0.113580 -0.679219 1
-0.816639 -0.039045 -1
-0.467333 -0.916493 -1
-0.228420 -0.483890 -1
-0.374471 -0.765878 -1
-0.256505 -0.975267 -1
-0.113013 -0.108042 -1
-0.487346 -0.645488 -1
-0.562050 -0.311830 -1
-0.923221 -0.812122 -1
-0.749936 -0.121639 -1
-0.138618 -0.118412 -1
-0.572167 -0.074718 -1
-0.308187 -0.874298 -1
-0.331096 -0.132811 -1
-0.062227 -0.796355 -1
-0.353038 -0.140765 -1
-0.265482 -0.995963 -1
-0.440045 -0.198633 -1
-0.211051 -0.333584 -1
-0.402753 -0.127381 -1
-0.087139 -0.519426 -1
-0.825652 -0.891343 -1
-0.199308 -0.983550 -1
-0.938541 -0.960206 -1
-0.750661 -0.670202 -1
0.376692 0.228538 -1
0.357187 0.937076 -1
0.736620 0.265995 -1
0.536792 0.539928 -1
0.324247 0.571064 -1
0.846649 0.237530 -1
0.188580 0.794435 -1
0.817210 0.284781 -1
0.163769 0.801689 -1
0.626823 0.063785 -1
0.035225 0.372174 -1
0.782527 0.026478 -1
0.926601 0.409001 -1
0.942852 0.032910 -1
0.410835 0.763568 -1
0.366265 0.399428 -1
0.174734 0.328567 -1
0.183628 0.578255 -1
0.260819 0.423329 -1
0.029967 0.616949 -1
0.832818 0.895039 -1
0.665241 0.930295 -1
0.701841 0.972161 -1
0.753281 0.978764 -1
0.184565 0.903336 -1
