-0.027929 0.545471 -1
-0.051420 0.136738 -1
-0.355258 0.973310 1
-0.976112 0.673883 1
-0.115552 0.496468 1
-0.579188 0.645879 1
-0.469057 0.507043 1
-0.848249 0.800181 1
-0.540478 0.129940 1
-0.884100 0.518059 1
-0.179224 0.936627 1
-0.786373 0.142293 1
-0.245943 0.427882 1
-0.241023 0.180739 1
-0.521983 0.684582 1
-0.125120 0.944983 1
-0.824502 0.366829 1
-0.050660 0.331442 1
-0.075967 0.483540 1
-0.721418 0.955407 1
-0.998823 0.883944 1
-0.994158 0.655002 1
-0.497014 0.219006 1
-0.520918 0.323044 -1
-0.753503 0.900600 -1
-0.026472 0.683070 1
-0.692282 0.955001 1
-0.205723 0.343027 1
-0.039079 0.667439 1
-0.234190 0.406378 1
-0.192540 0.856813 1
-0.168687 0.369580 1
-0.971628 0.808321 1
-0.181035 0.808738 1
-0.240023 0.697398 1
-0.120530 0.997954 -1
-0.894424 0.250322 1
-0.180708 0.469466 1
-0.343665 0.667494 1
-0.624993 0.640556 1
-0.340115 0.311857 1
-0.163799 0.682867 1
-0.711471 0.854450 1
-0.625398 0.730520 -1
-0.302441 0.584004 1
-0.205932 0.283467 1
-0.683181 0.056886 1
-0.782874 0.914954 1
-0.367128 0.209491 1
-0.879348 0.014593 1
-0.998903 0.049960 1
-0.857950 0.764221 1
-0.388851 0.476998 1
-0.709633 0.874085 1
-0.668161 0.414873 1
-0.953935 0.354307 1
-0.492652 0.015619 1
-0.381904 0.925030 1
-0.581254 0.223735 1
-0.977900 0.933482 1
-0.481523 0.338512 1
-0.102420 0.333547 1
-0.283970 0.075473 1
-0.507915 0.669091 1
-0.898436 0.696012 1
-0.797650 0.943086 1
-0.615551 0.454579 -1
-0.928219 0.370783 1
-0.929232 0.001401 1
-0.577694 0.679977 1
-0.660002 0.306294 1
-0.610659 0.060369 1
-0.199319 0.275417 1
-0.259206 0.137981 1
-0.454509 0.869738 1
-0.365532 0.538527 1
-0.899624 0.708990 1
-0.246724 0.946671 1
-0.275086 0.021340 1
-0.813264 0.532315 1
-0.864373 0.451750 1
-0.420880 0.926752 1
-0.366555 0.076919 1
-0.268440 0.602361 1
-0.133078 0.599765 1
-0.573557 0.587314 1
-0.929709 0.879584 1
-0.766927 0.315174 1
-0.622923 0.634195 1
-0.111409 0.284173 1
-0.598597 0.366309 1
-0.417554 0.570700 -1
-0.790921 0.383895 -1
-0.112824 0.068762 1
-0.997875 0.945407 -1
-0.546081 0.986545 1
-0.782242 0.111525 1
-0.297473 0.954469 1
-0.077320 0.528333 1
-0.735819 0.258283 -1
-0.347392 0.661289 1
-0.564629 0.031763 1
-0.887587 0.799545 1
-0.238050 0.768454 1
-0.310120 0.857329 1
-0.721598 0.131563 1
-0.740872 0.280824 1
-0.128321 0.889748 -1
-0.606665 0.796955 1
-0.544170 0.758278 1
-0.153846 0.953948 1
-0.869916 0.105866 1
-0.674033 0.372375 1
-0.482267 0.513772 1
-0.105891 0.653048 1
-0.580253 0.957855 1
-0.875925 0.863844 1
-0.809873 0.885487 1
-0.379247 0.206868 1
-0.646843 0.355555 1
-0.924519 0.052208 1
-0.330907 0.281362 1
-0.968507 0.876285 -1
-0.009335 0.469064 1
-0.234119 0.711450 1
-0.227688 0.060939 1
-0.086640 0.529424 1
-0.385548 0.145089 1
-0.222423 0.136235 -1
-0.413838 0.369255 1
-0.561464 0.488451 1
-0.387831 0.974630 1
-0.378423 0.065229 -1
-0.860478 0.303208 1
-0.095204 0.898851 1
-0.731165 0.472273 1
-0.796391 0.908119 1
-0.440819 0.436210 1
-0.689338 0.752231 1
-0.625388 0.944118 1
-0.728466 0.290056 1
-0.163630 0.171617 1
-0.037763 0.058126 1
-0.030799 0.644057 1
-0.911170 0.176883 1
-0.609093 0.459662 1
-0.276890 0.755981 1
-0.755970 0.409488 -1
-0.229157 0.639668 1
-0.384154 0.649091 1
-0.215117 0.340947 1
-0.424336 0.844044 1
-0.905398 0.529902 -1
-0.776989 0.119382 1
-0.580054 0.112437 1
-0.842622 0.604417 1
-0.445908 0.866938 1
-0.347400 0.985109 1
-0.624646 0.936083 -1
-0.185944 0.679969 1
-0.170691 0.916294 1
-0.978737 0.324853 1
-0.283822 0.532252 1
-0.876521 0.783163 1
-0.386977 0.436929 1
-0.900430 0.647117 1
-0.835373 0.493537 1
-0.251984 0.519967 1
-0.355577 0.761615 1
-0.924523 0.464042 -1
-0.348312 0.697803 1
-0.533236 0.222795 1
-0.246694 0.018696 1
-0.863944 0.845672 1
-0.718278 0.787285 1
-0.510920 0.106178 1
-0.467518 0.041450 1
-0.716091 0.703077 -1
-0.439128 0.086848 1
-0.516858 0.370018 1
-0.758962 0.777063 1
-0.236958 0.830674 1
-0.649914 0.523025 1
-0.994794 0.482944 1
-0.807213 0.750321 1
-0.823991 0.384666 1
-0.268437 0.257156 1
-0.735730 0.379335 1
-0.816852 0.685358 1
-0.725537 0.243441 1
-0.898318 0.567751 1
-0.837063 0.930058 1
-0.905192 0.557773 1
-0.394128 0.200740 1
-0.720064 0.000683 1
-0.738451 0.116963 1
-0.713648 0.686948 1
-0.068012 0.774728 1
-0.195036 0.855452 -1
-0.321307 0.070303 1
-0.439985 0.088074 1
-0.181193 0.085572 1
-0.083981 0.965393 1
-0.488043 0.149745 1
-0.223524 0.981853 1
-0.858603 0.695538 1
-0.130681 0.118232 1
-0.749984 0.794087 1
-0.247745 0.596071 1
-0.395744 0.032618 1
-0.813845 0.139371 1
-0.905405 0.354488 1
-0.891343 0.760306 1
-0.472375 0.653306 1
-0.159010 0.419454 1
-0.132668 0.485761 1
-0.337683 0.160098 1
-0.425258 0.207828 1
-0.282662 0.615508 1
-0.188224 0.601035 1
-0.698946 0.416339 1
-0.715794 0.872722 1
-0.689724 0.295407 1
-0.115419 0.009419 1
-0.814461 0.348564 -1
-0.201067 0.480179 1
-0.136746 0.577761 1
-0.797656 0.306190 1
-0.223897 0.528776 1
-0.802027 0.642611 -1
-0.581360 0.874900 1
-0.280897 0.324377 1
-0.091870 0.371997 1
-0.609060 0.123952 -1
-0.649192 0.084858 1
-0.023608 0.818269 1
-0.356267 0.390462 1
-0.199084 0.445098 1
-0.078080 0.408903 1
-0.857033 0.883568 -1
-0.732036 0.789058 1
-0.370549 0.458949 1
-0.926932 0.073139 1
-0.263784 0.451219 1
-0.027031 0.841435 1
-0.869051 0.355387 1
-0.032131 0.683071 -1
-0.925428 0.501319 1
-0.767942 0.865690 1
-0.863741 0.885705 -1
0.737707 -0.018311 1
0.778148 -0.638705 1
0.052278 -0.856620 1
0.767898 -0.211729 1
0.456016 -0.581520 1
0.832810 -0.351348 1
0.754221 -0.161158 1
0.282197 -0.356510 1
0.763917 -0.247558 1
0.951503 -0.916917 1
0.895663 -0.322473 1
0.140830 -0.561134 1
0.167224 -0.327583 1
0.428199 -0.765216 -1
0.268385 -0.511565 1
0.506394 -0.311249 1
0.732164 -0.034036 1
0.832344 -0.384313 1
0.714926 -0.441087 1
0.356654 -0.171009 1
0.275031 -0.602007 1
0.678599 -0.154876 1
0.783933 -0.102742 1
0.527976 -0.028995 1
0.805273 -0.789021 1
0.698349 -0.083888 -1
0.713733 -0.150622 1
0.504110 -0.246026 1
0.869871 -0.974691 1
0.432769 -0.160576 1
0.136205 -0.555303 1
0.103643 -0.629091 1
0.007041 -0.233504 1
0.310285 -0.305984 1
0.725513 -0.534352 1
0.786510 -0.983862 1
0.190281 -0.339208 1
0.502931 -0.935320 1
0.775349 -0.109915 1
0.756911 -0.868533 1
0.628234 -0.512631 -1
0.133012 -0.435187 1
0.417106 -0.204517 1
0.880044 -0.582448 1
0.915094 -0.065459 1
0.721036 -0.705992 1
0.704017 -0.096525 1
0.492843 -0.459789 1
0.032965 -0.815579 1
0.504889 -0.539616 1
0.634451 -0.243801 1
0.166656 -0.481282 1
0.451997 -0.433090 1
0.852121 -0.946478 1
0.077730 -0.083532 1
0.709972 -0.210306 -1
0.577519 -0.432532 1
0.499019 -0.327748 1
0.754945 -0.800796 1
0.412571 -0.495148 -1
0.136222 -0.370208 1
0.574884 -0.951298 1
0.777044 -0.360327 1
0.486544 -0.938421 1
0.906159 -0.397434 1
0.626125 -0.761188 -1
0.261125 -0.235211 1
0.182089 -0.978548 1
0.595142 -0.591808 1
0.677555 -0.999179 1
0.848438 -0.857806 1
0.620974 -0.495715 1
0.236108 -0.019080 1
0.876177 -0.565447 1
0.179725 -0.795389 -1
0.562733 -0.067649 1
0.477379 -0.827952 1
0.326613 -0.521936 1
0.881501 -0.742903 1
0.871791 -0.694875 -1
0.085956 -0.798091 1
0.502386 -0.405861 1
0.540740 -0.694553 1
0.591879 -0.636455 1
0.538850 -0.711719 1
0.300344 -0.430924 1
0.114606 -0.585296 1
0.178903 -0.692504 1
0.546357 -0.668814 1
0.246646 -0.920223 1
0.962892 -0.077379 1
0.145390 -0.817479 1
0.147677 -0.369610 1
0.364667 -0.124082 1
0.854843 -0.834268 1
0.615083 -0.883704 -1
0.210411 -0.407073 1
0.308823 -0.882598 1
0.151651 -0.255339 1
0.291260 -0.746102 1
0.707736 -0.288354 1
0.029780 -0.631705 1
0.654108 -0.236318 1
0.022109 -0.623175 1
0.216651 -0.491048 1
0.044590 -0.155772 1
0.695980 -0.499181 -1
0.478786 -0.347972 1
0.035192 -0.957476 1
0.090427 -0.557764 1
0.495746 -0.093566 1
0.761995 -0.905901 1
0.766624 -0.813232 1
0.346832 -0.129429 1
0.657023 -0.903488 1
0.732555 -0.838604 1
0.980887 -0.864366 1
0.630100 -0.239552 1
0.155384 -0.275501 1
0.484633 -0.116853 1
0.173076 -0.730290 1
0.555643 -0.801101 1
0.516817 -0.178105 1
0.934554 -0.571464 -1
0.155496 -0.649796 1
0.529889 -0.630096 1
0.117781 -0.573731 1
0.067467 -0.580288 -1
0.787108 -0.374823 1
0.576492 -0.610318 1
0.883298 -0.567325 1
0.837805 -0.791710 1
0.131324 -0.498309 -1
0.129458 -0.421201 1
0.685852 -0.789452 1
0.938060 -0.185575 -1
0.583779 -0.445824 1
0.442930 -0.339602 1
0.207416 -0.982373 1
0.390383 -0.887613 1
0.518789 -0.125486 1
0.971463 -0.672880 1
0.752801 -0.418762 1
0.218838 -0.104931 1
0.353831 -0.977788 1
0.596481 -0.578295 1
0.732226 -0.066591 1
0.599107 -0.422074 1
0.315886 -0.998777 1
0.127438 -0.373497 1
0.584308 -0.971259 -1
0.742699 -0.802496 1
0.999472 -0.490688 1
0.199488 -0.949878 1
0.545387 -0.500274 1
0.912844 -0.807829 1
0.257805 -0.217654 1
0.211379 -0.511177 1
0.021609 -0.589223 -1
0.045443 -0.903655 1
0.010339 -0.016983 1
0.627777 -0.683086 1
0.565855 -0.737878 1
0.177427 -0.066569 1
0.782663 -0.488579 1
0.758704 -0.126016 1
0.050994 -0.750322 1
0.603219 -0.709544 1
0.500964 -0.604739 1
0.832558 -0.570421 1
0.038967 -0.132478 1
0.741542 -0.940491 1
0.153097 -0.434757 1
0.089804 -0.062569 1
0.647879 -0.694317 1
0.649228 -0.921145 1
0.726985 -0.092132 1
0.781247 -0.744460 1
0.984092 -0.512407 -1
0.129729 -0.912697 1
0.376125 -0.886210 1
0.519199 -0.565678 1
0.086374 -0.792745 1
0.817955 -0.117981 1
0.849312 -0.737880 1
0.371895 -0.665772 1
0.462068 -0.537436 1
0.320750 -0.761708 1
0.668365 -0.480936 1
0.056537 -0.933964 -1
0.562431 -0.517439 1
0.023586 -0.500154 1
0.679536 -0.432608 1
0.335892 -0.093509 -1
0.448023 -0.608582 1
0.870134 -0.382277 1
0.599410 -0.918365 1
0.036160 -0.732192 1
0.885247 -0.620853 1
0.145808 -0.220044 1
0.268811 -0.593627 1
0.551177 -0.302341 -1
0.682647 -0.255641 -1
0.773572 -0.323047 1
0.685546 -0.560243 1
0.472207 -0.251504 1
0.113647 -0.811823 1
0.024899 -0.420227 1
0.505895 -0.837228 1
0.603647 -0.596190 1
0.801521 -0.217884 1
0.187955 -0.668127 1
0.746241 -0.590469 1
0.459254 -0.993001 1
0.725371 -0.940014 1
0.089748 -0.410676 1
0.730669 -0.146031 1
0.545476 -0.489476 1
0.143827 -0.397435 1
0.406833 -0.230476 1
0.168896 -0.424506 1
0.474926 -0.603133 1
0.140485 -0.164611 1
0.382550 -0.474862 1
0.210206 -0.859447 1
0.605193 -0.751777 1
0.685306 -0.768376 1
0.139828 -0.885534 1
0.161940 -0.247274 1
0.447848 -0.440427 1
0.755987 -0.101031 1
0.353243 -0.419541 1
0.203049 -0.836974 1
0.532500 -0.201193 1
0.382995 -0.576575 1
0.163359 -0.086602 1
0.108765 -0.075197 1
0.506397 -0.830409 1
0.961618 -0.937496 1
0.045721 -0.293200 1
0.948837 -0.837852 1
0.634456 -0.345010 1
0.095754 -0.480599 -1
0.367667 -0.674241 1
0.438235 -0.214425 1
0.909232 -0.249605 1
0.155710 -0.670882 1
0.522809 -0.772303 1
0.801426 -0.215048 1
0.953885 -0.025823 1
-0.196161 -0.467984 -1
-0.789181 -0.774694 -1
-0.802408 -0.129966 -1
-0.166747 -0.062634 -1
-0.794437 -0.254860 -1
-0.050981 -0.298008 -1
-0.673270 -0.011114 -1
-0.306426 -0.178523 -1
-0.369794 -0.849096 -1
-0.150046 -0.386821 -1
-0.809198 -0.923262 -1
-0.662260 -0.375820 1
-0.207912 -0.792787 1
-0.992766 -0.069817 -1
-0.912811 -0.702020 -1
-0.294633 -0.569613 -1
-0.610433 -0.101399 -1
-0.659627 -0.042516 -1
-0.423609 -0.479218 -1
-0.218931 -0.201558 -1
-0.295855 -0.503845 1
-0.162650 -0.638389 -1
-0.370597 -0.960801 -1
-0.977028 -0.926275 -1
-0.877799 -0.246194 -1
-0.591497 -0.785050 1
-0.305286 -0.461900 1
-0.436673 -0.562932 -1
-0.893088 -0.076428 -1
-0.560518 -0.185642 -1
-0.748573 -0.146702 -1
-0.085932 -0.507687 -1
-0.960650 -0.666126 1
-0.313281 -0.369813 -1
-0.943467 -0.211668 -1
-0.049434 -0.262553 -1
-0.709254 -0.190377 -1
-0.844710 -0.437805 -1
-0.776621 -0.225851 -1
-0.289634 -0.829583 -1
-0.107582 -0.449096 -1
-0.343193 -0.904727 -1
-0.262315 -0.887319 -1
-0.572242 -0.186558 -1
-0.162849 -0.183670 -1
-0.166310 -0.133133 -1
-0.875805 -0.514629 1
-0.146113 -0.002597 -1
-0.372736 -0.797276 -1
-0.104368 -0.023658 -1
-0.253769 -0.219582 -1
-0.341958 -0.685054 1
-0.076549 -0.442330 -1
-0.652105 -0.923451 -1
-0.304759 -0.166678 -1
-0.281911 -0.136396 -1
-0.750383 -0.304110 -1
-0.487375 -0.101609 -1
-0.296987 -0.781609 -1
-0.950319 -0.502760 -1
-0.233537 -0.303503 -1
-0.632845 -0.563389 -1
-0.321543 -0.065836 -1
-0.808192 -0.126628 -1
-0.837753 -0.569343 -1
-0.774581 -0.484786 -1
-0.250964 -0.712260 -1
-0.092880 -0.886934 -1
-0.573357 -0.233755 1
-0.546485 -0.892809 -1
-0.607990 -0.073758 -1
-0.380152 -0.883788 -1
-0.893873 -0.669174 -1
-0.589933 -0.644528 -1
-0.261987 -0.490526 -1
-0.521070 -0.186481 -1
-0.431035 -0.251105 1
-0.364974 -0.303953 -1
-0.863087 -0.205810 -1
-0.654899 -0.822065 -1
-0.006701 -0.914977 -1
-0.570896 -0.253993 1
-0.827838 -0.660482 -1
-0.379050 -0.769605 -1
-0.260880 -0.535642 -1
-0.641113 -0.245008 -1
-0.547609 -0.018617 -1
-0.159140 -0.851864 -1
-0.027805 -0.813279 -1
-0.862497 -0.569626 -1
-0.948497 -0.273581 -1
-0.251702 -0.253363 -1
-0.237174 -0.141402 -1
-0.793805 -0.593049 -1
-0.224517 -0.294903 -1
-0.654033 -0.035002 -1
-0.001325 -0.850095 -1
-0.972422 -0.875367 -1
-0.473867 -0.506456 -1
-0.917834 -0.973406 -1
-0.856384 -0.110736 -1
-0.841106 -0.315000 -1
-0.548529 -0.250064 -1
-0.987294 -0.362124 -1
-0.537961 -0.223886 -1
-0.333647 -0.500742 -1
-0.904511 -0.386787 -1
-0.229130 -0.524732 -1
-0.891908 -0.430079 -1
-0.944727 -0.712053 -1
-0.183124 -0.727342 -1
-0.066834 -0.160190 -1
-0.096984 -0.153495 1
-0.319069 -0.675366 -1
-0.311903 -0.163075 -1
-0.262210 -0.505546 -1
-0.394685 -0.920759 -1
-0.519385 -0.928863 -1
-0.883105 -0.990555 -1
-0.383153 -0.111512 -1
-0.788331 -0.917168 -1
-0.225420 -0.114302 -1
-0.711696 -0.790733 -1
-0.421963 -0.820530 -1
-0.647751 -0.661669 -1
-0.449157 -0.351599 -1
-0.538998 -0.254274 -1
-0.166379 -0.806132 -1
-0.982879 -0.520012 -1
-0.486700 -0.116022 -1
-0.835967 -0.791830 -1
-0.412248 -0.640111 -1
-0.591309 -0.019839 -1
-0.412367 -0.966703 1
-0.985786 -0.055493 -1
-0.558035 -0.955541 -1
-0.805045 -0.974615 1
-0.439891 -0.739510 1
-0.207668 -0.093624 -1
-0.946423 -0.037440 -1
-0.218446 -0.498355 -1
-0.709779 -0.285698 -1
-0.824846 -0.619002 -1
-0.626909 -0.660758 -1
-0.113876 -0.623672 -1
-0.254626 -0.872802 1
-0.740021 -0.446264 -1
-0.885337 -0.141798 -1
-0.986487 -0.724180 1
-0.314613 -0.548741 -1
-0.497323 -0.201735 -1
-0.405637 -0.602879 -1
-0.832429 -0.061450 -1
-0.948872 -0.012253 1
-0.136293 -0.237581 1
-0.420372 -0.275169 -1
-0.311692 -0.512096 -1
-0.370584 -0.826362 -1
-0.766925 -0.355308 -1
-0.897866 -0.058815 -1
-0.661892 -0.060934 -1
-0.293603 -0.833094 -1
-0.095483 -0.136046 -1
-0.072227 -0.451026 -1
-0.577691 -0.767708 -1
-0.169542 -0.299335 1
-0.293462 -0.545231 -1
-0.490649 -0.231947 -1
-0.351734 -0.474660 -1
-0.564926 -0.385272 -1
-0.272489 -0.303408 -1
-0.086368 -0.114948 -1
-0.010677 -0.770708 -1
-0.332895 -0.197569 -1
-0.640470 -0.676499 -1
-0.349648 -0.069541 -1
-0.912012 -0.510661 -1
-0.350294 -0.551195 -1
-0.246874 -0.079891 1
-0.221251 -0.965954 -1
-0.602797 -0.903202 -1
-0.703877 -0.725300 -1
-0.024194 -0.676121 -1
-0.883656 -0.862351 1
-0.123959 -0.679265 -1
-0.185699 -0.122189 -1
-0.923454 -0.572679 -1
-0.634211 -0.628637 -1
-0.025557 -0.842613 -1
-0.444482 -0.759820 -1
-0.697656 -0.824894 -1
-0.425262 -0.044318 -1
-0.157495 -0.271236 -1
-0.032583 -0.084862 -1
-0.831878 -0.108344 -1
-0.087565 -0.365976 -1
-0.947935 -0.729895 -1
-0.183490 -0.003964 -1
-0.075532 -0.521932 -1
-0.616642 -0.327490 1
-0.109290 -0.235476 -1
-0.370939 -0.278069 -1
-0.697255 -0.755521 -1
-0.756222 -0.348184 -1
-0.942845 -0.421067 -1
-0.738484 -0.467898 -1
-0.533381 -0.007193 -1
-0.334715 -0.959433 -1
-0.560592 -0.625182 -1
-0.562376 -0.544159 -1
-0.919038 -0.375492 -1
-0.341072 -0.507600 -1
-0.186082 -0.904904 1
-0.093607 -0.661960 -1
-0.217882 -0.855400 -1
-0.620267 -0.206649 -1
-0.052461 -0.336507 -1
-0.993387 -0.622457 -1
-0.685320 -0.133661 -1
-0.427693 -0.666067 1
-0.623829 -0.935132 -1
-0.275177 -0.802168 -1
-0.161347 -0.995285 -1
-0.072099 -0.640673 1
-0.766996 -0.532206 -1
-0.753823 -0.928058 -1
-0.272460 -0.798656 -1
-0.092495 -0.630764 -1
-0.832368 -0.414525 -1
-0.583709 -0.814755 -1
-0.805507 -0.230335 -1
-0.027600 -0.259844 -1
-0.021260 -0.830983 1
-0.384267 -0.218113 -1
-0.361258 -0.749592 -1
-0.710230 -0.449775 -1
-0.817401 -0.102192 -1
-0.651523 -0.734008 -1
-0.727946 -0.564440 -1
-0.738530 -0.833676 -1
-0.761305 -0.278363 -1
-0.529402 -0.327055 1
-0.235748 -0.689338 -1
-0.414318 -0.736842 -1
-0.360193 -0.948529 -1
-0.889275 -0.206266 -1
-0.993988 -0.639918 -1
-0.441235 -0.394616 -1
-0.083863 -0.043094 -1
-0.036591 -0.225683 -1
0.093644 0.671256 -1
0.486413 0.662065 -1
0.484261 0.576456 -1
0.232595 0.524929 -1
0.281125 0.667385 -1
0.887321 0.480558 -1
0.825340 0.790512 1
0.679010 0.181389 -1
0.384327 0.597461 -1
0.418323 0.000615 -1
0.176813 0.979470 -1
0.294098 0.692106 -1
0.168317 0.764072 -1
0.841852 0.843589 -1
0.892723 0.081310 -1
0.408757 0.040168 -1
0.281740 0.460391 -1
0.490566 0.052107 1
0.957289 0.465797 -1
0.820962 0.145032 -1
0.177048 0.606838 -1
0.673222 0.777697 -1
0.953566 0.505604 -1
0.431055 0.211440 -1
0.590443 0.621651 -1
0.730117 0.051334 -1
0.843190 0.614888 1
0.932046 0.972944 -1
0.856813 0.064968 -1
0.052022 0.358664 -1
0.734056 0.132481 -1
0.481997 0.229868 -1
0.150375 0.574384 -1
0.641161 0.065214 -1
0.631100 0.176044 -1
0.686064 0.044333 -1
0.696733 0.075652 -1
0.329885 0.755322 -1
0.502159 0.789673 1
0.041520 0.512402 -1
0.431317 0.717528 -1
0.699820 0.823148 -1
0.323420 0.170027 -1
0.065637 0.627996 -1
0.586721 0.368376 -1
0.726211 0.366440 -1
0.250190 0.156033 -1
0.732503 0.900599 -1
0.625529 0.818685 -1
0.520870 0.305401 -1
0.358182 0.598811 -1
0.801068 0.348252 -1
0.109601 0.615065 -1
0.076566 0.175366 -1
0.566349 0.251161 -1
0.885874 0.234950 -1
0.715276 0.241659 -1
0.907838 0.439012 -1
0.453044 0.183990 -1
0.007360 0.383092 -1
0.997818 0.736893 -1
0.924533 0.784710 -1
0.574127 0.606360 -1
0.838101 0.967743 -1
0.110772 0.511054 -1
0.688715 0.351992 1
0.749582 0.067915 -1
0.705273 0.406328 -1
0.576693 0.490160 -1
0.639231 0.575069 -1
0.535915 0.829589 -1
0.071945 0.964992 -1
0.380857 0.802082 -1
0.128419 0.116399 -1
0.649275 0.480365 -1
0.467435 0.528762 -1
0.467828 0.745040 -1
0.409625 0.353669 -1
0.227886 0.035575 -1
0.021600 0.486883 -1
0.583885 0.692924 -1
0.063667 0.313055 -1
0.200957 0.338090 -1
0.800001 0.503266 -1
0.123466 0.667501 -1
0.474534 0.641599 -1
0.842066 0.480774 -1
0.684630 0.049997 -1
0.481384 0.735196 -1
0.236480 0.497830 -1
0.736200 0.407824 -1
0.530208 0.185462 -1
0.301466 0.958054 -1
0.714184 0.511844 -1
0.093688 0.415353 1
0.211197 0.325376 -1
0.248924 0.332245 -1
0.973173 0.135402 -1
0.490809 0.284364 -1
0.719885 0.577250 -1
0.124149 0.279989 -1
0.280862 0.338615 -1
0.060309 0.738341 -1
0.415078 0.538110 -1
0.239308 0.398526 -1
0.566802 0.839391 -1
0.513171 0.546845 -1
0.674172 0.551154 1
0.120672 0.155056 -1
0.177885 0.164893 -1
0.380807 0.058506 -1
0.843605 0.041261 -1
0.332492 0.025052 -1
0.417068 0.539374 -1
0.185846 0.756292 -1
0.902396 0.668541 -1
0.084792 0.941425 -1
0.032257 0.122407 -1
0.293268 0.232308 -1
0.521810 0.368691 -1
0.613942 0.546583 -1
0.469079 0.083996 -1
0.172105 0.593596 -1
0.478040 0.477598 -1
0.534728 0.487523 -1
0.844707 0.371224 -1
0.233715 0.469340 -1
0.189428 0.845296 -1
0.569178 0.052918 -1
0.252671 0.944824 -1
0.897757 0.930572 1
0.121094 0.043548 -1
0.952606 0.342321 -1
0.688151 0.061499 -1
0.493485 0.517255 -1
0.849999 0.541407 -1
0.113030 0.110119 -1
0.910076 0.138535 -1
0.087797 0.895573 -1
0.983314 0.949781 -1
0.427460 0.833011 1
0.640789 0.316582 -1
0.505823 0.414663 -1
0.897332 0.439289 -1
0.207415 0.223346 -1
0.621906 0.116367 -1
0.848952 0.000292 -1
0.728697 0.776956 -1
0.530865 0.575158 -1
0.280171 0.123983 -1
0.104734 0.961250 1
0.169553 0.743402 -1
0.954021 0.828977 -1
0.177344 0.902915 -1
0.094279 0.696837 -1
0.239361 0.878038 -1
0.350305 0.282308 -1
0.458363 0.399520 -1
0.881370 0.292409 -1
0.250700 0.007143 1
0.313610 0.383400 -1
0.795258 0.159107 1
0.532704 0.301940 -1
0.713129 0.868194 1
0.227197 0.391753 1
0.783644 0.335913 -1
0.457886 0.550715 -1
0.143217 0.161592 -1
0.700407 0.281544 -1
0.876157 0.880326 -1
0.995192 0.593038 -1
0.217128 0.485183 -1
0.296606 0.592189 -1
0.856494 0.041538 -1
0.706394 0.835269 -1
0.461077 0.141176 -1
0.225598 0.148120 -1
0.150429 0.894191 -1
0.806862 0.225026 -1
0.297968 0.095141 -1
0.687103 0.886124 -1
0.363621 0.339410 -1
0.625708 0.586268 -1
0.143494 0.970229 -1
0.163272 0.881233 1
0.174360 0.594011 -1
0.211456 0.823693 -1
0.888017 0.130338 -1
0.923246 0.911656 -1
0.487328 0.547187 1
0.131142 0.898022 -1
0.067257 0.147230 -1
0.356054 0.544418 -1
0.287172 0.023327 -1
0.835663 0.133162 -1
0.986457 0.984651 -1
0.815088 0.737897 -1
0.850976 0.454168 1
0.440281 0.527083 -1
0.771345 0.147151 -1
0.176793 0.423678 -1
0.060062 0.888352 1
0.410404 0.615125 -1
0.036196 0.207663 -1
0.076209 0.411948 -1
0.617677 0.796516 -1
0.636062 0.613235 -1
0.554889 0.370702 -1
0.061329 0.874388 -1
0.437554 0.797839 1
0.393987 0.083723 1
0.428205 0.433835 -1
0.770291 0.779142 -1
0.949663 0.835700 1
0.681990 0.065087 -1
0.883724 0.036803 -1
0.653101 0.222984 -1
0.043324 0.354731 -1
0.858979 0.416852 -1
0.472913 0.284856 -1
0.803257 0.704840 -1
0.616816 0.024644 -1
0.730776 0.244946 -1
0.180073 0.855740 -1
0.490282 0.954116 -1
0.215909 0.969156 -1
0.227575 0.976535 -1
0.129064 0.739010 1
0.047783 0.496068 -1
0.106234 0.823880 -1
0.608911 0.137926 -1
0.743189 0.156234 -1
0.655371 0.900953 -1
0.667742 0.902742 -1
0.336401 0.087533 -1
0.166569 0.530162 -1
0.967047 0.141067 -1
0.433019 0.074558 -1
0.579302 0.826322 -1
0.850481 0.678102 -1
0.537665 0.108180 -1
0.376677 0.866505 -1
0.608964 0.488917 -1
0.355803 0.191156 -1
0.022496 0.430910 -1
0.822741 0.235438 1
0.070049 0.608703 -1
0.052074 0.580048 -1
0.480469 0.709448 -1
0.653411 0.336031 -1
