-0.210565 0.077616 1
-0.910952 0.076663 -1
-0.892797 0.104496 1
-0.207039 0.856052 1
-0.861659 0.134352 1
-0.832262 0.737388 1
-0.400922 0.687616 1
-0.803869 0.002574 -1
-0.771171 0.701254 1
-0.467975 0.498496 1
-0.184060 0.355380 -1
-0.732575 0.781686 -1
-0.088637 0.523694 1
-0.057127 0.188269 1
-0.143744 0.946306 -1
-0.244282 0.625919 1
-0.771957 0.025997 1
-0.015616 0.197363 1
-0.969006 0.100323 1
-0.502105 0.930782 -1
-0.442924 0.009391 1
-0.967740 0.891505 -1
-0.139317 0.966034 1
-0.117530 0.502802 -1
-0.488942 0.496560 -1
-0.580194 0.029166 1
-0.737190 0.689422 -1
-0.903739 0.987954 1
-0.938504 0.794393 1
-0.995509 0.188006 1
-0.129864 0.366694 1
-0.543264 0.151202 1
-0.748606 0.374962 1
-0.595622 0.565621 -1
-0.768994 0.663618 1
-0.519831 0.578837 -1
-0.000223 0.570577 -1
-0.028492 0.661104 1
-0.167560 0.320748 1
-0.355263 0.381373 1
-0.804764 0.498945 1
-0.977793 0.457099 1
-0.305105 0.232195 1
-0.058773 0.603980 1
-0.545621 0.898318 1
-0.783131 0.747000 -1
-0.736104 0.225897 -1
-0.048004 0.003022 1
-0.180594 0.425733 -1
-0.726422 0.142768 -1
-0.295163 0.872113 -1
-0.651499 0.232634 1
-0.510812 0.252407 1
-0.637894 0.764099 1
-0.839379 0.291071 1
-0.430935 0.335862 1
-0.514731 0.348893 -1
-0.065595 0.852006 1
-0.250501 0.659822 1
-0.258986 0.028880 1
-0.815110 0.431785 1
-0.142635 0.643459 1
-0.438017 0.791577 1
-0.541632 0.246167 -1
-0.796475 0.641301 1
-0.964380 0.167373 -1
-0.171093 0.794060 1
-0.158198 0.470313 -1
-0.939020 0.413099 -1
-0.999858 0.060825 -1
-0.067377 0.297945 1
-0.680913 0.814626 1
-0.599930 0.754202 1
-0.617912 0.543871 1
-0.123138 0.378335 -1
-0.249649 0.693490 1
-0.256346 0.389822 -1
-0.779022 0.753166 1
-0.569991 0.972557 1
-0.221570 0.667154 -1
-0.191971 0.293104 -1
-0.163489 0.733761 -1
-0.026230 0.584979 1
-0.744556 0.647278 1
-0.462576 0.767914 1
-0.809120 0.739274 1
-0.792271 0.233604 1
-0.174118 0.231610 1
-0.708318 0.426286 -1
-0.819471 0.764693 1
-0.815676 0.529189 -1
-0.872020 0.465920 1
-0.173307 0.589304 -1
-0.827040 0.586421 1
-0.825153 0.826984 1
-0.368327 0.772243 1
-0.753232 0.797717 -1
-0.273249 0.853367 -1
-0.661783 0.845699 1
-0.651408 0.633348 -1
-0.845306 0.996914 -1
-0.240977 0.627401 1
-0.705921 0.717485 1
-0.726798 0.065624 -1
-0.533889 0.462136 1
-0.188440 0.189460 -1
-0.568683 0.828304 -1
-0.787289 0.389330 1
-0.218466 0.096764 1
-0.939709 0.853692 1
-0.988842 0.336574 1
-0.168237 0.934577 1
-0.131828 0.312499 1
-0.262805 0.386583 1
-0.540698 0.156306 1
-0.688126 0.678626 1
-0.826619 0.940365 -1
-0.671460 0.404566 -1
-0.609330 0.695302 -1
-0.937153 0.775841 1
-0.126288 0.466053 -1
-0.805631 0.167206 1
-0.252744 0.935497 -1
-0.120089 0.076651 -1
-0.322690 0.105453 -1
-0.396263 0.958406 1
-0.637096 0.109101 -1
-0.846580 0.561607 -1
-0.328163 0.664151 1
-0.796978 0.523107 1
-0.809232 0.052121 1
-0.993647 0.307866 -1
-0.300742 0.069367 -1
-0.468447 0.974690 1
-0.001322 0.481684 1
-0.331040 0.963059 -1
-0.568051 0.116608 -1
-0.958974 0.720021 -1
-0.057453 0.038974 1
-0.460981 0.163960 1
-0.274812 0.277656 1
-0.812446 0.465484 -1
-0.812609 0.791680 1
-0.480964 0.785782 1
-0.226337 0.107861 1
-0.189174 0.848335 -1
-0.876470 0.291719 1
-0.198025 0.464437 1
-0.031776 0.097727 1
-0.271617 0.422109 -1
-0.951291 0.131915 -1
-0.144780 0.747703 1
-0.135791 0.273337 -1
-0.904459 0.299985 1
-0.842140 0.376267 1
-0.735134 0.638040 -1
-0.455239 0.181845 1
-0.033218 0.659915 1
-0.688354 0.512531 1
-0.552422 0.617072 -1
-0.259173 0.889316 1
-0.681385 0.446871 -1
-0.806905 0.613370 -1
-0.091101 0.745251 1
-0.762203 0.798887 -1
-0.817790 0.924486 1
-0.296968 0.887328 1
-0.387122 0.425666 1
-0.476410 0.838997 -1
-0.066937 0.942352 1
-0.628947 0.568029 1
-0.395886 0.299693 -1
-0.124269 0.251591 -1
-0.941462 0.552298 1
-0.040151 0.659022 1
-0.087308 0.426694 1
-0.031043 0.858114 1
-0.665558 0.811020 -1
-0.472500 0.517877 1
-0.036229 0.933933 1
-0.057362 0.481924 1
-0.843785 0.138773 -1
-0.852764 0.504028 -1
-0.973951 0.853965 -1
-0.013381 0.720813 1
-0.960364 0.034622 -1
-0.299611 0.738272 -1
-0.335312 0.522152 1
-0.149459 0.688061 1
-0.323653 0.529310 1
-0.429285 0.398034 -1
-0.730716 0.116605 1
-0.985767 0.849639 1
-0.721842 0.864794 1
-0.464616 0.803690 -1
-0.314359 0.060045 1
-0.309329 0.144673 1
-0.932442 0.352310 -1
-0.909336 0.858813 1
-0.941891 0.407016 -1
-0.966698 0.145562 1
-0.224019 0.829591 1
-0.552742 0.397437 1
-0.771755 0.171055 1
-0.050380 0.856536 1
-0.648695 0.372922 1
-0.005386 0.769993 -1
-0.568670 0.746286 1
-0.935830 0.963309 -1
-0.063396 0.511330 -1
-0.299374 0.994610 -1
-0.489123 0.558529 1
-0.588586 0.790219 1
-0.043824 0.167796 -1
-0.842502 0.464553 1
-0.809374 0.701051 -1
-0.239340 0.805593 1
-0.554017 0.765915 -1
-0.004525 0.721235 -1
-0.459001 0.482080 1
-0.819337 0.342187 1
-0.398442 0.541785 1
-0.639278 0.100532 -1
-0.043784 0.309523 1
-0.327420 0.565610 1
-0.569822 0.741773 1
-0.743900 0.340872 1
-0.297299 0.617751 1
-0.171296 0.441163 -1
-0.798965 0.128278 1
-0.685166 0.340055 -1
-0.434740 0.857492 1
-0.365785 0.048977 -1
-0.612061 0.515221 -1
-0.433682 0.897792 -1
-0.824457 0.254154 1
-0.778460 0.738657 -1
-0.026654 0.737139 -1
-0.261228 0.949721 -1
-0.882747 0.815932 1
-0.240971 0.358456 -1
-0.136144 0.045547 -1
-0.063588 0.513015 -1
-0.498220 0.000986 -1
-0.752216 0.432469 -1
-0.282661 0.354791 -1
-0.042476 0.020975 -1
-0.108052 0.479472 1
-0.626337 0.641149 -1
-0.107279 0.322685 -1
0.264411 -0.129993 1
0.751373 -0.146533 1
0.553348 -0.582357 1
0.458586 -0.762470 1
0.198520 -0.134188 -1
0.777267 -0.047477 1
0.545939 -0.993517 1
0.742014 -0.831387 1
0.608291 -0.466446 1
0.551871 -0.235214 -1
0.009306 -0.539551 1
0.019143 -0.863596 -1
0.766815 -0.837504 1
0.855446 -0.225606 1
0.144849 -0.484711 -1
0.198311 -0.746660 1
0.814808 -0.554023 1
0.028540 -0.414135 -1
0.471615 -0.030770 1
0.211061 -0.136546 -1
0.408909 -0.631133 1
0.348903 -0.077533 1
0.097339 -0.901212 1
0.465354 -0.367950 1
0.928965 -0.631419 1
0.639487 -0.318686 1
0.232174 -0.141060 1
0.340527 -0.832374 -1
0.506806 -0.989541 1
0.745329 -0.427083 -1
0.513981 -0.608438 -1
0.591365 -0.219218 1
0.863764 -0.843551 1
0.881523 -0.623769 1
0.795673 -0.547650 1
0.757787 -0.256580 1
0.228075 -0.959124 -1
0.987703 -0.555855 -1
0.286857 -0.794904 -1
0.826452 -0.025260 1
0.765819 -0.783023 -1
0.589780 -0.107674 -1
0.792844 -0.103661 1
0.795759 -0.516915 1
0.770352 -0.320315 1
0.351309 -0.846126 1
0.449635 -0.622823 1
0.879362 -0.891199 -1
0.014250 -0.576698 1
0.491208 -0.089473 1
0.089234 -0.497856 1
0.396447 -0.037852 -1
0.311053 -0.159319 1
0.156938 -0.884077 -1
0.078007 -0.601581 -1
0.485431 -0.225743 -1
0.649826 -0.715843 1
0.211380 -0.295938 1
0.981922 -0.889286 1
0.662108 -0.422351 -1
0.146955 -0.019673 1
0.063028 -0.624669 1
0.595837 -0.025523 1
0.305256 -0.315706 1
0.797460 -0.290300 1
0.865477 -0.212468 -1
0.134289 -0.977704 1
0.629667 -0.982708 1
0.652450 -0.564148 1
0.440872 -0.545128 -1
0.631457 -0.390668 1
0.577672 -0.174057 1
0.730794 -0.655007 -1
0.251944 -0.750711 -1
0.309235 -0.554483 -1
0.857079 -0.244662 -1
0.635558 -0.362156 1
0.384157 -0.380406 1
0.462696 -0.487344 -1
0.954561 -0.744961 1
0.622727 -0.071386 -1
0.916220 -0.552135 -1
0.673180 -0.498395 1
0.657124 -0.089138 1
0.176183 -0.636376 -1
0.144707 -0.405764 1
0.276945 -0.848991 1
0.114975 -0.107155 -1
0.005812 -0.586334 1
0.820464 -0.927649 -1
0.359082 -0.292304 1
0.938532 -0.112408 -1
0.397384 -0.052325 1
0.591140 -0.672873 1
0.435040 -0.699549 1
0.342602 -0.423415 1
0.513919 -0.796069 1
0.108145 -0.416553 1
0.601640 -0.990123 1
0.865228 -0.959764 1
0.613542 -0.914928 -1
0.723535 -0.931584 -1
0.544811 -0.932570 -1
0.795724 -0.146400 1
0.498188 -0.038193 -1
0.409447 -0.312767 -1
0.671898 -0.925773 1
0.525334 -0.134509 -1
0.331067 -0.542988 -1
0.257870 -0.757848 -1
0.011205 -0.378023 -1
0.653237 -0.666222 -1
0.069329 -0.916316 1
0.807453 -0.017009 -1
0.521908 -0.085645 1
0.219532 -0.674959 -1
0.180325 -0.421796 1
0.502097 -0.824669 -1
0.719528 -0.445531 1
0.692257 -0.829843 1
0.315392 -0.905169 -1
0.127124 -0.408111 -1
0.410606 -0.345219 -1
0.194850 -0.241910 -1
0.882280 -0.694229 1
0.650545 -0.394208 1
0.521092 -0.454579 1
0.068525 -0.212672 1
0.333852 -0.941488 -1
0.737182 -0.798133 1
0.218216 -0.511471 1
0.458322 -0.656903 1
0.039915 -0.177468 -1
0.818021 -0.994059 -1
0.259134 -0.749888 1
0.292578 -0.505601 1
0.627496 -0.219904 1
0.100227 -0.949550 1
0.026262 -0.929255 -1
0.611014 -0.690640 1
0.054385 -0.600645 1
0.940647 -0.029112 1
0.467542 -0.417104 1
0.415704 -0.893566 1
0.729160 -0.638179 -1
0.837346 -0.374187 1
0.499641 -0.808553 1
0.404128 -0.148590 -1
0.838001 -0.748735 1
0.005833 -0.886325 1
0.289449 -0.771801 1
0.829022 -0.638919 1
0.845863 -0.778581 -1
0.417874 -0.573120 1
0.494396 -0.142878 1
0.067978 -0.257156 1
0.116180 -0.337766 1
0.542428 -0.415473 1
0.404931 -0.416707 -1
0.529924 -0.842400 -1
0.287554 -0.063968 -1
0.606807 -0.833149 1
0.488637 -0.187810 -1
0.291943 -0.768832 1
0.992850 -0.117239 1
0.653364 -0.220656 -1
0.978336 -0.206711 -1
0.344535 -0.901531 1
0.658076 -0.732722 1
0.662100 -0.032376 1
0.423548 -0.109692 -1
0.906319 -0.053284 1
0.979176 -0.383450 1
0.508310 -0.012142 -1
0.668148 -0.336557 1
0.070002 -0.045527 1
0.578870 -0.092345 1
0.455691 -0.120869 1
0.508198 -0.463936 1
0.999550 -0.095063 1
0.878321 -0.750776 1
0.531340 -0.371134 -1
0.564633 -0.885063 1
0.351317 -0.078412 1
0.545394 -0.535474 -1
0.114719 -0.963337 1
0.542283 -0.701774 1
0.019239 -0.794274 -1
0.218027 -0.920499 1
0.540298 -0.098851 1
0.356561 -0.658813 -1
0.260197 -0.208435 1
0.841383 -0.895307 1
0.007005 -0.764227 -1
0.972936 -0.317705 -1
0.909376 -0.569690 1
0.711836 -0.568150 1
0.392486 -0.981551 1
0.926418 -0.778537 1
0.452744 -0.125540 1
0.202387 -0.399788 1
0.086080 -0.541932 1
0.595672 -0.580223 1
0.899682 -0.099104 1
0.553568 -0.134818 1
0.970842 -0.852375 -1
0.976042 -0.773451 1
0.218797 -0.074772 -1
0.720256 -0.986473 -1
0.114860 -0.799950 -1
0.046493 -0.834742 -1
0.704295 -0.881964 -1
0.679388 -0.987844 -1
0.460946 -0.289686 1
0.611658 -0.835410 1
0.345858 -0.909353 1
0.407065 -0.877194 1
0.831039 -0.728696 1
0.465305 -0.752201 -1
0.500417 -0.007796 -1
0.321918 -0.014783 1
0.656491 -0.506566 -1
0.923837 -0.798891 1
0.143430 -0.517419 -1
0.977583 -0.815084 1
0.701599 -0.172816 -1
0.809431 -0.497970 1
0.209340 -0.262967 1
0.686304 -0.040061 1
0.408283 -0.660159 1
0.191083 -0.658957 1
0.119601 -0.488518 -1
0.917302 -0.458878 1
0.435915 -0.949828 -1
0.321141 -0.000508 1
0.276258 -0.403517 1
0.347257 -0.515396 1
0.073824 -0.609245 -1
0.743732 -0.887614 1
0.661013 -0.755319 1
0.318264 -0.230377 1
0.315762 -0.597395 1
0.785707 -0.598166 1
0.439062 -0.125828 -1
0.913031 -0.682470 -1
0.061488 -0.815354 1
0.057485 -0.635681 -1
0.058301 -0.708284 -1
0.267916 -0.299674 1
0.936915 -0.917105 -1
-0.714984 -0.463219 1
-0.323547 -0.401338 -1
-0.672926 -0.607145 1
-0.454358 -0.162281 -1
-0.287228 -0.654914 1
-0.043731 -0.228237 -1
-0.377919 -0.020600 -1
-0.431520 -0.718401 1
-0.750248 -0.122560 1
-0.735572 -0.799123 -1
-0.591354 -0.351767 -1
-0.627008 -0.999396 1
-0.272719 -0.272702 1
-0.182607 -0.708911 -1
-0.050099 -0.138533 1
-0.730915 -0.527747 -1
-0.577524 -0.002047 1
-0.648992 -0.878860 -1
-0.982678 -0.942429 -1
-0.134083 -0.311303 -1
-0.276503 -0.739219 -1
-0.338406 -0.385421 -1
-0.251345 -0.092783 -1
-0.256141 -0.354212 1
-0.268839 -0.957983 -1
-0.529949 -0.409498 1
-0.190430 -0.751799 -1
-0.729150 -0.493714 -1
-0.922973 -0.566128 -1
-0.936448 -0.789375 -1
-0.113636 -0.482958 -1
-0.390110 -0.132436 -1
-0.452630 -0.688402 -1
-0.977775 -0.213076 1
-0.793288 -0.998550 -1
-0.241125 -0.843090 1
-0.563777 -0.393825 1
-0.495516 -0.546217 1
-0.753645 -0.335612 1
-0.323116 -0.761027 -1
-0.041314 -0.686108 1
-0.491629 -0.000986 1
-0.396756 -0.187317 1
-0.810552 -0.171420 -1
-0.015299 -0.106479 -1
-0.265632 -0.250123 -1
-0.029262 -0.517193 1
-0.833856 -0.063679 -1
-0.480956 -0.042011 -1
-0.610299 -0.980240 -1
-0.448287 -0.325046 -1
-0.428121 -0.050788 -1
-0.344189 -0.514173 1
-0.418085 -0.876789 -1
-0.850106 -0.713879 -1
-0.789685 -0.512750 1
-0.842844 -0.567549 -1
-0.844316 -0.365592 -1
-0.572924 -0.456270 1
-0.390497 -0.762025 1
-0.826530 -0.831366 -1
-0.886187 -0.147872 1
-0.094528 -0.698518 1
-0.579976 -0.156229 1
-0.429800 -0.231136 -1
-0.591071 -0.344110 1
-0.603320 -0.146528 -1
-0.877509 -0.195541 1
-0.053933 -0.470697 1
-0.550188 -0.450195 -1
-0.787293 -0.019795 -1
-0.740255 -0.726928 -1
-0.289493 -0.118371 1
-0.426567 -0.937582 1
-0.983414 -0.682195 -1
-0.022874 -0.153781 1
-0.112192 -0.996339 -1
-0.275519 -0.994685 -1
-0.206738 -0.132746 -1
-0.588489 -0.109792 1
-0.182924 -0.166324 -1
-0.360658 -0.417941 1
-0.628827 -0.316481 -1
-0.832769 -0.575401 1
-0.974448 -0.006935 -1
-0.340169 -0.392200 1
-0.307633 -0.009657 1
-0.491862 -0.101578 1
-0.686902 -0.471789 1
-0.312508 -0.837860 1
-0.401301 -0.321730 1
-0.630765 -0.835140 -1
-0.309831 -0.198700 -1
-0.512772 -0.276476 1
-0.930269 -0.394882 -1
-0.951311 -0.197798 -1
-0.192803 -0.370031 1
-0.428889 -0.821502 -1
-0.004727 -0.987842 1
-0.327496 -0.686113 1
-0.093833 -0.026225 -1
-0.372054 -0.132586 1
-0.323706 -0.531984 -1
-0.627224 -0.598506 1
-0.566746 -0.581222 1
-0.099099 -0.188486 1
-0.772122 -0.528925 -1
-0.908724 -0.534139 1
-0.273329 -0.850243 -1
-0.078357 -0.776175 -1
-0.879181 -0.511983 -1
-0.026144 -0.680289 -1
-0.463884 -0.724993 1
-0.425945 -0.876083 -1
-0.692285 -0.760048 1
-0.025775 -0.281946 -1
-0.019166 -0.254899 1
-0.062340 -0.904925 1
-0.179441 -0.620947 -1
-0.082457 -0.482032 1
-0.541020 -0.063879 -1
-0.009294 -0.346114 -1
-0.973802 -0.848378 1
-0.868058 -0.208783 1
-0.219975 -0.578717 1
-0.991875 -0.445524 -1
-0.079433 -0.302412 1
-0.258393 -0.454277 1
-0.001803 -0.547699 1
-0.232083 -0.898716 1
-0.026553 -0.737724 -1
-0.158746 -0.334907 1
-0.050422 -0.700670 -1
-0.077934 -0.704350 -1
-0.659517 -0.315706 1
-0.539090 -0.754869 -1
-0.301635 -0.656103 1
-0.481137 -0.086399 -1
-0.972332 -0.619268 -1
-0.687247 -0.491770 1
-0.476262 -0.214707 -1
-0.429503 -0.511453 -1
-0.377365 -0.510888 1
-0.673480 -0.749789 -1
-0.768788 -0.640606 -1
-0.316487 -0.663384 -1
-0.216958 -0.718336 -1
-0.386042 -0.524106 1
-0.416447 -0.628396 -1
-0.215808 -0.653573 1
-0.066384 -0.907799 -1
-0.086640 -0.579879 1
-0.226038 -0.543582 -1
-0.153940 -0.594927 1
-0.646515 -0.627992 -1
-0.344694 -0.177392 -1
-0.692349 -0.556705 1
-0.088645 -0.162699 1
-0.558689 -0.339796 1
-0.046232 -0.751103 -1
-0.146978 -0.269790 1
-0.709612 -0.617584 -1
-0.302428 -0.106656 1
-0.274432 -0.951969 1
-0.423295 -0.642005 -1
-0.899704 -0.622393 -1
-0.751301 -0.801164 1
-0.426937 -0.768225 -1
-0.752219 -0.564162 1
-0.623806 -0.206702 -1
-0.199071 -0.657168 -1
-0.117907 -0.564389 1
-0.883816 -0.890163 -1
-0.360920 -0.674626 -1
-0.907555 -0.309383 -1
-0.637230 -0.365293 -1
-0.070262 -0.794648 1
-0.433740 -0.991646 -1
-0.611539 -0.293751 1
-0.588347 -0.986222 -1
-0.994378 -0.676741 -1
-0.360076 -0.468899 -1
-0.509595 -0.956401 1
-0.595763 -0.803695 -1
-0.593358 -0.674946 1
-0.906307 -0.838576 -1
-0.897309 -0.567698 1
-0.851305 -0.667442 -1
-0.369583 -0.723145 1
-0.089569 -0.950501 -1
-0.705608 -0.644534 -1
-0.645032 -0.826025 1
-0.339907 -0.889250 -1
-0.989839 -0.638711 1
-0.656087 -0.593413 1
-0.126144 -0.495920 1
-0.499687 -0.397265 -1
-0.877569 -0.096714 -1
-0.346928 -0.549377 -1
-0.800780 -0.795154 -1
-0.904039 -0.537544 -1
-0.347180 -0.257163 1
-0.388595 -0.671017 -1
-0.491591 -0.135076 -1
-0.060392 -0.607977 1
-0.831164 -0.790190 1
-0.147995 -0.802157 -1
-0.616775 -0.436431 -1
-0.993074 -0.403376 -1
-0.464724 -0.709053 -1
-0.455107 -0.049998 1
-0.263302 -0.022899 1
-0.462133 -0.078201 1
-0.838357 -0.999624 1
-0.571622 -0.141617 -1
-0.882435 -0.606476 -1
-0.613906 -0.067303 1
-0.702997 -0.645993 -1
-0.655698 -0.573761 1
-0.479718 -0.459796 -1
-0.902713 -0.541336 -1
-0.884409 -0.661898 -1
-0.416059 -0.647053 1
-0.237342 -0.806231 -1
-0.411611 -0.507412 1
-0.506019 -0.981420 -1
-0.509693 -0.995508 1
-0.197050 -0.190853 1
-0.034935 -0.717172 -1
-0.066451 -0.449787 1
-0.384240 -0.331551 -1
-0.579427 -0.546229 -1
-0.380032 -0.422390 -1
-0.054766 -0.004361 1
-0.551424 -0.826454 -1
-0.892364 -0.940961 1
-0.517971 -0.205671 -1
-0.216421 -0.254197 -1
-0.564920 -0.102113 -1
-0.188665 -0.481474 1
-0.440088 -0.866735 -1
-0.875955 -0.560387 1
-0.692360 -0.820599 -1
-0.751937 -0.560635 -1
-0.282427 -0.567513 -1
-0.224200 -0.372989 -1
-0.940510 -0.332281 -1
-0.228088 -0.360018 -1
-0.010739 -0.970919 -1
-0.941405 -0.394499 -1
0.607421 0.150839 1
0.811843 0.966549 -1
0.684894 0.067741 1
0.505730 0.749232 -1
0.081164 0.736174 -1
0.963375 0.439055 1
0.136214 0.344832 1
0.350068 0.958584 -1
0.335153 0.379015 -1
0.574836 0.346707 -1
0.650763 0.824299 1
0.901429 0.006961 -1
0.527363 0.638085 -1
0.608481 0.546400 1
0.714951 0.830386 1
0.717713 0.604739 -1
0.253164 0.659111 1
0.459032 0.224177 -1
0.238078 0.653633 -1
0.314515 0.042899 -1
0.456065 0.477531 -1
0.359622 0.600880 -1
0.134679 0.705500 -1
0.525999 0.183568 1
0.158810 0.193105 -1
0.918007 0.543225 -1
0.671266 0.906819 -1
0.249502 0.225545 1
0.185696 0.488942 1
0.251962 0.243694 -1
0.777053 0.665104 -1
0.267976 0.686023 -1
0.210169 0.417231 1
0.100871 0.034639 -1
0.875131 0.820920 -1
0.057633 0.625566 -1
0.007582 0.913988 -1
0.676844 0.966041 -1
0.792274 0.049498 -1
0.589020 0.779711 1
0.316120 0.165935 -1
0.236162 0.427928 -1
0.172672 0.781306 -1
0.128948 0.476119 -1
0.915005 0.138826 -1
0.290747 0.808960 1
0.038614 0.141771 -1
0.894838 0.769815 -1
0.359348 0.940719 1
0.385635 0.384292 1
0.035438 0.550898 -1
0.297651 0.845915 -1
0.885674 0.923820 -1
0.657648 0.392527 -1
0.986470 0.670498 -1
0.429111 0.897970 1
0.173713 0.346886 1
0.117166 0.698492 -1
0.529214 0.897366 1
0.315201 0.127097 1
0.567536 0.311058 1
0.684253 0.872468 -1
0.475092 0.568832 -1
0.111762 0.222900 -1
0.893108 0.483974 -1
0.028547 0.991860 -1
0.571536 0.780111 1
0.043128 0.053937 1
0.883493 0.632165 1
0.057724 0.114481 -1
0.109993 0.881022 -1
0.073508 0.802419 1
0.744839 0.416620 1
0.646421 0.362494 1
0.754467 0.529790 -1
0.202088 0.070751 1
0.493351 0.962416 1
0.610634 0.368158 -1
0.429801 0.885638 1
0.375612 0.874024 1
0.893222 0.209852 1
0.449065 0.944331 -1
0.446480 0.746675 -1
0.891197 0.786126 -1
0.240310 0.481546 1
0.158172 0.607393 -1
0.205848 0.173195 1
0.124217 0.566422 1
0.765800 0.049207 1
0.688827 0.818404 1
0.027235 0.745861 1
0.901312 0.692166 1
0.268957 0.284676 -1
0.987760 0.893196 -1
0.125641 0.948406 -1
0.527880 0.521565 -1
0.536735 0.069199 -1
0.241321 0.946641 1
0.232972 0.763861 1
0.224927 0.335942 1
0.117782 0.891802 1
0.463083 0.255375 1
0.125855 0.688625 1
0.335521 0.186176 1
0.215129 0.846313 -1
0.617697 0.374959 -1
0.093264 0.701255 -1
0.327161 0.033174 -1
0.622481 0.589213 1
0.440731 0.540346 -1
0.961908 0.767669 1
0.228450 0.849861 1
0.424828 0.446999 -1
0.259375 0.087922 -1
0.413646 0.378987 1
0.640592 0.232887 1
0.061022 0.498776 1
0.621036 0.114051 -1
0.835660 0.450675 1
0.325462 0.690093 -1
0.313356 0.394294 1
0.388636 0.443403 -1
0.471702 0.880262 1
0.504133 0.557469 -1
0.942247 0.873832 -1
0.792558 0.511463 -1
0.821171 0.716187 -1
0.705624 0.183166 1
0.836100 0.850803 1
0.871175 0.943791 1
0.970769 0.499566 1
0.083390 0.642307 -1
0.126768 0.524496 -1
0.066634 0.485203 -1
0.474828 0.827170 1
0.289881 0.727172 1
0.245881 0.307233 -1
0.714497 0.139459 -1
0.178104 0.334031 -1
0.066575 0.556308 -1
0.488882 0.136156 1
0.101167 0.511625 1
0.821827 0.664699 1
0.505341 0.803332 1
0.605204 0.026492 -1
0.153163 0.695488 -1
0.002263 0.837160 -1
0.156040 0.872877 -1
0.381895 0.864350 1
0.246856 0.456866 -1
0.069548 0.804163 1
0.221071 0.839688 -1
0.882787 0.727802 -1
0.465020 0.846579 -1
0.552498 0.201359 -1
0.361168 0.733933 -1
0.337891 0.430319 1
0.907794 0.818195 1
0.096835 0.966034 1
0.959525 0.706685 -1
0.845055 0.373628 -1
0.740684 0.516217 -1
0.833952 0.981962 -1
0.555039 0.648554 -1
0.125537 0.704090 -1
0.400340 0.026334 1
0.297661 0.489147 -1
0.429299 0.693718 1
0.798804 0.236509 -1
0.262117 0.336082 -1
0.271243 0.713449 1
0.250145 0.547518 -1
0.553301 0.589965 -1
0.637547 0.586913 1
0.074650 0.558945 -1
0.099039 0.118295 -1
0.867321 0.601387 -1
0.534371 0.236554 -1
0.232193 0.543788 1
0.081119 0.099159 -1
0.917829 0.382450 1
0.608753 0.065844 -1
0.499043 0.573179 -1
0.648770 0.805907 -1
0.984775 0.829906 -1
0.642544 0.838941 -1
0.185775 0.952447 -1
0.887129 0.274151 -1
0.000089 0.938844 -1
0.794461 0.187394 -1
0.487887 0.970262 -1
0.078506 0.685541 1
0.568465 0.251374 -1
0.840085 0.933502 -1
0.233079 0.575753 1
0.142008 0.813187 1
0.996257 0.406733 1
0.468276 0.541807 -1
0.922470 0.013754 1
0.399730 0.390648 -1
0.820028 0.147273 1
0.321456 0.130248 -1
0.965636 0.480247 -1
0.431098 0.471184 -1
0.170351 0.706266 1
0.388644 0.937790 1
0.953941 0.035351 -1
0.729845 0.266896 -1
0.900381 0.808384 1
0.424799 0.027087 -1
0.057263 0.280140 -1
0.954563 0.179007 1
0.285792 0.035011 1
0.651973 0.937509 -1
0.824482 0.171489 1
0.527500 0.570822 -1
0.265770 0.293515 -1
0.473695 0.020914 -1
0.147527 0.863379 -1
0.729547 0.800748 -1
0.872567 0.977731 1
0.349277 0.994112 -1
0.823060 0.695747 1
0.739670 0.766483 -1
0.095697 0.616748 -1
0.573944 0.069010 1
0.541177 0.875694 -1
0.588177 0.347262 -1
0.962341 0.892370 1
0.768058 0.822044 -1
0.983047 0.912791 -1
0.120714 0.174106 -1
0.231298 0.501961 -1
0.623133 0.455508 1
0.110515 0.088350 -1
0.885827 0.605700 -1
0.982741 0.212023 -1
0.865271 0.545222 1
0.890048 0.524417 1
0.393823 0.539284 1
0.052666 0.531573 -1
0.591340 0.872242 -1
0.021148 0.753872 1
0.489797 0.825850 -1
0.767953 0.860580 -1
0.058885 0.903572 -1
0.958818 0.567759 -1
0.337941 0.982714 1
0.454639 0.233019 -1
0.188684 0.598756 -1
