-0.062657 0.622086 -1
-0.929715 0.544069 1
-0.711128 0.875709 1
-0.007169 0.229910 1
-0.573659 0.212645 1
-0.369169 0.604697 1
-0.529389 0.458277 1
-0.543939 0.051701 1
-0.305006 0.153206 1
-0.395603 0.968541 1
-0.926534 0.903939 1
-0.441543 0.760445 1
-0.601782 0.738859 -1
-0.286661 0.224869 1
-0.534942 0.345431 1
-0.639857 0.055407 -1
-0.195917 0.804926 1
-0.143019 0.200816 1
-0.319858 0.968997 1
-0.601080 0.831102 1
-0.617789 0.787900 1
-0.345007 0.115449 1
-0.579558 0.840975 1
-0.774948 0.888855 1
-0.219910 0.723653 1
-0.551184 0.013486 -1
-0.036544 0.653490 1
-0.539835 0.355193 1
-0.706271 0.401404 1
-0.736638 0.625038 1
-0.221167 0.065943 1
-0.054479 0.276975 1
-0.655154 0.889535 1
-0.685160 0.268724 1
-0.378555 0.430526 1
-0.713374 0.072575 1
-0.651824 0.181938 1
-0.402307 0.249400 1
-0.280579 0.066767 1
-0.698482 0.215011 1
-0.768594 0.497268 1
-0.837039 0.879397 -1
-0.799843 0.785313 1
-0.195752 0.226258 1
-0.538647 0.537573 1
-0.505639 0.898322 1
-0.784540 0.851167 1
-0.793591 0.435883 1
-0.437645 0.165743 1
-0.895515 0.894200 1
-0.211970 0.400331 1
-0.681402 0.452855 1
-0.008123 0.162284 1
-0.819373 0.836696 1
-0.801460 0.078360 1
-0.007567 0.869311 1
-0.401806 0.088765 1
-0.408342 0.675089 -1
-0.799764 0.010155 1
-0.256519 0.165951 1
-0.106318 0.208096 1
-0.873819 0.350621 1
-0.089275 0.600449 1
-0.286443 0.987812 1
-0.660497 0.411546 1
-0.342717 0.296711 -1
-0.959132 0.845277 1
-0.242141 0.026089 1
-0.125284 0.330247 1
-0.807556 0.735185 -1
-0.558790 0.460300 1
-0.896581 0.273277 1
-0.220922 0.930370 1
-0.561432 0.192159 -1
-0.468559 0.795873 1
-0.881930 0.849716 1
-0.420822 0.291357 1
-0.034490 0.400050 1
-0.507786 0.919172 1
-0.256948 0.157339 1
-0.065611 0.782474 1
-0.317554 0.612241 1
-0.996144 0.615987 1
-0.749641 0.369068 1
-0.339452 0.719111 1
-0.923725 0.639576 1
-0.450049 0.421240 1
-0.616225 0.575096 1
-0.876518 0.762458 1
-0.001965 0.024767 1
-0.364496 0.278043 1
-0.079888 0.921519 1
-0.057856 0.621696 1
-0.158023 0.973302 1
-0.365366 0.388514 1
-0.182592 0.235851 1
-0.613400 0.290639 1
-0.308994 0.419217 1
-0.951487 0.238456 1
-0.456750 0.189907 1
-0.719823 0.353904 1
-0.075809 0.058666 1
-0.066254 0.377618 1
-0.080259 0.621498 1
-0.805766 0.128450 1
-0.162487 0.058641 1
-0.802959 0.717402 1
-0.530274 0.479242 1
-0.258013 0.577264 1
-0.751102 0.289744 -1
-0.280845 0.525089 1
-0.147559 0.856713 1
-0.274906 0.023710 1
-0.705226 0.140071 1
-0.310418 0.566022 1
-0.868986 0.656998 1
-0.519882 0.427489 1
-0.988022 0.931219 1
-0.003656 0.715610 1
-0.402244 0.252717 1
-0.485307 0.781351 1
-0.759850 0.875493 1
-0.260297 0.326308 1
-0.703697 0.762717 1
-0.680267 0.064552 1
-0.112663 0.714011 1
-0.893960 0.145564 1
-0.935849 0.934959 1
-0.048484 0.794955 1
-0.642865 0.666185 1
-0.966094 0.675884 1
-0.316724 0.986640 1
-0.411749 0.448662 1
-0.372767 0.729094 -1
-0.979027 0.227075 1
-0.688058 0.905593 1
-0.351420 0.637032 1
-0.280671 0.975307 -1
-0.332756 0.997130 1
-0.535320 0.336526 1
-0.849045 0.801806 1
-0.694793 0.933915 1
-0.762472 0.023161 1
-0.835503 0.882279 1
-0.297265 0.259012 1
-0.051817 0.775923 1
-0.236703 0.742051 -1
-0.396834 0.845193 1
-0.241112 0.986401 1
-0.677565 0.540500 -1
-0.635755 0.355611 1
-0.350475 0.415410 1
-0.151956 0.437258 1
-0.150299 0.813617 -1
-0.485053 0.287140 -1
-0.062922 0.540365 1
-0.929478 0.287919 1
-0.425373 0.935055 1
-0.130366 0.672245 -1
-0.659071 0.112214 1
-0.718016 0.497026 1
-0.777115 0.286992 1
-0.207198 0.752553 1
-0.626590 0.283312 1
-0.759458 0.126831 1
-0.992204 0.850935 1
-0.245811 0.804944 1
-0.916025 0.326009 1
-0.250306 0.661558 1
-0.593636 0.983206 1
-0.363335 0.310867 1
-0.669240 0.164850 1
-0.008331 0.149247 1
-0.934462 0.879215 1
-0.399902 0.643445 1
-0.137928 0.801291 1
-0.494672 0.808769 1
-0.861892 0.770081 1
-0.106457 0.291847 1
-0.853385 0.111018 1
-0.826356 0.355660 1
-0.005646 0.871124 1
-0.389889 0.306062 1
-0.437434 0.073295 1
-0.208698 0.958031 1
-0.185811 0.405947 -1
-0.048668 0.231545 -1
-0.712939 0.633517 1
-0.471795 0.612937 1
-0.729650 0.505594 1
-0.925851 0.436061 1
-0.798845 0.456698 1
-0.818826 0.218994 1
-0.625908 0.528132 1
-0.200837 0.625418 1
-0.074230 0.432585 1
-0.389170 0.541118 1
-0.388415 0.770113 1
-0.298148 0.863509 1
-0.921950 0.804945 1
-0.585009 0.731202 1
-0.756421 0.696235 1
-0.249349 0.090378 -1
-0.073101 0.100446 1
-0.155570 0.244299 1
-0.384818 0.830750 1
-0.661739 0.536238 1
-0.337514 0.365528 1
-0.836641 0.068889 1
-0.232753 0.477855 1
-0.837552 0.091462 1
-0.273394 0.141047 1
-0.487708 0.612653 1
-0.380293 0.014592 1
-0.729389 0.268041 1
-0.686369 0.019471 1
-0.802781 0.465505 1
-0.618742 0.898482 1
-0.960074 0.159881 1
-0.906630 0.236592 -1
-0.567070 0.114926 1
-0.997252 0.986609 -1
-0.510786 0.488846 -1
-0.272110 0.192840 1
-0.917848 0.839706 1
-0.070297 0.489650 1
-0.004648 0.961493 1
-0.836187 0.959405 1
-0.166229 0.447721 1
-0.698786 0.226456 1
-0.025065 0.617234 -1
-0.138018 0.678229 1
-0.856423 0.895241 1
-0.834945 0.847058 1
-0.173043 0.989761 1
-0.628859 0.244349 1
-0.425394 0.250190 1
-0.850819 0.527588 1
-0.400838 0.244399 1
-0.703766 0.032297 -1
-0.868653 0.601019 1
-0.449037 0.681361 1
-0.894798 0.611832 1
-0.374882 0.222808 1
-0.518126 0.981137 1
-0.517181 0.659159 1
-0.377854 0.455900 1
-0.156875 0.586262 1
-0.828456 0.574909 1
-0.168430 0.355080 -1
0.494782 -0.950138 1
0.818935 -0.608306 1
0.244580 -0.189245 1
0.859269 -0.293158 1
0.502519 -0.715623 -1
0.559682 -0.317187 -1
0.968164 -0.827023 1
0.418152 -0.947573 1
0.661386 -0.222400 1
0.190769 -0.962769 1
0.469825 -0.291142 1
0.717254 -0.498076 1
0.998792 -0.568079 1
0.865328 -0.448774 1
0.783765 -0.104410 -1
0.925605 -0.806636 1
0.665474 -0.486512 1
0.907115 -0.667953 1
0.237886 -0.705136 1
0.891343 -0.641306 1
0.097289 -0.909241 -1
0.990049 -0.910332 1
0.404576 -0.287923 1
0.798197 -0.055923 1
0.980720 -0.931642 1
0.659012 -0.052542 1
0.829319 -0.492021 -1
0.452123 -0.059103 1
0.010482 -0.302836 1
0.639002 -0.296926 1
0.880412 -0.004151 -1
0.224369 -0.630495 -1
0.349126 -0.958805 1
0.146337 -0.955990 1
0.968931 -0.952725 1
0.327275 -0.088021 1
0.903506 -0.628025 1
0.591081 -0.737990 1
0.485147 -0.671395 1
0.034309 -0.196563 1
0.233870 -0.323663 1
0.903549 -0.778174 -1
0.996710 -0.917798 1
0.431948 -0.636567 1
0.754617 -0.580590 1
0.065676 -0.445437 1
0.804294 -0.382746 1
0.906456 -0.605617 1
0.288108 -0.832670 1
0.930246 -0.525769 -1
0.580690 -0.568728 -1
0.450628 -0.387914 -1
0.908144 -0.080540 1
0.698257 -0.691287 1
0.901851 -0.461646 1
0.847989 -0.012012 1
0.591493 -0.338539 1
0.596088 -0.873467 1
0.573106 -0.670797 1
0.571577 -0.077353 1
0.732117 -0.570820 1
0.938096 -0.683166 1
0.633870 -0.257064 1
0.960644 -0.185675 1
0.024831 -0.392295 1
0.774595 -0.877742 1
0.337769 -0.673662 1
0.344351 -0.456508 1
0.215908 -0.750668 1
0.752525 -0.187757 1
0.907040 -0.176064 1
0.147361 -0.991529 1
0.866164 -0.858244 1
0.202606 -0.680673 1
0.757332 -0.797234 1
0.106164 -0.617804 1
0.554301 -0.737001 1
0.256529 -0.566641 1
0.040304 -0.156633 1
0.593905 -0.861147 1
0.234583 -0.936667 -1
0.405585 -0.107813 1
0.817023 -0.431913 1
0.849683 -0.021547 1
0.623789 -0.746390 1
0.218031 -0.188331 -1
0.375649 -0.884047 1
0.817438 -0.481971 1
0.378868 -0.687467 1
0.891407 -0.543563 1
0.075878 -0.067854 1
0.569914 -0.824656 1
0.369934 -0.643123 1
0.719970 -0.803172 1
0.400920 -0.785892 1
0.661212 -0.768903 1
0.562150 -0.320584 1
0.316053 -0.991641 1
0.169312 -0.517141 1
0.008561 -0.278691 1
0.605984 -0.268610 1
0.697238 -0.500612 1
0.321606 -0.890548 1
0.208292 -0.740530 1
0.646686 -0.001691 1
0.289725 -0.177072 1
0.754016 -0.013362 1
0.577712 -0.537685 1
0.682939 -0.897602 1
0.043246 -0.408450 1
0.480799 -0.769847 1
0.078099 -0.602022 1
0.861926 -0.044078 1
0.896877 -0.661545 1
0.207624 -0.892358 1
0.667504 -0.301261 1
0.989561 -0.210876 1
0.701147 -0.434021 1
0.890094 -0.461867 1
0.236843 -0.724201 1
0.025265 -0.133766 1
0.351855 -0.331839 1
0.632103 -0.809153 1
0.540494 -0.989627 1
0.908901 -0.968611 1
0.401378 -0.852206 1
0.984619 -0.526891 -1
0.331890 -0.578757 1
0.931027 -0.896021 1
0.090073 -0.015556 1
0.411589 -0.188973 1
0.704045 -0.371603 -1
0.304372 -0.250661 1
0.553446 -0.701513 1
0.308724 -0.233872 1
0.396046 -0.105054 1
0.698243 -0.008508 1
0.771706 -0.266916 1
0.009097 -0.929536 1
0.446675 -0.092644 1
0.274039 -0.752646 1
0.075082 -0.583457 1
0.493414 -0.976210 1
0.067572 -0.125367 1
0.716296 -0.355093 1
0.823756 -0.473436 1
0.365488 -0.684820 1
0.283276 -0.338485 1
0.215475 -0.981844 -1
0.571565 -0.661420 -1
0.468925 -0.657221 1
0.938601 -0.526428 1
0.409573 -0.423244 -1
0.743571 -0.339001 1
0.145201 -0.477006 1
0.316355 -0.989051 1
0.651583 -0.403704 -1
0.388328 -0.637787 1
0.224475 -0.742416 1
0.381694 -0.467606 1
0.394323 -0.843386 1
0.871423 -0.455196 1
0.110589 -0.424915 1
0.305179 -0.606093 1
0.967907 -0.569500 1
0.516871 -0.375971 -1
0.919477 -0.265683 1
0.646297 -0.181545 1
0.324254 -0.557362 1
0.169096 -0.809105 1
0.707357 -0.551350 1
0.171318 -0.956236 -1
0.360862 -0.108036 1
0.177028 -0.663725 -1
0.192867 -0.252725 1
0.816309 -0.858191 1
0.616990 -0.966356 1
0.969678 -0.165591 1
0.356604 -0.379259 1
0.644781 -0.263717 -1
0.180822 -0.331052 1
0.935752 -0.699096 1
0.677674 -0.506109 -1
0.672871 -0.264171 1
0.614208 -0.048545 1
0.349022 -0.499870 1
0.855771 -0.569359 1
0.698158 -0.060749 1
0.268893 -0.787475 1
0.514563 -0.912338 1
0.071387 -0.703782 1
0.461554 -0.979232 1
0.864489 -0.680797 -1
0.255115 -0.077946 1
0.008092 -0.453154 1
0.174769 -0.174400 1
0.903986 -0.802997 1
0.447412 -0.839776 -1
0.456822 -0.631925 1
0.115042 -0.245694 1
0.013023 -0.456541 1
0.682719 -0.743553 1
0.585618 -0.074509 -1
0.043357 -0.758764 1
0.966172 -0.291993 1
0.238076 -0.247176 1
0.968108 -0.884915 1
0.514622 -0.105127 1
0.129029 -0.813897 1
0.719778 -0.929128 1
0.383871 -0.920133 1
0.298245 -0.450735 1
0.408925 -0.595003 1
0.720137 -0.067912 1
0.716224 -0.098594 1
0.576815 -0.294655 1
0.576334 -0.909907 1
0.846925 -0.783371 1
0.689525 -0.484305 1
0.813827 -0.733128 1
0.335783 -0.403398 1
0.066007 -0.285323 1
0.007219 -0.395657 1
0.251505 -0.825127 1
0.020828 -0.119403 1
0.026040 -0.044556 1
0.112025 -0.885285 1
0.332922 -0.601522 1
0.752369 -0.384851 1
0.297809 -0.354410 -1
0.199270 -0.907665 1
0.638867 -0.253216 1
0.947149 -0.689864 1
0.985394 -0.703039 1
0.787540 -0.139460 1
0.195049 -0.471304 1
0.708030 -0.700305 1
0.619288 -0.285854 1
0.346923 -0.999802 1
0.375189 -0.578068 1
0.198882 -0.468110 1
0.266584 -0.061727 1
0.177427 -0.793742 1
0.142509 -0.928835 1
0.718320 -0.243219 1
0.332423 -0.579163 1
0.293194 -0.376549 1
0.445451 -0.309134 1
0.553502 -0.570952 1
0.565533 -0.797943 1
-0.201922 -0.189319 1
-0.517068 -0.874716 -1
-0.404557 -0.672082 -1
-0.528225 -0.749968 -1
-0.553702 -0.456289 -1
-0.419812 -0.652872 -1
-0.677118 -0.738320 -1
-0.561768 -0.019086 -1
-0.460717 -0.254015 -1
-0.745882 -0.234188 -1
-0.941473 -0.811099 -1
-0.862468 -0.139343 -1
-0.601381 -0.714665 -1
-0.703815 -0.363539 -1
-0.575397 -0.487015 -1
-0.558830 -0.897686 -1
-0.384493 -0.771622 -1
-0.136050 -0.990206 -1
-0.638169 -0.172897 -1
-0.409855 -0.036536 1
-0.840201 -0.345973 -1
-0.147801 -0.385044 -1
-0.147490 -0.864964 -1
-0.003713 -0.584354 -1
-0.312722 -0.055972 -1
-0.434085 -0.426316 -1
-0.163210 -0.329935 -1
-0.413792 -0.308946 -1
-0.486150 -0.198248 -1
-0.671089 -0.291381 1
-0.668763 -0.125996 -1
-0.120272 -0.343625 -1
-0.539700 -0.142008 -1
-0.069587 -0.040589 -1
-0.652071 -0.333611 1
-0.970132 -0.349663 1
-0.149513 -0.818810 -1
-0.868662 -0.501606 -1
-0.728566 -0.195544 -1
-0.314137 -0.339431 -1
-0.704858 -0.146950 -1
-0.622097 -0.644048 -1
-0.642173 -0.702652 1
-0.747047 -0.284957 -1
-0.145632 -0.222335 -1
-0.492773 -0.365616 -1
-0.086994 -0.097341 -1
-0.640470 -0.839283 -1
-0.802233 -0.950222 -1
-0.302084 -0.312875 1
-0.354084 -0.513963 1
-0.053015 -0.774721 -1
-0.173526 -0.840255 -1
-0.597807 -0.868993 -1
-0.681994 -0.663336 -1
-0.027421 -0.794137 -1
-0.554575 -0.382456 -1
-0.165973 -0.948732 -1
-0.906424 -0.484208 -1
-0.521784 -0.560687 -1
-0.814398 -0.101661 -1
-0.848475 -0.039539 -1
-0.851146 -0.065063 -1
-0.433082 -0.486793 -1
-0.981237 -0.151524 -1
-0.532859 -0.944362 -1
-0.145942 -0.464014 -1
-0.685033 -0.488016 -1
-0.092440 -0.939706 -1
-0.043262 -0.239630 -1
-0.628578 -0.125980 -1
-0.305072 -0.470136 1
-0.657856 -0.256037 -1
-0.530029 -0.448849 1
-0.948199 -0.004999 -1
-0.852420 -0.497887 -1
-0.759175 -0.528049 -1
-0.960396 -0.148471 -1
-0.113601 -0.503244 -1
-0.180357 -0.652642 -1
-0.748901 -0.613255 -1
-0.157604 -0.053175 -1
-0.397830 -0.264383 -1
-0.330582 -0.149027 -1
-0.991056 -0.818748 -1
-0.616479 -0.728596 -1
-0.471634 -0.523831 -1
-0.032456 -0.623014 -1
-0.152528 -0.586197 -1
-0.627588 -0.078961 -1
-0.612472 -0.940573 -1
-0.720148 -0.761229 -1
-0.529122 -0.981779 1
-0.159785 -0.516137 -1
-0.712374 -0.211373 -1
-0.315180 -0.712106 -1
-0.667849 -0.165311 -1
-0.737988 -0.688306 -1
-0.460619 -0.187831 -1
-0.612629 -0.539855 -1
-0.372154 -0.714334 -1
-0.774643 -0.503539 -1
-0.564605 -0.143813 -1
-0.580293 -0.117381 -1
-0.690890 -0.349658 -1
-0.654100 -0.834393 -1
-0.008058 -0.596554 -1
-0.432152 -0.068219 -1
-0.287384 -0.232881 -1
-0.616057 -0.664913 -1
-0.452087 -0.803684 -1
-0.174857 -0.005149 -1
-0.714302 -0.790219 -1
-0.011464 -0.488586 -1
-0.867459 -0.197902 -1
-0.130950 -0.051695 -1
-0.590376 -0.860363 -1
-0.348217 -0.138147 -1
-0.247443 -0.269352 1
-0.352473 -0.373907 1
-0.044007 -0.193160 -1
-0.024227 -0.073723 -1
-0.086546 -0.739721 -1
-0.925981 -0.547265 -1
-0.136342 -0.569865 -1
-0.610552 -0.418808 -1
-0.307914 -0.271246 -1
-0.936308 -0.692206 -1
-0.816582 -0.636609 -1
-0.449678 -0.462658 -1
-0.077503 -0.846101 -1
-0.488936 -0.646730 -1
-0.564371 -0.653017 -1
-0.950745 -0.478270 -1
-0.909751 -0.248116 1
-0.099074 -0.328384 1
-0.667514 -0.107639 -1
-0.624004 -0.841361 1
-0.713804 -0.766634 -1
-0.194577 -0.717150 -1
-0.588003 -0.763273 -1
-0.546439 -0.197626 -1
-0.326323 -0.367636 -1
-0.210990 -0.644363 -1
-0.472402 -0.216699 -1
-0.739126 -0.465588 -1
-0.960229 -0.512640 -1
-0.438671 -0.642057 -1
-0.115288 -0.291423 -1
-0.442717 -0.097673 -1
-0.419718 -0.717944 -1
-0.040610 -0.412576 -1
-0.532845 -0.172526 1
-0.872559 -0.000518 -1
-0.213874 -0.520296 -1
-0.473725 -0.009242 -1
-0.634272 -0.866087 -1
-0.774498 -0.515293 -1
-0.988292 -0.281825 -1
-0.155933 -0.181913 -1
-0.247028 -0.658175 -1
-0.825260 -0.579049 -1
-0.171689 -0.713794 -1
-0.123697 -0.709805 -1
-0.058902 -0.652307 -1
-0.943733 -0.381792 -1
-0.704249 -0.358050 -1
-0.975992 -0.661522 -1
-0.156820 -0.838476 -1
-0.135235 -0.779890 -1
-0.340036 -0.707572 1
-0.071937 -0.516659 -1
-0.756476 -0.123809 -1
-0.859343 -0.688676 -1
-0.992989 -0.186617 1
-0.330470 -0.821707 -1
-0.129001 -0.370249 -1
-0.955755 -0.877651 -1
-0.740140 -0.344538 -1
-0.129377 -0.978057 -1
-0.938269 -0.565241 -1
-0.980647 -0.414393 -1
-0.797485 -0.048597 -1
-0.736371 -0.690020 -1
-0.841888 -0.009266 -1
-0.786550 -0.163916 -1
-0.864932 -0.276176 -1
-0.765538 -0.609782 -1
-0.416496 -0.238908 -1
-0.694398 -0.919929 -1
-0.557985 -0.059698 -1
-0.563888 -0.871748 -1
-0.517356 -0.415114 -1
-0.006363 -0.044073 1
-0.537971 -0.724144 -1
-0.293772 -0.797209 1
-0.201366 -0.895454 -1
-0.913523 -0.281172 -1
-0.693823 -0.470612 1
-0.650559 -0.518871 -1
-0.683295 -0.247848 1
-0.361666 -0.937974 -1
-0.670902 -0.597535 -1
-0.725234 -0.153620 -1
-0.723257 -0.270132 -1
-0.146143 -0.982337 -1
-0.061330 -0.854663 -1
-0.783155 -0.514197 -1
-0.091365 -0.092309 -1
-0.269144 -0.054851 -1
-0.565883 -0.058850 -1
-0.893158 -0.933219 -1
-0.365231 -0.168056 1
-0.951214 -0.398211 -1
-0.390039 -0.549909 1
-0.496435 -0.524317 1
-0.280962 -0.743317 -1
-0.202206 -0.045544 -1
-0.541308 -0.649709 -1
-0.539904 -0.979472 -1
-0.857939 -0.199154 -1
-0.490567 -0.187193 -1
-0.714930 -0.875591 -1
-0.290786 -0.812852 -1
-0.704731 -0.093414 -1
-0.508916 -0.808307 -1
-0.537452 -0.521992 -1
-0.106711 -0.750471 -1
-0.989809 -0.830607 -1
-0.557169 -0.574210 -1
-0.661795 -0.802555 -1
-0.306850 -0.395418 -1
-0.742015 -0.607996 1
-0.640422 -0.247601 -1
-0.204651 -0.547778 -1
-0.026635 -0.542885 -1
-0.169542 -0.018527 -1
-0.835821 -0.257838 -1
-0.687431 -0.093475 -1
-0.459443 -0.953201 -1
-0.338693 -0.588819 -1
-0.884117 -0.048724 -1
-0.852349 -0.597737 -1
-0.882327 -0.570691 -1
-0.505293 -0.400017 -1
-0.491693 -0.912773 -1
-0.022443 -0.379248 -1
-0.261375 -0.050466 -1
-0.176192 -0.131685 -1
-0.390886 -0.796030 -1
0.273767 0.596092 -1
0.741839 0.200812 -1
0.531363 0.300515 -1
0.098086 0.307400 -1
0.675636 0.045329 -1
0.750519 0.672930 -1
0.455981 0.116156 -1
0.789092 0.529697 -1
0.587881 0.642734 -1
0.847397 0.319524 -1
0.423557 0.493194 -1
0.968199 0.986331 -1
0.192188 0.654560 -1
0.331458 0.619980 -1
0.812433 0.194420 -1
0.549857 0.219700 -1
0.833291 0.585110 -1
0.566836 0.334827 -1
0.089313 0.792310 -1
0.700570 0.616492 -1
0.061997 0.252520 1
0.589849 0.000960 -1
0.141874 0.586817 -1
0.993935 0.188472 -1
0.255230 0.062872 -1
0.408218 0.682197 1
0.749630 0.338506 1
0.152382 0.722279 -1
0.809870 0.241279 -1
0.257536 0.845196 -1
0.958302 0.250376 -1
0.087694 0.861843 -1
0.924631 0.147416 -1
0.993950 0.873692 -1
0.863787 0.943626 -1
0.928734 0.558247 -1
0.699213 0.064857 -1
0.326070 0.751306 -1
0.962837 0.298904 -1
0.576372 0.847595 -1
0.720287 0.494112 -1
0.116097 0.237032 -1
0.936821 0.171330 -1
0.106883 0.822787 -1
0.232723 0.045804 -1
0.486983 0.986954 -1
0.726186 0.571583 -1
0.335616 0.929633 1
0.880572 0.077972 -1
0.975270 0.299925 -1
0.816715 0.222710 -1
0.970442 0.858849 -1
0.858209 0.258602 -1
0.066440 0.795807 -1
0.924349 0.930177 -1
0.123625 0.149585 -1
0.094778 0.284062 -1
0.931626 0.908145 -1
0.853756 0.711491 -1
0.353023 0.550010 -1
0.858752 0.751645 -1
0.647817 0.285105 -1
0.414922 0.577801 -1
0.838899 0.010525 -1
0.260643 0.786807 -1
0.007042 0.425542 -1
0.130163 0.142511 -1
0.382708 0.728121 -1
0.908576 0.024932 -1
0.866484 0.459821 1
0.383329 0.517245 -1
0.800724 0.692748 -1
0.317215 0.480898 -1
0.620748 0.518093 -1
0.499512 0.241101 -1
0.384746 0.525827 -1
0.202310 0.281148 -1
0.048537 0.542765 -1
0.402721 0.216759 -1
0.105351 0.647772 -1
0.404541 0.856448 1
0.517898 0.559419 -1
0.265688 0.879756 -1
0.635670 0.685641 -1
0.504993 0.417674 1
0.526426 0.419627 -1
0.020152 0.106088 -1
0.373044 0.820751 -1
0.419974 0.390757 -1
0.540019 0.273947 -1
0.502491 0.163350 -1
0.943814 0.221419 -1
0.560762 0.247313 -1
0.821346 0.399831 -1
0.669156 0.835429 -1
0.524635 0.962312 1
0.669747 0.609821 -1
0.605120 0.332321 -1
0.066739 0.035432 -1
0.483083 0.514313 -1
0.518579 0.625036 -1
0.493761 0.188105 -1
0.169876 0.693813 -1
0.337583 0.420287 1
0.769891 0.333034 -1
0.364170 0.484781 -1
0.494480 0.033862 -1
0.392510 0.311123 -1
0.496860 0.236678 -1
0.868751 0.051840 -1
0.627394 0.028168 -1
0.256973 0.585342 -1
0.724621 0.687424 -1
0.319367 0.997296 -1
0.530489 0.574062 -1
0.889805 0.767989 -1
0.647156 0.601192 -1
0.542499 0.362142 -1
0.437076 0.708496 -1
0.185086 0.462462 -1
0.543685 0.261703 -1
0.571637 0.502137 -1
0.830009 0.674661 1
0.847751 0.438985 -1
0.410890 0.195161 -1
0.428506 0.547593 -1
0.814093 0.291651 -1
0.720331 0.551458 -1
0.994968 0.913980 -1
0.809750 0.797256 -1
0.156960 0.207926 -1
0.370148 0.372227 -1
0.307820 0.774482 1
0.569527 0.366167 -1
0.512695 0.114180 -1
0.035592 0.981073 -1
0.811371 0.415441 -1
0.483146 0.820376 -1
0.355287 0.627983 -1
0.048427 0.779143 -1
0.433733 0.822293 -1
0.340299 0.045356 1
0.537144 0.374133 -1
0.017735 0.592669 -1
0.340424 0.501557 -1
0.878135 0.841208 -1
0.478256 0.235235 -1
0.173035 0.893492 -1
0.532023 0.921932 -1
0.986254 0.950009 -1
0.410042 0.427624 -1
0.130696 0.514457 -1
0.302360 0.342423 -1
0.650794 0.448540 -1
0.372645 0.773645 -1
0.704366 0.822998 -1
0.274433 0.745606 -1
0.495168 0.186070 -1
0.632447 0.405447 -1
0.843286 0.544506 -1
0.627276 0.543331 1
0.128416 0.569031 -1
0.943154 0.671064 -1
0.268046 0.608728 -1
0.879657 0.046450 -1
0.754785 0.103583 1
0.322593 0.831304 -1
0.221857 0.146656 -1
0.655672 0.921826 -1
0.227905 0.508383 1
0.314842 0.125475 -1
0.905985 0.604679 -1
0.421567 0.019972 -1
0.673725 0.612865 -1
0.673617 0.459403 -1
0.771227 0.822843 -1
0.859172 0.917580 -1
0.596548 0.506441 -1
0.394567 0.291047 -1
0.755635 0.745922 -1
0.939743 0.841599 -1
0.747879 0.670352 -1
0.239397 0.420837 -1
0.934431 0.567424 -1
0.177278 0.090063 -1
0.276849 0.785554 -1
0.251283 0.243466 -1
0.368053 0.263441 -1
0.302154 0.277788 -1
0.443288 0.593610 -1
0.452057 0.883597 -1
0.337498 0.834815 -1
0.927716 0.552083 -1
0.714203 0.641495 -1
0.126167 0.490169 -1
0.520903 0.612952 -1
0.359868 0.733746 -1
0.170463 0.412151 -1
0.705177 0.857548 -1
0.020968 0.775136 -1
0.275824 0.960915 -1
0.912835 0.930921 -1
0.486955 0.132789 -1
0.696823 0.789043 -1
0.179350 0.541660 -1
0.243640 0.674904 -1
0.436989 0.407299 -1
0.133002 0.722014 -1
0.409048 0.253091 -1
0.967566 0.478235 -1
0.311469 0.311200 -1
0.864140 0.992233 -1
0.576788 0.900340 -1
0.777901 0.584236 -1
0.064539 0.322317 -1
0.543638 0.987562 -1
0.333143 0.742965 -1
0.068791 0.832008 -1
0.550408 0.076467 -1
0.390405 0.658739 1
0.675504 0.607571 -1
0.884993 0.218837 -1
0.992466 0.206060 -1
0.828643 0.291751 -1
0.566917 0.687708 1
0.590029 0.673139 -1
0.258928 0.228365 -1
0.632153 0.954731 -1
0.597283 0.930160 1
0.827229 0.518404 -1
0.563568 0.596623 -1
0.985057 0.344866 -1
0.742226 0.754934 -1
0.862915 0.719690 -1
0.380259 0.908885 -1
0.346736 0.919399 -1
0.087002 0.935292 -1
0.578832 0.745105 -1
0.121155 0.964654 -1
0.245903 0.757639 1
0.404831 0.228617 -1
0.651589 0.716524 -1
0.204312 0.173589 -1
0.568480 0.513648 -1
0.655463 0.702891 -1
0.142214 0.282252 -1
0.157814 0.053176 -1
0.838487 0.477437 -1
0.052793 0.891809 -1
0.432968 0.740922 -1
