-0.810837 0.258556 1
-0.152417 0.390257 1
-0.958859 0.993141 1
-0.288833 0.379185 1
-0.644497 0.607886 -1
-0.199185 0.100631 1
-0.140525 0.490991 1
-0.133934 0.114920 1
-0.948666 0.662696 -1
-0.110031 0.538972 1
-0.375227 0.899079 -1
-0.946627 0.745802 1
-0.776728 0.504654 1
-0.552270 0.398711 1
-0.828638 0.584197 1
-0.815407 0.608849 1
-0.514694 0.458536 -1
-0.567647 0.154912 1
-0.148438 0.736451 -1
-0.321538 0.047559 1
-0.224252 0.232460 1
-0.137434 0.819217 1
-0.958322 0.053838 1
-0.849863 0.929087 1
-0.336165 0.526782 1
-0.620587 0.134415 1
-0.890258 0.822526 1
-0.852751 0.510690 1
-0.905512 0.290999 1
-0.869853 0.180668 1
-0.359058 0.285303 1
-0.951940 0.509804 1
-0.178278 0.381009 -1
-0.914216 0.429071 1
-0.372518 0.036307 1
-0.781437 0.603865 1
-0.273059 0.885976 1
-0.922093 0.608080 1
-0.922144 0.899606 1
-0.788090 0.706524 1
-0.940226 0.406290 1
-0.299879 0.671898 -1
-0.508942 0.263338 1
-0.557398 0.099677 1
-0.834447 0.594045 1
-0.544141 0.853894 1
-0.186119 0.109971 1
-0.259400 0.090690 1
-0.188884 0.564632 1
-0.786728 0.023702 1
-0.758056 0.278465 1
-0.546263 0.291939 1
-0.315427 0.081158 1
-0.133760 0.107309 -1
-0.487859 0.980678 -1
-0.138360 0.810880 1
-0.623348 0.706738 1
-0.918649 0.527881 1
-0.599711 0.842789 1
-0.582265 0.822111 1
-0.462241 0.421952 1
-0.498147 0.769133 1
-0.716924 0.433425 -1
-0.664541 0.033360 -1
-0.170106 0.038980 1
-0.177914 0.127004 1
-0.343016 0.241041 1
-0.340295 0.697819 1
-0.749219 0.364698 1
-0.629605 0.560207 1
-0.188098 0.770912 1
-0.418667 0.697141 1
-0.737225 0.073007 -1
-0.016687 0.548049 1
-0.877021 0.419539 1
-0.335822 0.106148 1
-0.583875 0.652826 -1
-0.333375 0.727318 1
-0.187643 0.986857 1
-0.092444 0.149690 1
-0.748829 0.766361 1
-0.586806 0.801134 1
-0.847241 0.336805 1
-0.289979 0.932206 1
-0.316708 0.342433 1
-0.226916 0.208684 1
-0.298625 0.701184 -1
-0.770394 0.432491 1
-0.867472 0.162223 1
-0.791225 0.187017 1
-0.060691 0.235023 1
-0.025273 0.056747 1
-0.611807 0.154715 1
-0.417439 0.405467 -1
-0.471239 0.278594 1
-0.305158 0.216600 1
-0.793983 0.171478 1
-0.038986 0.153087 1
-0.205051 0.236679 1
-0.649832 0.212563 -1
-0.687099 0.336600 1
-0.560123 0.711803 -1
-0.434863 0.278326 1
-0.791724 0.347347 1
-0.756632 0.516718 1
-0.609240 0.807050 1
-0.415582 0.947038 1
-0.063633 0.391339 1
-0.827903 0.941060 1
-0.487715 0.874478 1
-0.216161 0.470735 1
-0.197618 0.295444 1
-0.129363 0.979638 1
-0.171679 0.326565 1
-0.583162 0.939289 1
-0.645595 0.949140 -1
-0.687940 0.918131 1
-0.810738 0.261909 1
-0.402859 0.062552 1
-0.502945 0.554443 1
-0.948706 0.615856 1
-0.323005 0.895623 1
-0.791435 0.195198 -1
-0.616414 0.538165 1
-0.189018 0.261168 1
-0.081164 0.417428 1
-0.653386 0.480487 1
-0.903764 0.452728 -1
-0.006330 0.541312 1
-0.792841 0.061546 1
-0.018676 0.094099 1
-0.498652 0.999101 1
-0.469561 0.102209 1
-0.142544 0.241985 1
-0.581641 0.012062 1
-0.479654 0.124487 1
-0.172415 0.732141 1
-0.776393 0.374244 -1
-0.521159 0.309626 1
-0.398840 0.261638 1
-0.224719 0.975569 1
-0.951491 0.629547 1
-0.591030 0.973125 1
-0.104450 0.718542 1
-0.894195 0.247012 1
-0.813229 0.782559 1
-0.816448 0.332743 1
-0.849195 0.782384 -1
-0.066717 0.745682 1
-0.506398 0.316319 1
-0.013278 0.197100 1
-0.343802 0.484960 1
-0.547904 0.289744 1
-0.391281 0.984759 1
-0.982838 0.843827 1
-0.020269 0.352051 -1
-0.365821 0.937515 -1
-0.858628 0.666470 1
-0.704826 0.989515 1
-0.139633 0.154820 1
-0.691557 0.664994 1
-0.516639 0.369502 -1
-0.189716 0.962289 1
-0.541365 0.232125 -1
-0.486741 0.404945 -1
-0.985637 0.706587 -1
-0.406966 0.342109 1
-0.539604 0.271272 1
-0.272780 0.023092 1
-0.735235 0.291115 1
-0.585848 0.577754 1
-0.243039 0.442040 1
-0.611038 0.262892 -1
-0.523849 0.920465 1
-0.354422 0.485571 -1
-0.207923 0.922250 1
-0.328775 0.057361 -1
-0.527518 0.508233 1
-0.756635 0.415364 1
-0.286509 0.907197 1
-0.709495 0.436260 -1
-0.270511 0.413912 1
-0.344015 0.341085 1
-0.208985 0.161897 1
-0.958069 0.738875 1
-0.663438 0.109371 -1
-0.420449 0.001586 -1
-0.381399 0.182139 1
-0.585802 0.067025 1
-0.372787 0.895592 1
-0.226725 0.348496 1
-0.274665 0.505511 1
-0.575208 0.549341 1
-0.977906 0.208514 1
-0.049861 0.515561 1
-0.794956 0.339915 1
-0.228434 0.605137 1
-0.159767 0.737582 1
-0.736913 0.732049 1
-0.549946 0.737720 1
-0.144702 0.032892 -1
-0.845233 0.604293 1
-0.821226 0.609259 1
-0.926158 0.949278 -1
-0.371728 0.544626 1
-0.040624 0.949858 1
-0.149843 0.993910 1
-0.093906 0.812479 1
-0.782541 0.511723 -1
-0.495839 0.854103 1
-0.728370 0.025650 1
-0.172342 0.018430 -1
-0.465207 0.868143 -1
-0.068387 0.799194 1
-0.974676 0.793740 1
-0.734517 0.571247 1
-0.199745 0.666803 1
-0.772883 0.081687 1
-0.064549 0.769160 1
-0.238883 0.236120 1
-0.077767 0.331448 1
-0.441880 0.208454 1
-0.873770 0.831966 1
-0.629520 0.950119 1
-0.553071 0.773199 1
-0.575587 0.655575 1
-0.322946 0.441118 1
-0.618844 0.965249 -1
-0.417736 0.765093 1
-0.965941 0.876842 1
-0.109016 0.449632 1
-0.632570 0.327423 1
-0.865183 0.127933 1
-0.967167 0.364067 1
-0.670689 0.136740 1
-0.127456 0.484530 1
-0.767633 0.895381 -1
-0.379340 0.657746 1
-0.978480 0.382462 1
-0.369718 0.500586 1
-0.839052 0.511412 1
-0.932868 0.045848 1
-0.882465 0.416295 1
-0.293889 0.892835 1
-0.166093 0.376650 1
-0.796605 0.684159 1
-0.075725 0.580197 1
-0.679270 0.730874 1
-0.348235 0.573923 1
-0.858368 0.105254 1
0.866717 -0.596444 -1
0.950379 -0.464506 1
0.068288 -0.187855 1
0.629726 -0.763644 -1
0.623652 -0.832918 1
0.608272 -0.080902 1
0.530069 -0.731719 1
0.394926 -0.316089 1
0.970595 -0.648053 -1
0.290432 -0.884879 -1
0.955327 -0.124716 -1
0.699821 -0.928215 1
0.520806 -0.732410 1
0.819028 -0.537450 1
0.593447 -0.525084 -1
0.833336 -0.741627 1
0.878281 -0.756528 1
0.979804 -0.228367 1
0.126407 -0.157592 1
0.681053 -0.091764 1
0.192621 -0.366070 1
0.241108 -0.845830 1
0.159048 -0.444371 1
0.633714 -0.296874 1
0.235779 -0.089660 1
0.002876 -0.013510 -1
0.689404 -0.578456 1
0.136353 -0.301241 1
0.377483 -0.138904 1
0.479667 -0.392421 -1
0.211062 -0.681130 1
0.724650 -0.592686 -1
0.041192 -0.615555 1
0.439355 -0.325260 1
0.962121 -0.596315 1
0.924021 -0.640125 1
0.694803 -0.908820 1
0.846882 -0.736944 -1
0.370064 -0.345682 -1
0.245998 -0.536378 -1
0.701145 -0.590638 1
0.108735 -0.698629 1
0.995331 -0.295670 1
0.942075 -0.570386 1
0.809805 -0.571716 -1
0.900482 -0.335558 1
0.668865 -0.630377 1
0.413710 -0.096408 1
0.559147 -0.772519 1
0.754497 -0.006310 1
0.387624 -0.424242 1
0.213477 -0.383271 1
0.100238 -0.454422 1
0.690922 -0.496909 -1
0.004072 -0.433904 -1
0.009248 -0.149172 -1
0.876760 -0.160449 1
0.380782 -0.728121 1
0.743124 -0.508076 1
0.575551 -0.771888 1
0.782631 -0.926355 1
0.066172 -0.909151 1
0.625403 -0.848493 1
0.149246 -0.312777 1
0.956481 -0.509202 -1
0.199216 -0.290390 1
0.317897 -0.353397 1
0.848913 -0.058061 -1
0.991107 -0.546772 1
0.234636 -0.277350 1
0.455955 -0.504252 1
0.832855 -0.246753 1
0.844400 -0.099293 1
0.012939 -0.702050 1
0.117374 -0.047013 1
0.650668 -0.112336 1
0.777703 -0.807633 1
0.945002 -0.530752 1
0.750802 -0.331978 1
0.718972 -0.806505 1
0.545733 -0.343779 -1
0.138881 -0.643629 -1
0.038344 -0.875949 1
0.028998 -0.701354 -1
0.289046 -0.663570 1
0.924693 -0.379637 -1
0.222066 -0.509211 1
0.680718 -0.513405 1
0.707574 -0.635611 1
0.388125 -0.380207 1
0.258381 -0.664096 1
0.961558 -0.650983 1
0.267835 -0.516397 -1
0.789917 -0.166477 1
0.331573 -0.931150 1
0.081015 -0.586826 1
0.274161 -0.230304 1
0.710208 -0.377850 1
0.932667 -0.602075 -1
0.160916 -0.928898 1
0.282266 -0.191568 1
0.420567 -0.817864 1
0.576554 -0.681778 -1
0.145328 -0.554834 1
0.822399 -0.697215 1
0.842323 -0.248361 -1
0.640617 -0.785813 -1
0.147254 -0.913406 -1
0.606515 -0.558312 1
0.397810 -0.120138 1
0.374629 -0.179029 -1
0.516750 -0.633443 1
0.184835 -0.577352 1
0.313319 -0.973137 1
0.147990 -0.698004 1
0.275536 -0.908435 1
0.365662 -0.387624 1
0.879388 -0.277371 1
0.047575 -0.004679 -1
0.202136 -0.000555 1
0.808123 -0.282233 1
0.183233 -0.901103 1
0.017080 -0.491283 1
0.928468 -0.912128 -1
0.475545 -0.054833 1
0.089884 -0.423842 1
0.712769 -0.391332 1
0.360627 -0.274285 1
0.881467 -0.520087 1
0.152994 -0.540128 -1
0.737497 -0.949997 1
0.479344 -0.142517 1
0.630810 -0.873601 1
0.516903 -0.357687 1
0.705536 -0.176087 -1
0.452707 -0.210112 1
0.911130 -0.404797 1
0.269575 -0.708776 -1
0.593383 -0.886294 1
0.296403 -0.722209 1
0.346822 -0.476952 1
0.635087 -0.180001 1
0.360645 -0.820523 -1
0.679542 -0.525367 1
0.213023 -0.712012 1
0.578903 -0.052161 1
0.034248 -0.930838 1
0.135803 -0.719147 1
0.713503 -0.377706 1
0.684260 -0.022061 1
0.257768 -0.913713 1
0.541406 -0.106859 -1
0.597121 -0.124920 1
0.716259 -0.569774 -1
0.707245 -0.310899 1
0.359988 -0.114712 1
0.169971 -0.119229 -1
0.353255 -0.916680 1
0.746852 -0.089278 1
0.849697 -0.393907 1
0.476087 -0.213724 -1
0.372557 -0.457272 -1
0.694906 -0.254025 1
0.481946 -0.392561 1
0.777266 -0.572037 1
0.252480 -0.638234 1
0.154854 -0.712035 1
0.629534 -0.059951 1
0.412535 -0.644436 -1
0.749493 -0.539005 -1
0.257407 -0.752278 1
0.551578 -0.074955 1
0.449354 -0.493800 1
0.518012 -0.306930 -1
0.355394 -0.667761 1
0.882609 -0.094399 -1
0.815759 -0.716583 1
0.133485 -0.268768 1
0.703992 -0.483724 1
0.539022 -0.273177 1
0.507596 -0.690784 -1
0.713218 -0.220720 -1
0.730948 -0.007302 1
0.617416 -0.832072 -1
0.440368 -0.144800 1
0.926785 -0.945606 1
0.424786 -0.635315 1
0.189603 -0.811927 1
0.509889 -0.887165 1
0.493599 -0.136840 -1
0.100001 -0.387856 1
0.125275 -0.022271 -1
0.679104 -0.722143 1
0.142500 -0.963636 1
0.489975 -0.083057 1
0.185619 -0.383323 1
0.132923 -0.474518 1
0.073914 -0.126646 1
0.742266 -0.727276 1
0.891571 -0.908332 -1
0.071727 -0.103357 1
0.263362 -0.906077 1
0.908348 -0.515270 -1
0.718692 -0.151023 1
0.905593 -0.558125 -1
0.035762 -0.348577 1
0.058218 -0.952557 1
0.223666 -0.508722 1
0.625145 -0.158101 1
0.275927 -0.510844 -1
0.541463 -0.431726 -1
0.843365 -0.701157 1
0.716292 -0.230335 1
0.310688 -0.297286 -1
0.628752 -0.441308 1
0.034143 -0.247347 1
0.106167 -0.555822 -1
0.726679 -0.784157 1
0.258913 -0.356299 1
0.875999 -0.981757 -1
0.910237 -0.547417 1
0.384067 -0.988366 -1
0.997517 -0.228825 1
0.712840 -0.602893 1
0.106246 -0.982789 1
0.810232 -0.632494 1
0.829618 -0.711223 1
0.787212 -0.238176 1
0.478419 -0.090936 1
0.160152 -0.417886 1
0.236432 -0.539853 1
0.221890 -0.241499 -1
0.122287 -0.172895 1
0.654808 -0.530718 -1
0.310305 -0.225433 1
0.961423 -0.299493 1
0.050471 -0.518758 1
0.169018 -0.027038 1
0.426844 -0.504708 1
0.585146 -0.516023 1
0.167294 -0.173176 -1
0.057167 -0.537551 1
0.346786 -0.976433 1
0.437527 -0.497368 -1
0.478279 -0.738935 1
0.326434 -0.737436 1
0.340883 -0.434656 1
0.692714 -0.841511 1
0.734352 -0.091958 -1
0.662289 -0.897712 1
-0.722701 -0.720922 1
-0.346320 -0.070169 -1
-0.268879 -0.701623 -1
-0.097366 -0.521826 -1
-0.680674 -0.256805 1
-0.586953 -0.043849 1
-0.460019 -0.712969 -1
-0.806489 -0.633912 -1
-0.601110 -0.610351 -1
-0.149247 -0.782915 -1
-0.865519 -0.654114 -1
-0.831962 -0.178262 -1
-0.198687 -0.554946 -1
-0.524984 -0.435499 -1
-0.804652 -0.575986 -1
-0.268813 -0.540199 -1
-0.504671 -0.877731 -1
-0.063545 -0.946448 -1
-0.219823 -0.794531 -1
-0.798159 -0.263866 1
-0.624776 -0.449953 -1
-0.556133 -0.247848 -1
-0.870979 -0.790619 -1
-0.230551 -0.663241 1
-0.710462 -0.528493 -1
-0.652510 -0.870603 -1
-0.122545 -0.787510 -1
-0.357799 -0.235776 -1
-0.398362 -0.367177 -1
-0.024989 -0.260056 -1
-0.360406 -0.433516 -1
-0.323547 -0.739001 -1
-0.389349 -0.287632 -1
-0.840699 -0.142228 -1
-0.545609 -0.740075 1
-0.257894 -0.342674 -1
-0.192496 -0.888386 1
-0.126471 -0.748698 -1
-0.896769 -0.194840 -1
-0.425689 -0.642096 -1
-0.126940 -0.009786 -1
-0.678749 -0.149701 -1
-0.073738 -0.063695 -1
-0.720702 -0.855809 -1
-0.434620 -0.547398 -1
-0.166926 -0.882703 -1
-0.518532 -0.009261 -1
-0.118585 -0.472778 -1
-0.619612 -0.813195 -1
-0.078001 -0.748837 -1
-0.863395 -0.477250 -1
-0.603766 -0.770037 -1
-0.453798 -0.568818 -1
-0.158517 -0.059383 -1
-0.782617 -0.549516 1
-0.753319 -0.612442 -1
-0.067687 -0.335505 -1
-0.211992 -0.153419 -1
-0.404932 -0.592416 1
-0.312128 -0.797006 -1
-0.255183 -0.950220 1
-0.512403 -0.495974 1
-0.553746 -0.414324 -1
-0.761017 -0.458436 -1
-0.472929 -0.562016 -1
-0.643033 -0.945728 -1
-0.865659 -0.993539 -1
-0.449474 -0.304247 -1
-0.923595 -0.535445 -1
-0.039192 -0.059197 -1
-0.735516 -0.165260 -1
-0.663661 -0.665512 -1
-0.924197 -0.284918 1
-0.895164 -0.598790 -1
-0.703588 -0.696070 -1
-0.211792 -0.533082 -1
-0.001966 -0.180702 -1
-0.580094 -0.236985 -1
-0.386884 -0.708263 -1
-0.733877 -0.565105 -1
-0.446133 -0.447778 -1
-0.907814 -0.922279 1
-0.283467 -0.838833 -1
-0.830339 -0.644500 -1
-0.033162 -0.337472 -1
-0.051377 -0.041611 1
-0.982502 -0.921233 -1
-0.483332 -0.771000 1
-0.931993 -0.959271 -1
-0.973358 -0.093297 -1
-0.455176 -0.485953 -1
-0.968187 -0.026815 1
-0.879424 -0.178968 -1
-0.285364 -0.187834 -1
-0.679340 -0.667888 1
-0.122159 -0.508365 -1
-0.880835 -0.857054 -1
-0.974646 -0.197430 -1
-0.566815 -0.125602 -1
-0.748295 -0.853497 -1
-0.069400 -0.231635 -1
-0.185732 -0.126085 -1
-0.394243 -0.045196 -1
-0.264455 -0.058972 -1
-0.945070 -0.222533 -1
-0.615260 -0.868059 -1
-0.127268 -0.718616 -1
-0.167937 -0.715516 1
-0.209632 -0.387245 -1
-0.043328 -0.602454 -1
-0.254786 -0.816800 -1
-0.096841 -0.364903 -1
-0.268711 -0.175016 -1
-0.040432 -0.306943 -1
-0.191196 -0.327959 -1
-0.063832 -0.683898 -1
-0.174628 -0.836513 -1
-0.661354 -0.667514 -1
-0.142018 -0.405376 -1
-0.908176 -0.771459 -1
-0.723008 -0.495064 -1
-0.118030 -0.511826 1
-0.711009 -0.868246 -1
-0.184812 -0.286328 -1
-0.483603 -0.259676 -1
-0.304749 -0.691430 -1
-0.968050 -0.574279 1
-0.260556 -0.991768 -1
-0.033603 -0.876373 -1
-0.280417 -0.729111 1
-0.723001 -0.871498 -1
-0.981445 -0.142808 1
-0.896619 -0.085928 -1
-0.683448 -0.854067 1
-0.606209 -0.818128 -1
-0.536738 -0.222800 -1
-0.742345 -0.179018 -1
-0.228600 -0.624471 1
-0.436351 -0.903952 1
-0.221282 -0.951305 -1
-0.573407 -0.074334 1
-0.931431 -0.840307 1
-0.296126 -0.280824 -1
-0.088248 -0.333476 -1
-0.816755 -0.921237 1
-0.430579 -0.184187 1
-0.864258 -0.192859 -1
-0.188972 -0.146030 1
-0.735433 -0.428049 -1
-0.125577 -0.870462 -1
-0.057182 -0.804872 -1
-0.234078 -0.964504 -1
-0.184525 -0.619042 -1
-0.388680 -0.300876 -1
-0.587788 -0.252956 -1
-0.095122 -0.457882 -1
-0.958983 -0.438819 -1
-0.438685 -0.793696 -1
-0.304103 -0.766465 -1
-0.104823 -0.625744 1
-0.499917 -0.414914 -1
-0.047549 -0.550947 -1
-0.534093 -0.692801 -1
-0.712244 -0.266979 -1
-0.135343 -0.799859 1
-0.219538 -0.582155 1
-0.844909 -0.775392 -1
-0.702675 -0.032082 -1
-0.371414 -0.119943 -1
-0.679328 -0.586644 -1
-0.587954 -0.753080 -1
-0.152557 -0.772114 -1
-0.429051 -0.099860 -1
-0.749112 -0.569718 1
-0.680816 -0.113628 1
-0.719431 -0.367402 1
-0.028543 -0.326564 -1
-0.876210 -0.965466 -1
-0.655608 -0.406340 1
-0.383278 -0.686417 -1
-0.390431 -0.182446 -1
-0.663067 -0.847898 -1
-0.750701 -0.136371 -1
-0.853172 -0.650303 -1
-0.976668 -0.454442 -1
-0.903309 -0.898286 -1
-0.161796 -0.568010 -1
-0.321830 -0.910105 -1
-0.863245 -0.078875 -1
-0.264202 -0.026562 -1
-0.572359 -0.696439 -1
-0.320478 -0.797076 -1
-0.911626 -0.450569 -1
-0.024013 -0.597673 -1
-0.460171 -0.237042 1
-0.921810 -0.540290 -1
-0.637746 -0.135649 -1
-0.614262 -0.723811 -1
-0.861103 -0.053171 1
-0.205234 -0.067049 -1
-0.929776 -0.234869 1
-0.139782 -0.081018 -1
-0.554281 -0.908531 -1
-0.595257 -0.230303 -1
-0.186084 -0.254074 1
-0.603463 -0.832685 -1
-0.254632 -0.169463 -1
-0.592331 -0.835815 -1
-0.280682 -0.546752 -1
-0.861664 -0.623602 -1
-0.219104 -0.527434 -1
-0.185113 -0.605983 -1
-0.046255 -0.501394 -1
-0.939114 -0.424796 -1
-0.225134 -0.056466 -1
-0.094732 -0.263441 -1
-0.310609 -0.501199 -1
-0.469712 -0.357405 -1
-0.669860 -0.451332 -1
-0.528454 -0.179892 -1
-0.979574 -0.740493 -1
-0.516214 -0.386032 1
-0.253427 -0.581744 -1
-0.024763 -0.251188 -1
-0.950169 -0.720786 -1
-0.694466 -0.737913 -1
-0.606257 -0.889602 -1
-0.047438 -0.302724 1
-0.555363 -0.966031 -1
-0.181618 -0.506242 -1
-0.429590 -0.486258 -1
-0.556825 -0.214161 1
-0.859065 -0.870461 -1
-0.481708 -0.796086 -1
-0.659542 -0.523324 1
-0.039505 -0.952277 1
-0.881169 -0.941545 -1
-0.107967 -0.503611 -1
-0.970374 -0.121929 1
-0.678236 -0.998134 -1
-0.478180 -0.807520 1
-0.109279 -0.343866 1
-0.930616 -0.099346 -1
-0.823678 -0.212706 1
-0.491911 -0.173461 1
-0.299894 -0.586495 1
-0.897717 -0.563466 -1
-0.541645 -0.571673 -1
-0.179657 -0.791687 1
-0.570204 -0.434439 -1
0.198584 0.538228 -1
0.759908 0.376576 -1
0.921668 0.522339 -1
0.068727 0.771660 -1
0.311687 0.899824 -1
0.583152 0.990506 1
0.081400 0.194620 -1
0.143843 0.632373 -1
0.013812 0.790779 -1
0.571910 0.572495 -1
0.569587 0.084896 -1
0.361987 0.591288 -1
0.736765 0.670749 -1
0.839815 0.991310 -1
0.102867 0.001178 -1
0.812615 0.375692 -1
0.160629 0.378104 -1
0.663608 0.922341 -1
0.641948 0.070419 -1
0.358056 0.508331 1
0.645352 0.576861 -1
0.986085 0.945072 -1
0.473259 0.305395 -1
0.973137 0.329308 -1
0.958780 0.253161 -1
0.856307 0.491651 -1
0.879016 0.515988 -1
0.502311 0.815090 -1
0.562299 0.488434 -1
0.894381 0.169382 -1
0.031416 0.238669 -1
0.728103 0.386025 -1
0.747482 0.254510 -1
0.006601 0.926167 -1
0.943240 0.112123 -1
0.404434 0.472046 -1
0.493593 0.638310 -1
0.994583 0.246335 1
0.362370 0.523891 -1
0.367204 0.906362 -1
0.895841 0.979049 -1
0.780513 0.236404 -1
0.368689 0.132027 -1
0.625702 0.154477 -1
0.168552 0.179378 -1
0.826127 0.403041 -1
0.945295 0.183261 1
0.323462 0.066938 -1
0.670664 0.337669 -1
0.282448 0.540458 -1
0.086353 0.320189 -1
0.531597 0.219405 -1
0.331174 0.128008 -1
0.750607 0.241890 -1
0.290475 0.660393 -1
0.694637 0.029741 -1
0.803670 0.849115 -1
0.180728 0.891805 1
0.007634 0.054296 1
0.402373 0.929990 1
0.733565 0.142556 -1
0.128267 0.893608 -1
0.415972 0.206643 1
0.515427 0.534344 -1
0.673162 0.551296 -1
0.796197 0.832105 1
0.103717 0.000111 -1
0.417102 0.116634 -1
0.469698 0.122766 -1
0.802446 0.756117 -1
0.007924 0.266481 -1
0.239776 0.555816 -1
0.430260 0.083352 1
0.809814 0.451449 1
0.233634 0.424420 -1
0.413408 0.654503 -1
0.874037 0.821077 -1
0.066833 0.582272 -1
0.605396 0.096058 1
0.362924 0.754406 -1
0.039523 0.982934 -1
0.211909 0.100686 -1
0.426067 0.733423 -1
0.706563 0.887614 -1
0.162792 0.388652 -1
0.933128 0.391519 1
0.067511 0.827035 -1
0.633479 0.620184 -1
0.191472 0.634390 1
0.472726 0.259461 1
0.756383 0.087740 -1
0.597277 0.889795 -1
0.080427 0.761321 -1
0.369045 0.496221 -1
0.122826 0.353286 -1
0.328381 0.192284 -1
0.629315 0.357740 -1
0.641373 0.248667 -1
0.711683 0.760844 1
0.649926 0.010542 1
0.503173 0.224906 -1
0.635590 0.885473 -1
0.936270 0.676829 -1
0.653023 0.056647 -1
0.983703 0.320440 -1
0.950385 0.072018 -1
0.320759 0.078346 1
0.540272 0.943976 -1
0.084147 0.618594 -1
0.644784 0.249696 -1
0.526772 0.231986 -1
0.321565 0.309876 -1
0.787759 0.737372 1
0.764088 0.509780 -1
0.969691 0.281683 1
0.633751 0.131911 -1
0.976674 0.159865 -1
0.375434 0.991110 -1
0.797732 0.364213 -1
0.443359 0.059714 -1
0.095884 0.005949 -1
0.605882 0.686607 -1
0.930570 0.622974 -1
0.549410 0.555861 -1
0.346867 0.527572 -1
0.187757 0.152320 -1
0.194658 0.421006 -1
0.639546 0.677630 -1
0.186257 0.836553 -1
0.431964 0.780116 -1
0.119587 0.526319 -1
0.438317 0.023797 1
0.876363 0.013064 -1
0.712582 0.866997 1
0.593006 0.873478 -1
0.769950 0.110113 -1
0.833249 0.202049 -1
0.393022 0.413302 -1
0.837941 0.354516 -1
0.954750 0.739239 -1
0.931010 0.435237 -1
0.605494 0.088522 -1
0.840761 0.551135 -1
0.918509 0.282392 -1
0.457417 0.938923 -1
0.097311 0.844300 -1
0.541911 0.487814 -1
0.110308 0.875032 1
0.505458 0.394645 -1
0.356510 0.418088 1
0.834085 0.517897 1
0.993164 0.309444 -1
0.412542 0.275562 -1
0.896654 0.966729 -1
0.391104 0.421508 -1
0.191195 0.596970 1
0.563407 0.115178 -1
0.548943 0.901753 -1
0.086560 0.284620 -1
0.424683 0.217395 -1
0.109982 0.387688 -1
0.107664 0.654667 -1
0.093238 0.146614 -1
0.103964 0.544279 -1
0.944474 0.825528 1
0.398185 0.949133 -1
0.824229 0.058975 -1
0.571906 0.062613 -1
0.105114 0.583464 -1
0.272185 0.452643 -1
0.824223 0.825461 -1
0.114560 0.694504 -1
0.749205 0.790158 -1
0.585668 0.623442 1
0.111274 0.124896 -1
0.253427 0.723644 -1
0.926631 0.664280 -1
0.350834 0.920053 1
0.460024 0.492301 -1
0.830368 0.590292 -1
0.354871 0.683364 -1
0.803607 0.836608 1
0.763031 0.571051 1
0.932984 0.737401 -1
0.351864 0.536060 -1
0.052817 0.488398 -1
0.586140 0.699550 -1
0.083139 0.040717 -1
0.651317 0.210004 -1
0.432009 0.658426 -1
0.400080 0.809916 -1
0.021023 0.412924 -1
0.016125 0.341499 -1
0.126507 0.444184 1
0.454752 0.941783 -1
0.271233 0.692576 -1
0.247173 0.501725 -1
0.298312 0.221450 -1
0.550384 0.500547 -1
0.716605 0.612040 1
0.356959 0.363950 -1
0.723677 0.878917 -1
0.794578 0.970420 1
0.823494 0.199918 -1
0.969525 0.150140 -1
0.628843 0.347352 -1
0.726957 0.403125 1
0.377427 0.098369 -1
0.337413 0.429758 1
0.041802 0.317928 -1
0.831831 0.128078 -1
0.575953 0.557666 -1
0.961611 0.780669 -1
0.379525 0.875029 -1
0.655789 0.909787 1
0.076745 0.469749 -1
0.559870 0.295989 -1
0.069950 0.014163 -1
0.226330 0.047624 -1
0.467685 0.245551 -1
0.731529 0.294144 -1
0.930936 0.779705 -1
0.783035 0.914613 -1
0.715468 0.730433 -1
0.732942 0.885959 -1
0.941873 0.433326 -1
0.570091 0.636490 -1
0.776339 0.136361 -1
0.056728 0.321347 -1
0.803607 0.795175 -1
0.868864 0.763923 -1
0.177400 0.841822 1
0.752699 0.560933 -1
0.950409 0.415620 -1
0.989606 0.999511 -1
0.927363 0.857096 -1
0.381627 0.886443 -1
0.483947 0.521830 -1
0.757964 0.605226 -1
0.490698 0.220676 1
0.195713 0.727805 -1
0.989638 0.650691 -1
0.147080 0.374863 1
0.464514 0.349815 -1
0.703649 0.562440 -1
0.003709 0.418307 1
0.506754 0.080213 -1
0.591556 0.332250 -1
0.515025 0.851971 1
0.304916 0.031071 1
