-0.324436 0.162341 1
-0.705539 0.473384 1
-0.343613 0.194536 1
-0.732303 0.188816 1
-0.579386 0.875729 1
-0.609353 0.323923 1
-0.952618 0.061973 1
-0.241610 0.855262 1
-0.682965 0.137147 1
-0.169906 0.721502 1
-0.284560 0.787832 1
-0.414860 0.179508 1
-0.465961 0.862246 1
-0.790684 0.944909 1
-0.672488 0.175238 1
-0.607022 0.353943 1
-0.489385 0.705880 1
-0.124598 0.851215 1
-0.941538 0.884643 1
-0.183105 0.276836 1
-0.982728 0.899628 1
-0.766214 0.520057 1
-0.923775 0.891530 1
-0.872945 0.629702 1
-0.509985 0.038466 1
-0.517814 0.566255 1
-0.931483 0.541198 1
-0.464206 0.137982 -1
-0.942274 0.641291 1
-0.252687 0.285227 1
-0.672352 0.440679 1
-0.406880 0.711448 1
-0.238639 0.191089 1
-0.097850 0.346371 1
-0.469305 0.338172 1
-0.467027 0.455810 1
-0.505299 0.644089 1
-0.679478 0.460857 1
-0.527488 0.255892 1
-0.782411 0.387655 1
-0.207129 0.072850 1
-0.608168 0.006411 1
-0.139349 0.641960 1
-0.855353 0.547244 1
-0.938277 0.790044 1
-0.523388 0.294012 -1
-0.007150 0.494272 1
-0.907264 0.969260 1
-0.738618 0.594370 1
-0.201261 0.309450 1
-0.962468 0.300405 1
-0.006342 0.256025 1
-0.696412 0.234232 1
-0.522538 0.875111 -1
-0.232791 0.416555 1
-0.384234 0.581040 1
-0.140573 0.789596 1
-0.314842 0.399392 1
-0.898558 0.811557 1
-0.632138 0.311021 1
-0.561274 0.343379 1
-0.164538 0.199172 -1
-0.509806 0.257574 1
-0.587263 0.062061 1
-0.619198 0.808941 1
-0.080743 0.449544 1
-0.637155 0.502821 1
-0.390073 0.414815 1
-0.759312 0.636158 1
-0.329069 0.308532 1
-0.184520 0.483350 1
-0.794336 0.001929 1
-0.632208 0.452496 1
-0.027961 0.584084 1
-0.060259 0.534739 1
-0.160437 0.296486 1
-0.524736 0.415704 1
-0.693744 0.540410 1
-0.465228 0.650673 1
-0.564472 0.035487 1
-0.729611 0.026311 1
-0.817729 0.157183 1
-0.524467 0.360741 1
-0.866746 0.120109 1
-0.318428 0.753539 1
-0.018576 0.752502 1
-0.866223 0.348828 1
-0.097427 0.782130 1
-0.818895 0.051173 -1
-0.217032 0.994911 1
-0.893338 0.071369 1
-0.486144 0.055894 -1
-0.211408 0.170133 1
-0.730856 0.364310 1
-0.736073 0.882690 1
-0.295763 0.587211 1
-0.499871 0.466624 1
-0.481093 0.009806 1
-0.747069 0.522341 1
-0.968569 0.967864 1
-0.479215 0.457513 -1
-0.576996 0.668712 1
-0.340320 0.179829 -1
-0.704504 0.770103 1
-0.962140 0.383705 -1
-0.642014 0.021248 1
-0.535710 0.757678 1
-0.620352 0.566872 1
-0.934022 0.620094 1
-0.913867 0.284788 1
-0.134373 0.833074 1
-0.586643 0.734820 1
-0.018842 0.406113 1
-0.408519 0.904313 1
-0.861516 0.922942 1
-0.484435 0.586706 1
-0.983214 0.144111 1
-0.516789 0.794075 1
-0.228220 0.236893 -1
-0.836545 0.860835 1
-0.982318 0.042994 1
-0.725868 0.785348 1
-0.157250 0.845666 1
-0.038099 0.625255 1
-0.345943 0.249009 1
-0.465025 0.590191 1
-0.237019 0.837994 1
-0.895304 0.253596 1
-0.979675 0.707879 -1
-0.858017 0.146655 1
-0.695182 0.413846 1
-0.819144 0.581905 1
-0.620909 0.836747 1
-0.510332 0.075779 1
-0.704119 0.507340 1
-0.788405 0.346049 1
-0.922609 0.542166 1
-0.989408 0.707855 1
-0.896495 0.290313 1
-0.519609 0.828261 1
-0.886953 0.893117 1
-0.777957 0.120754 1
-0.373766 0.914015 1
-0.114217 0.546227 1
-0.546089 0.396119 1
-0.547859 0.219025 1
-0.412413 0.656700 1
-0.735781 0.515801 1
-0.667202 0.500751 1
-0.553365 0.471043 1
-0.388622 0.612234 1
-0.497502 0.716739 1
-0.046009 0.774442 1
-0.521041 0.860923 1
-0.885320 0.176635 1
-0.038400 0.128374 1
-0.934814 0.893580 1
-0.308485 0.745278 1
-0.900706 0.981480 1
-0.121657 0.150031 1
-0.366578 0.638714 1
-0.409600 0.200492 1
-0.776324 0.878028 1
-0.993177 0.550604 1
-0.777183 0.158626 1
-0.291178 0.336714 1
-0.800060 0.599405 -1
-0.566220 0.464361 1
-0.744048 0.665980 1
-0.656276 0.743032 1
-0.562218 0.122980 -1
-0.092726 0.281468 1
-0.523554 0.182106 1
-0.138897 0.538017 1
-0.383719 0.164025 1
-0.280368 0.514190 1
-0.289822 0.465331 1
-0.522414 0.213454 1
-0.262050 0.737068 1
-0.239305 0.059311 1
-0.881429 0.879371 1
-0.912771 0.473973 1
-0.863552 0.732808 1
-0.461305 0.717288 -1
-0.511446 0.989585 1
-0.797153 0.420722 1
-0.191728 0.311997 1
-0.065930 0.057135 1
-0.742614 0.950593 1
-0.819264 0.426146 1
-0.828633 0.410630 1
-0.272800 0.891838 1
-0.320244 0.602744 1
-0.218540 0.585347 1
-0.677377 0.766737 1
-0.887088 0.895442 1
-0.621384 0.648154 1
-0.689557 0.627200 1
-0.697755 0.897262 1
-0.671664 0.604445 1
-0.073302 0.501884 1
-0.212172 0.385893 1
-0.309244 0.047136 1
-0.953769 0.756507 1
-0.032988 0.108341 -1
-0.898227 0.775484 1
-0.302849 0.437794 1
-0.496048 0.232333 1
-0.755430 0.439533 1
-0.611283 0.358829 1
-0.410122 0.659814 1
-0.007370 0.754849 1
-0.102460 0.915824 1
-0.405908 0.246517 1
-0.344867 0.468431 1
-0.422773 0.238755 1
-0.884883 0.831426 1
-0.019735 0.773412 1
-0.392287 0.894804 1
-0.378436 0.233179 1
-0.465789 0.062749 1
-0.469157 0.105907 1
-0.385371 0.921704 1
-0.818934 0.612250 1
-0.848987 0.093475 1
-0.885637 0.073226 1
-0.178861 0.308544 1
-0.133955 0.364818 1
-0.967872 0.879481 1
-0.903317 0.253889 1
-0.208984 0.915637 1
-0.169361 0.365015 1
-0.710624 0.705775 1
-0.508582 0.974976 -1
-0.842454 0.279595 -1
-0.934850 0.956313 1
-0.904133 0.090784 1
-0.943832 0.771655 1
-0.953181 0.360808 1
-0.248542 0.943690 1
-0.475150 0.154287 1
-0.975580 0.287248 1
-0.723366 0.150239 1
-0.141793 0.165924 1
-0.649595 0.277034 1
-0.945201 0.098674 1
-0.990951 0.982023 1
-0.434855 0.003456 1
-0.871937 0.405795 1
-0.220033 0.709284 1
0.644781 -0.128257 1
0.982661 -0.444557 1
0.410455 -0.590733 1
0.093471 -0.372356 1
0.010888 -0.138685 1
0.448507 -0.128709 1
0.743222 -0.288338 1
0.250315 -0.486253 1
0.193997 -0.099548 1
0.345626 -0.572544 1
0.155114 -0.023025 1
0.955383 -0.414664 1
0.587634 -0.230576 1
0.530950 -0.067741 1
0.279826 -0.246475 1
0.060880 -0.518067 1
0.194102 -0.605591 1
0.543358 -0.581550 1
0.727019 -0.992490 1
0.322555 -0.756150 1
0.627923 -0.357745 1
0.976774 -0.760520 1
0.644160 -0.802187 1
0.477330 -0.454751 -1
0.893859 -0.723606 1
0.333395 -0.673512 1
0.758107 -0.363880 1
0.072416 -0.887936 1
0.836705 -0.265334 1
0.388853 -0.779725 1
0.531387 -0.652453 1
0.927993 -0.715615 1
0.929554 -0.289446 1
0.785682 -0.722078 1
0.784633 -0.619858 1
0.922046 -0.664249 1
0.971634 -0.148513 1
0.093334 -0.656454 1
0.025512 -0.829328 1
0.645789 -0.988322 1
0.106855 -0.479530 1
0.421752 -0.993323 1
0.507540 -0.595302 1
0.718850 -0.946610 1
0.328692 -0.895688 1
0.020034 -0.345231 1
0.375858 -0.795671 1
0.567238 -0.004101 1
0.508274 -0.481715 1
0.068164 -0.247606 1
0.671578 -0.205557 1
0.965874 -0.118143 1
0.449434 -0.611183 1
0.540338 -0.920399 1
0.711601 -0.420968 1
0.850926 -0.389325 1
0.483287 -0.534923 -1
0.707550 -0.894003 1
0.196237 -0.355579 1
0.646800 -0.657144 1
0.288774 -0.097858 1
0.041886 -0.349207 1
0.497603 -0.374408 1
0.012465 -0.126929 1
0.936487 -0.853426 1
0.400142 -0.077470 1
0.737529 -0.046076 1
0.294389 -0.583984 1
0.428416 -0.803102 1
0.653176 -0.909078 1
0.276661 -0.248224 1
0.221483 -0.719890 1
0.014521 -0.650652 1
0.369214 -0.589819 1
0.346558 -0.385725 -1
0.275874 -0.939094 1
0.277106 -0.885731 1
0.972007 -0.405371 1
0.839531 -0.662681 1
0.278096 -0.843780 1
0.915733 -0.677389 1
0.317333 -0.586857 1
0.818314 -0.021355 1
0.866771 -0.277031 1
0.246470 -0.606404 1
0.977788 -0.185147 1
0.279094 -0.061539 -1
0.076797 -0.013204 1
0.852196 -0.707843 -1
0.390299 -0.241904 -1
0.655966 -0.209124 1
0.551319 -0.242791 1
0.655988 -0.461348 1
0.897486 -0.332414 1
0.884897 -0.325247 1
0.448808 -0.210329 1
0.708305 -0.783330 1
0.708222 -0.383604 1
0.666876 -0.616151 1
0.177223 -0.433170 1
0.631401 -0.045581 1
0.742503 -0.757496 1
0.892927 -0.417411 1
0.819492 -0.330227 1
0.654733 -0.973877 1
0.940719 -0.105384 1
0.303845 -0.419042 1
0.995546 -0.172250 -1
0.271385 -0.736160 -1
0.927568 -0.092141 1
0.463907 -0.050530 1
0.971441 -0.261197 1
0.635002 -0.224771 1
0.715908 -0.969777 1
0.786421 -0.668772 1
0.713559 -0.202747 1
0.073917 -0.407565 1
0.016952 -0.642567 1
0.829743 -0.161074 1
0.603145 -0.511643 1
0.264102 -0.737560 1
0.212370 -0.255377 1
0.531623 -0.473571 1
0.971618 -0.399414 1
0.459357 -0.598205 1
0.627383 -0.076737 -1
0.554738 -0.180632 1
0.294324 -0.316528 -1
0.983068 -0.172409 1
0.909904 -0.775951 1
0.219711 -0.878533 1
0.530544 -0.525093 1
0.516181 -0.144630 1
0.408030 -0.766440 1
0.211109 -0.082024 1
0.053022 -0.262021 -1
0.912382 -0.641395 1
0.143850 -0.525405 -1
0.952399 -0.414502 1
0.228720 -0.409809 -1
0.855776 -0.569136 1
0.355168 -0.861314 1
0.623915 -0.937369 1
0.390528 -0.006148 1
0.263419 -0.003856 1
0.539281 -0.382671 1
0.296238 -0.557538 -1
0.642759 -0.482384 1
0.956873 -0.859030 1
0.291185 -0.695549 1
0.863932 -0.808424 -1
0.156149 -0.660601 1
0.315572 -0.190921 1
0.298777 -0.821089 1
0.946259 -0.969398 1
0.002337 -0.394056 1
0.259171 -0.013952 1
0.173325 -0.170318 1
0.396729 -0.247954 1
0.099913 -0.123843 -1
0.501266 -0.107334 1
0.282693 -0.228054 1
0.317596 -0.766859 1
0.201482 -0.440954 1
0.475193 -0.087342 1
0.125030 -0.503969 1
0.694462 -0.743837 1
0.614416 -0.862949 1
0.067554 -0.241967 1
0.961311 -0.944640 1
0.030982 -0.164124 1
0.761149 -0.411167 1
0.208583 -0.595010 1
0.656172 -0.087576 1
0.611000 -0.951120 1
0.976508 -0.253579 1
0.085527 -0.007762 1
0.537497 -0.114518 -1
0.489449 -0.315285 1
0.268393 -0.429311 1
0.011829 -0.427223 1
0.681193 -0.440687 1
0.510136 -0.102440 1
0.631199 -0.823678 1
0.825933 -0.003063 1
0.259958 -0.000141 1
0.230359 -0.873388 1
0.029184 -0.489992 1
0.755328 -0.941649 1
0.210231 -0.033064 1
0.555773 -0.261062 1
0.817550 -0.038962 1
0.888223 -0.016066 1
0.205292 -0.928742 1
0.968951 -0.372423 1
0.704611 -0.310481 1
0.065118 -0.011388 1
0.711237 -0.871178 1
0.186748 -0.838865 1
0.274013 -0.724338 -1
0.092111 -0.175545 1
0.293176 -0.913277 1
0.042086 -0.110722 1
0.968051 -0.408159 1
0.121320 -0.533379 1
0.644697 -0.557542 1
0.014970 -0.487764 1
0.991310 -0.993147 1
0.178027 -0.634661 -1
0.393157 -0.213380 -1
0.044343 -0.626651 -1
0.433313 -0.540656 -1
0.670722 -0.813900 1
0.286933 -0.013128 -1
0.777752 -0.410752 -1
0.670077 -0.748738 -1
0.848533 -0.573682 1
0.373984 -0.757170 1
0.895759 -0.678362 1
0.118998 -0.168465 1
0.079518 -0.184816 1
0.042573 -0.111853 1
0.293822 -0.483784 1
0.752459 -0.924698 1
0.598492 -0.110194 1
0.838528 -0.174030 1
0.688128 -0.269868 1
0.703159 -0.380906 1
0.332212 -0.980462 -1
0.748909 -0.730516 1
0.876034 -0.446802 -1
0.605032 -0.085673 1
0.479374 -0.493747 1
0.563492 -0.858324 -1
0.509102 -0.486917 1
0.649948 -0.574474 1
0.588257 -0.243472 1
0.495767 -0.327554 1
0.134995 -0.928750 1
0.218673 -0.443493 1
0.150435 -0.206393 1
0.702075 -0.792214 1
0.372471 -0.768283 1
0.924794 -0.298878 1
0.946206 -0.016666 1
0.979993 -0.830080 1
0.484502 -0.289373 1
0.961726 -0.279228 1
0.570547 -0.157916 1
0.744162 -0.261921 1
-0.397971 -0.090918 -1
-0.351136 -0.758444 -1
-0.983309 -0.044175 -1
-0.223028 -0.535595 -1
-0.627010 -0.091532 -1
-0.742605 -0.656046 -1
-0.834314 -0.951212 -1
-0.502131 -0.116045 1
-0.579883 -0.478805 1
-0.585117 -0.229347 -1
-0.239300 -0.440672 -1
-0.024331 -0.070595 1
-0.863928 -0.018886 -1
-0.638042 -0.997315 -1
-0.914212 -0.560038 -1
-0.955390 -0.439217 -1
-0.928819 -0.981530 -1
-0.089059 -0.495067 -1
-0.467953 -0.523808 -1
-0.910072 -0.241010 -1
-0.371755 -0.121398 -1
-0.980225 -0.141273 1
-0.177995 -0.276651 -1
-0.466992 -0.235631 -1
-0.205887 -0.221384 -1
-0.048166 -0.908379 -1
-0.168649 -0.451676 1
-0.133360 -0.776204 1
-0.437091 -0.755571 -1
-0.881118 -0.175089 1
-0.533213 -0.629861 1
-0.096977 -0.397166 -1
-0.331822 -0.736265 -1
-0.897370 -0.361182 -1
-0.391784 -0.321827 -1
-0.819847 -0.497057 -1
-0.898446 -0.713568 -1
-0.563228 -0.429890 -1
-0.575486 -0.959671 -1
-0.867045 -0.768907 -1
-0.807877 -0.613071 -1
-0.579040 -0.275864 -1
-0.907626 -0.272209 -1
-0.931181 -0.026350 -1
-0.429349 -0.524126 -1
-0.531853 -0.636092 -1
-0.281714 -0.952555 1
-0.682550 -0.924592 -1
-0.161845 -0.246498 -1
-0.350452 -0.203543 -1
-0.645120 -0.054241 -1
-0.461460 -0.809774 -1
-0.654518 -0.950771 -1
-0.348407 -0.419638 -1
-0.104217 -0.117600 -1
-0.596107 -0.770532 -1
-0.259351 -0.504902 -1
-0.351962 -0.512497 -1
-0.677162 -0.444469 -1
-0.253690 -0.956911 1
-0.841539 -0.783069 -1
-0.523370 -0.890863 -1
-0.571924 -0.754627 -1
-0.921191 -0.278040 -1
-0.886653 -0.914010 -1
-0.949691 -0.992386 -1
-0.857088 -0.661544 1
-0.944539 -0.590080 -1
-0.653066 -0.511945 -1
-0.619099 -0.957878 -1
-0.637836 -0.763595 -1
-0.050418 -0.703756 -1
-0.085262 -0.648896 1
-0.604229 -0.212270 1
-0.166951 -0.320514 -1
-0.712045 -0.016355 -1
-0.824655 -0.820239 -1
-0.451153 -0.958372 -1
-0.112266 -0.371221 -1
-0.264551 -0.036987 -1
-0.284262 -0.475045 -1
-0.772666 -0.955531 1
-0.183990 -0.333748 -1
-0.465083 -0.612453 -1
-0.325843 -0.954881 -1
-0.437981 -0.815951 -1
-0.843388 -0.903915 -1
-0.250673 -0.950028 -1
-0.349881 -0.544683 -1
-0.014977 -0.558962 -1
-0.189266 -0.238054 -1
-0.737054 -0.059122 -1
-0.571182 -0.653291 -1
-0.390166 -0.618561 -1
-0.961356 -0.483153 -1
-0.555187 -0.453223 -1
-0.227580 -0.308791 -1
-0.896235 -0.904738 -1
-0.437466 -0.569416 -1
-0.044908 -0.203038 -1
-0.390023 -0.076854 -1
-0.533552 -0.827976 -1
-0.336971 -0.750306 -1
-0.245168 -0.911193 -1
-0.464399 -0.913496 -1
-0.044372 -0.246086 -1
-0.332371 -0.677757 -1
-0.282471 -0.277287 -1
-0.614403 -0.162762 -1
-0.210511 -0.622359 -1
-0.635741 -0.545162 -1
-0.554890 -0.098526 -1
-0.786394 -0.251363 -1
-0.692042 -0.338284 -1
-0.033006 -0.588371 -1
-0.068772 -0.779296 -1
-0.790945 -0.184306 -1
-0.720845 -0.822636 -1
-0.795863 -0.807628 -1
-0.597383 -0.694790 -1
-0.799337 -0.085769 -1
-0.395163 -0.182867 1
-0.180132 -0.818428 -1
-0.305229 -0.212183 -1
-0.159896 -0.603249 -1
-0.616525 -0.016094 -1
-0.099945 -0.615664 -1
-0.030961 -0.931740 -1
-0.414086 -0.296794 -1
-0.808632 -0.629320 -1
-0.536644 -0.871340 1
-0.096443 -0.112977 -1
-0.576660 -0.341530 -1
-0.850950 -0.198055 -1
-0.524244 -0.979525 -1
-0.158454 -0.465321 -1
-0.860208 -0.165268 -1
-0.749992 -0.607682 1
-0.532274 -0.606879 1
-0.429598 -0.933154 -1
-0.610710 -0.571856 -1
-0.253574 -0.308062 -1
-0.918359 -0.206185 -1
-0.156713 -0.938853 -1
-0.517693 -0.541150 -1
-0.238886 -0.951877 1
-0.183052 -0.575522 1
-0.427009 -0.485822 -1
-0.988466 -0.707860 -1
-0.271068 -0.571001 -1
-0.559979 -0.258032 1
-0.295032 -0.622486 -1
-0.447177 -0.616639 -1
-0.465234 -0.999268 -1
-0.987023 -0.292316 -1
-0.677020 -0.651322 -1
-0.354245 -0.090006 -1
-0.727321 -0.537789 -1
-0.661422 -0.445643 -1
-0.551509 -0.505555 -1
-0.629728 -0.151796 -1
-0.370507 -0.691452 -1
-0.296966 -0.116377 -1
-0.540447 -0.255364 -1
-0.526668 -0.221144 -1
-0.798179 -0.533178 -1
-0.502219 -0.505184 -1
-0.308291 -0.206600 -1
-0.552660 -0.204337 1
-0.454790 -0.664886 -1
-0.145391 -0.415078 -1
-0.940159 -0.926774 -1
-0.604936 -0.676163 -1
-0.718549 -0.854398 1
-0.916409 -0.123962 -1
-0.114021 -0.528618 -1
-0.511540 -0.694652 -1
-0.131650 -0.146176 -1
-0.743256 -0.725251 -1
-0.646382 -0.610916 -1
-0.354225 -0.099662 1
-0.372055 -0.795682 -1
-0.623759 -0.718855 -1
-0.872516 -0.499251 -1
-0.331132 -0.293664 -1
-0.158177 -0.184131 -1
-0.459632 -0.814062 -1
-0.876802 -0.251099 -1
-0.960449 -0.135600 -1
-0.807446 -0.330668 -1
-0.317280 -0.535873 -1
-0.770257 -0.786236 1
-0.984652 -0.780169 -1
-0.502709 -0.429594 -1
-0.399530 -0.645283 -1
-0.735539 -0.086406 -1
-0.766572 -0.327606 -1
-0.166310 -0.780718 -1
-0.542228 -0.191555 -1
-0.749290 -0.148678 -1
-0.388137 -0.743591 -1
-0.512309 -0.640541 -1
-0.756818 -0.937707 -1
-0.448794 -0.617233 -1
-0.200205 -0.185689 -1
-0.334526 -0.355779 -1
-0.595411 -0.649921 -1
-0.902664 -0.270357 -1
-0.736428 -0.788633 -1
-0.967582 -0.360937 -1
-0.262439 -0.691001 -1
-0.831452 -0.343297 -1
-0.987731 -0.352663 -1
-0.843969 -0.491497 -1
-0.489987 -0.637424 -1
-0.851344 -0.150179 -1
-0.035309 -0.993707 -1
-0.018224 -0.372696 -1
-0.814095 -0.568963 -1
-0.212169 -0.191291 -1
-0.501969 -0.334978 -1
-0.751763 -0.776150 1
-0.397717 -0.061193 -1
-0.645335 -0.496715 -1
-0.646525 -0.455107 1
-0.226354 -0.660936 1
-0.124292 -0.550153 -1
-0.711906 -0.799473 -1
-0.363231 -0.109677 -1
-0.528986 -0.828647 1
-0.235961 -0.235355 -1
-0.132908 -0.783842 -1
-0.908387 -0.382161 -1
-0.781595 -0.344704 -1
-0.876284 -0.022150 1
-0.522560 -0.067803 -1
-0.470428 -0.074596 -1
-0.919126 -0.870174 -1
-0.150919 -0.159484 -1
-0.014006 -0.525995 -1
-0.422379 -0.952920 -1
-0.748242 -0.186711 -1
-0.493678 -0.561222 -1
-0.934701 -0.674738 -1
-0.160713 -0.558511 1
-0.980823 -0.714463 -1
-0.677762 -0.129188 -1
-0.495373 -0.646537 -1
-0.961766 -0.812311 -1
-0.519049 -0.618090 -1
0.588128 0.390730 -1
0.328189 0.730202 -1
0.511672 0.244099 -1
0.225292 0.146176 -1
0.833900 0.643332 -1
0.378672 0.530717 -1
0.327194 0.911150 -1
0.501296 0.180226 -1
0.911036 0.789111 -1
0.177386 0.974298 -1
0.573788 0.550166 -1
0.465725 0.455457 -1
0.307341 0.206749 -1
0.053175 0.897778 -1
0.714699 0.465625 -1
0.588343 0.178531 -1
0.817271 0.051270 -1
0.659524 0.409835 -1
0.124766 0.736423 -1
0.567962 0.283197 -1
0.600955 0.315429 -1
0.015317 0.487023 -1
0.382328 0.700148 -1
0.464233 0.184424 1
0.234446 0.523692 -1
0.772893 0.945351 -1
0.622284 0.234532 -1
0.150897 0.656905 -1
0.242948 0.217006 1
0.778406 0.015649 -1
0.650065 0.293416 -1
0.554395 0.508803 -1
0.024474 0.953617 -1
0.639260 0.807032 -1
0.946802 0.787313 1
0.496445 0.081635 -1
0.369451 0.045281 -1
0.356381 0.040765 -1
0.843313 0.518441 -1
0.258654 0.102566 -1
0.697019 0.554840 -1
0.129284 0.852938 -1
0.197316 0.715917 -1
0.213151 0.652289 -1
0.388992 0.905362 -1
0.601940 0.761959 1
0.829941 0.998087 -1
0.326377 0.175053 -1
0.732242 0.010349 -1
0.791206 0.936895 -1
0.028714 0.174710 -1
0.868086 0.452759 1
0.472248 0.753447 -1
0.221028 0.232013 1
0.018665 0.015609 -1
0.362799 0.077786 -1
0.568091 0.624530 -1
0.620400 0.892848 -1
0.046426 0.881715 -1
0.894820 0.173530 -1
0.756087 0.589509 -1
0.909029 0.367297 -1
0.930920 0.886274 -1
0.717821 0.645451 -1
0.868318 0.661708 -1
0.961096 0.479695 -1
0.032916 0.443503 -1
0.300133 0.829580 -1
0.480609 0.786470 -1
0.051402 0.713733 -1
0.720016 0.545710 -1
0.074152 0.188641 -1
0.512659 0.619454 -1
0.992502 0.552021 -1
0.941109 0.920696 -1
0.660583 0.441561 -1
0.571323 0.440931 -1
0.890668 0.763359 -1
0.505260 0.863445 -1
0.836576 0.069690 -1
0.936879 0.067166 1
0.274763 0.866345 -1
0.993789 0.398885 -1
0.353910 0.103779 -1
0.580836 0.058847 -1
0.598830 0.827550 -1
0.234219 0.557434 -1
0.015339 0.970282 -1
0.482456 0.825441 -1
0.710340 0.232639 -1
0.579087 0.084414 -1
0.210057 0.565783 -1
0.485198 0.169312 -1
0.747540 0.229790 -1
0.895958 0.236420 -1
0.820339 0.381572 -1
0.688127 0.316476 -1
0.031774 0.136689 -1
0.681688 0.163499 -1
0.183029 0.610962 -1
0.669819 0.739878 -1
0.073770 0.628488 1
0.789948 0.614108 -1
0.432154 0.082697 1
0.063898 0.939954 1
0.957432 0.151112 -1
0.467274 0.071819 -1
0.445586 0.313427 -1
0.468716 0.624833 -1
0.248170 0.476930 -1
0.390448 0.398040 -1
0.296146 0.220596 -1
0.606336 0.494367 -1
0.211172 0.858226 -1
0.757872 0.294614 -1
0.898067 0.903811 1
0.627304 0.210855 -1
0.035420 0.646516 -1
0.924702 0.603873 -1
0.223393 0.641305 -1
0.965648 0.938537 -1
0.956591 0.797772 -1
0.566928 0.471316 -1
0.569711 0.538443 -1
0.185671 0.617402 1
0.091573 0.074916 -1
0.302160 0.824871 -1
0.485791 0.444849 -1
0.478286 0.719850 -1
0.280646 0.214505 -1
0.540188 0.931086 -1
0.814812 0.937420 -1
0.114144 0.949554 -1
0.246967 0.548239 -1
0.459105 0.410709 -1
0.878622 0.203987 -1
0.835035 0.594660 -1
0.875480 0.720160 -1
0.584185 0.497102 -1
0.832930 0.990325 -1
0.117525 0.036402 -1
0.524926 0.199126 -1
0.410509 0.277994 -1
0.149125 0.320340 1
0.976341 0.890201 -1
0.256462 0.834012 -1
0.190054 0.122780 -1
0.483082 0.008742 -1
0.648598 0.081693 -1
0.019186 0.607547 -1
0.454120 0.394378 -1
0.281548 0.478666 -1
0.711418 0.997268 -1
0.363080 0.727322 -1
0.813414 0.721101 -1
0.963873 0.705020 -1
0.946667 0.479075 -1
0.053283 0.847521 -1
0.048476 0.925287 -1
0.503341 0.625193 1
0.901009 0.799676 -1
0.388195 0.422487 -1
0.973401 0.762235 -1
0.432791 0.471413 -1
0.309695 0.966514 -1
0.079930 0.584643 -1
0.402548 0.807612 -1
0.136540 0.509929 -1
0.578205 0.259111 -1
0.546804 0.579886 -1
0.592833 0.617435 -1
0.663182 0.458487 -1
0.562293 0.135890 -1
0.944626 0.298325 -1
0.364952 0.172779 -1
0.498375 0.900047 -1
0.483630 0.517440 -1
0.484875 0.614395 1
0.886300 0.011967 -1
0.723748 0.255687 -1
0.216834 0.509755 -1
0.656946 0.733050 -1
0.007783 0.089325 -1
0.317295 0.837454 -1
0.519201 0.944796 -1
0.727403 0.182771 -1
0.336823 0.029916 1
0.713477 0.652365 -1
0.150438 0.573460 -1
0.615629 0.368736 -1
0.638686 0.702636 1
0.465415 0.017856 -1
0.627144 0.577719 -1
0.380173 0.464944 1
0.294360 0.776454 -1
0.497241 0.949984 -1
0.900052 0.481923 -1
0.702822 0.859740 -1
0.241844 0.798163 -1
0.558353 0.299940 1
0.794969 0.602436 -1
0.041697 0.051942 -1
0.055801 0.061115 -1
0.648387 0.263569 -1
0.905340 0.063962 -1
0.356390 0.490728 1
0.409155 0.470478 -1
0.437600 0.664589 1
0.567271 0.602430 -1
0.114040 0.933572 -1
0.930727 0.078460 -1
0.848370 0.821515 1
0.704733 0.138523 -1
0.223208 0.853948 -1
0.680258 0.332936 -1
0.947086 0.525171 -1
0.080706 0.975021 -1
0.677822 0.718927 -1
0.762713 0.482928 -1
0.007573 0.467926 -1
0.036069 0.738795 -1
0.349883 0.226505 -1
0.661815 0.935790 -1
0.529683 0.931167 -1
0.832928 0.354761 -1
0.697148 0.814806 -1
0.685499 0.197776 -1
0.873444 0.570199 -1
0.976148 0.360238 -1
0.416483 0.767561 -1
0.221162 0.232870 1
0.042425 0.885464 -1
0.949196 0.514639 -1
0.265227 0.489747 -1
0.817472 0.618837 -1
0.538625 0.860533 1
0.523336 0.080834 -1
0.824639 0.868559 -1
0.376638 0.830051 -1
0.523670 0.448999 -1
0.196318 0.674051 -1
0.736599 0.295961 -1
0.557092 0.518996 -1
0.373842 0.649874 -1
0.610248 0.298279 -1
0.296757 0.840730 -1
0.186683 0.929216 -1
0.924239 0.482450 -1
0.380696 0.830026 -1
0.293202 0.961860 -1
