-0.192745 0.872861 1
-0.878573 0.151461 1
-0.548973 0.831199 1
-0.865613 0.790082 1
-0.000851 0.425449 1
-0.950334 0.512707 1
-0.613590 0.389109 1
-0.413082 0.914559 1
-0.093895 0.975735 1
-0.837040 0.098801 1
-0.132527 0.958873 1
-0.599138 0.558037 1
-0.201195 0.656913 1
-0.348777 0.953864 1
-0.117328 0.045213 1
-0.784049 0.894955 1
-0.122769 0.429755 1
-0.892245 0.038251 1
-0.743665 0.953154 1
-0.507270 0.897351 1
-0.426757 0.387426 1
-0.101353 0.440026 1
-0.651839 0.684608 1
-0.509252 0.133928 1
-0.790952 0.561492 1
-0.069514 0.686263 1
-0.089527 0.253657 1
-0.487049 0.912404 1
-0.326006 0.665805 1
-0.685233 0.994916 1
-0.979681 0.486727 1
-0.809499 0.304604 1
-0.153419 0.640010 -1
-0.646848 0.756744 1
-0.084240 0.860259 1
-0.816729 0.278135 1
-0.206650 0.706753 1
-0.401020 0.276900 1
-0.553429 0.305837 -1
-0.537811 0.326159 1
-0.713574 0.951651 1
-0.355292 0.956753 -1
-0.687088 0.491353 1
-0.258084 0.046867 1
-0.415518 0.985792 1
-0.559650 0.861671 1
-0.158494 0.737158 1
-0.800749 0.405097 1
-0.916850 0.143928 1
-0.562902 0.616648 1
-0.043391 0.183741 1
-0.703622 0.950886 1
-0.626621 0.682368 1
-0.461174 0.980555 1
-0.619885 0.054143 1
-0.451164 0.064715 1
-0.629934 0.252546 -1
-0.666782 0.411004 1
-0.954344 0.202282 1
-0.320300 0.370176 1
-0.718436 0.917978 1
-0.542580 0.967238 1
-0.174905 0.356788 1
-0.598373 0.102461 1
-0.335150 0.425064 1
-0.479593 0.979593 -1
-0.014736 0.747255 1
-0.804425 0.321474 1
-0.010304 0.630246 1
-0.307046 0.767457 1
-0.429805 0.741425 1
-0.912864 0.095553 -1
-0.022569 0.295446 1
-0.622001 0.266010 1
-0.256494 0.656762 1
-0.071658 0.630419 1
-0.863539 0.001440 -1
-0.963869 0.964359 1
-0.456029 0.455680 1
-0.207881 0.549810 1
-0.115195 0.970175 1
-0.779019 0.218537 1
-0.511235 0.613671 1
-0.985667 0.138939 1
-0.102729 0.543790 1
-0.150403 0.871438 1
-0.125197 0.390653 1
-0.698781 0.758670 1
-0.475025 0.570308 1
-0.704479 0.177245 1
-0.538804 0.612418 1
-0.984771 0.185391 1
-0.541193 0.914879 1
-0.722478 0.785330 1
-0.820119 0.274940 1
-0.481691 0.359472 1
-0.876803 0.310193 1
-0.268864 0.897934 1
-0.752971 0.299423 1
-0.296179 0.974685 1
-0.661372 0.063927 1
-0.703284 0.864727 1
-0.221416 0.286495 1
-0.121839 0.999019 1
-0.523361 0.866972 1
-0.206304 0.233297 1
-0.448342 0.769748 1
-0.713612 0.687756 1
-0.203822 0.545450 1
-0.172593 0.814176 1
-0.628621 0.010489 -1
-0.091719 0.683841 1
-0.802978 0.999602 1
-0.080159 0.605633 -1
-0.379421 0.280716 1
-0.626118 0.949924 1
-0.098556 0.592545 1
-0.251832 0.356018 1
-0.454681 0.589321 1
-0.946853 0.899948 1
-0.308861 0.913194 1
-0.724802 0.858903 1
-0.815756 0.510970 1
-0.041790 0.379447 1
-0.746778 0.180061 1
-0.015905 0.541734 1
-0.310774 0.907565 1
-0.002726 0.601401 1
-0.043198 0.231246 1
-0.562399 0.434809 -1
-0.602168 0.146628 1
-0.778068 0.386699 1
-0.636447 0.032199 1
-0.075499 0.143062 1
-0.174657 0.616675 1
-0.804197 0.399836 1
-0.962082 0.869107 1
-0.698660 0.326774 1
-0.769466 0.155849 1
-0.524152 0.898533 1
-0.563105 0.569249 1
-0.417562 0.111498 1
-0.100427 0.988886 1
-0.936103 0.743933 1
-0.685045 0.945001 1
-0.063153 0.082215 -1
-0.559397 0.732105 1
-0.898934 0.033765 -1
-0.392328 0.204908 -1
-0.888498 0.671174 1
-0.420545 0.123374 1
-0.185220 0.879186 1
-0.919270 0.391498 1
-0.459114 0.640575 -1
-0.222850 0.725875 1
-0.652107 0.702906 1
-0.410920 0.087752 1
-0.137312 0.518586 1
-0.258220 0.453375 1
-0.948160 0.766330 1
-0.503025 0.116555 1
-0.241930 0.581520 1
-0.419633 0.309386 1
-0.186612 0.995185 1
-0.351756 0.497147 1
-0.015080 0.951094 1
-0.840854 0.490989 1
-0.939787 0.525446 1
-0.730155 0.300475 1
-0.852389 0.124977 1
-0.042235 0.864899 1
-0.278329 0.874684 1
-0.533245 0.912593 -1
-0.665588 0.425006 1
-0.500880 0.002709 1
-0.946449 0.559507 1
-0.671932 0.441951 1
-0.506144 0.158763 -1
-0.662927 0.443141 1
-0.671662 0.635563 1
-0.365767 0.345809 1
-0.018664 0.458056 1
-0.167663 0.143220 1
-0.933658 0.977903 1
-0.755326 0.329055 1
-0.172628 0.182500 1
-0.946463 0.140881 1
-0.378931 0.747421 1
-0.451298 0.922141 1
-0.100689 0.967460 1
-0.830128 0.580493 1
-0.029883 0.592122 1
-0.661415 0.700454 1
-0.084489 0.177499 1
-0.521806 0.071666 -1
-0.056608 0.887328 -1
-0.513880 0.688106 1
-0.135206 0.735997 1
-0.208909 0.607217 1
-0.729613 0.481513 1
-0.358553 0.270969 1
-0.367720 0.598981 1
-0.112296 0.170242 1
-0.546746 0.462341 1
-0.475173 0.300790 1
-0.913074 0.999734 -1
-0.179473 0.514340 1
-0.125409 0.021548 1
-0.323242 0.757835 1
-0.503947 0.831242 1
-0.649527 0.484248 1
-0.451575 0.015435 1
-0.574294 0.763598 1
-0.474645 0.802523 1
-0.542368 0.314477 1
-0.547641 0.809251 1
-0.282921 0.947788 1
-0.299933 0.968613 1
-0.062798 0.758229 -1
-0.808464 0.461047 1
-0.095436 0.281332 1
-0.439196 0.147257 1
-0.770262 0.892993 1
-0.579482 0.995384 1
-0.411379 0.476267 1
-0.267355 0.327466 1
-0.886697 0.366286 1
-0.447887 0.940047 1
-0.659472 0.439480 1
-0.210209 0.660922 1
-0.190964 0.694510 -1
-0.982052 0.923787 1
-0.256805 0.003872 1
-0.894725 0.814163 1
-0.666122 0.129294 1
-0.913951 0.175041 1
-0.306494 0.435775 1
-0.360994 0.892791 -1
-0.524315 0.310940 1
-0.853994 0.976988 1
-0.467231 0.641462 1
-0.560372 0.315480 1
-0.453716 0.179439 1
-0.034608 0.050206 1
-0.129703 0.517729 -1
-0.067857 0.054928 1
-0.395951 0.423174 1
-0.240479 0.604728 -1
-0.229616 0.751129 1
-0.599595 0.707872 1
0.050997 -0.821586 1
0.708359 -0.911728 1
0.990834 -0.665898 1
0.293296 -0.864312 1
0.142505 -0.866247 1
0.756747 -0.282145 1
0.481278 -0.685758 1
0.567587 -0.039728 1
0.298638 -0.667315 1
0.623737 -0.159997 1
0.103764 -0.783433 -1
0.602393 -0.629730 1
0.824062 -0.939867 1
0.804632 -0.539535 1
0.239817 -0.319591 1
0.323013 -0.609580 -1
0.572676 -0.403235 -1
0.158853 -0.772744 1
0.966390 -0.334226 1
0.592101 -0.215741 1
0.991456 -0.335465 1
0.218520 -0.353287 -1
0.251289 -0.717670 1
0.896378 -0.964296 1
0.165151 -0.575276 1
0.694414 -0.629094 -1
0.422021 -0.976627 1
0.125261 -0.720970 1
0.314768 -0.926159 1
0.413647 -0.588971 1
0.442579 -0.790594 1
0.323313 -0.023886 1
0.861333 -0.255393 1
0.355888 -0.633913 1
0.116924 -0.353691 1
0.895313 -0.165494 1
0.594151 -0.503361 1
0.558435 -0.250276 1
0.466644 -0.481209 1
0.035083 -0.089139 1
0.412364 -0.973062 1
0.740670 -0.155390 1
0.034305 -0.226946 1
0.796506 -0.888851 1
0.147853 -0.603375 1
0.163444 -0.098349 1
0.561998 -0.594618 1
0.809294 -0.606299 1
0.319648 -0.277934 1
0.847917 -0.319137 1
0.613347 -0.894640 1
0.888663 -0.449594 -1
0.167549 -0.088243 1
0.227346 -0.337057 1
0.214814 -0.280893 1
0.182649 -0.124939 1
0.168330 -0.372014 1
0.595118 -0.439606 1
0.648429 -0.144834 1
0.550757 -0.836467 1
0.939827 -0.871182 1
0.910009 -0.131070 1
0.093205 -0.151783 1
0.486821 -0.689839 1
0.972859 -0.100379 1
0.795811 -0.080733 1
0.491114 -0.798577 1
0.104332 -0.393238 1
0.429780 -0.902522 1
0.041545 -0.134744 -1
0.357215 -0.574164 1
0.634098 -0.079046 1
0.137711 -0.864905 1
0.252473 -0.337987 1
0.987707 -0.427889 1
0.958694 -0.092529 1
0.730834 -0.431021 1
0.325393 -0.592290 1
0.742299 -0.429825 -1
0.433159 -0.637253 1
0.393655 -0.096622 1
0.854422 -0.532559 -1
0.849784 -0.430837 1
0.923300 -0.255881 1
0.627737 -0.475096 1
0.311167 -0.091202 -1
0.533345 -0.319910 1
0.201866 -0.799842 1
0.336238 -0.525060 1
0.750299 -0.750086 -1
0.503929 -0.761058 -1
0.417366 -0.835184 1
0.714646 -0.606456 1
0.604791 -0.065320 1
0.848070 -0.399221 1
0.179638 -0.637776 1
0.841502 -0.720262 1
0.197740 -0.503404 -1
0.023936 -0.870874 -1
0.694434 -0.921364 1
0.825663 -0.069124 1
0.089913 -0.759093 1
0.856971 -0.901528 1
0.963249 -0.927299 1
0.845973 -0.532953 1
0.741735 -0.732746 1
0.462755 -0.291005 1
0.698139 -0.685688 1
0.629723 -0.385050 1
0.598178 -0.221325 1
0.995355 -0.948484 1
0.509961 -0.624274 1
0.990974 -0.294350 1
0.199051 -0.819701 1
0.796875 -0.691987 1
0.286322 -0.558418 1
0.830844 -0.028554 -1
0.102917 -0.526138 1
0.078636 -0.690446 1
0.030599 -0.338400 1
0.872824 -0.803596 -1
0.640325 -0.349160 1
0.111378 -0.265351 -1
0.219673 -0.596514 1
0.591030 -0.476899 1
0.464294 -0.812113 1
0.446312 -0.376506 1
0.406544 -0.560297 1
0.740189 -0.811139 1
0.823202 -0.010359 1
0.759915 -0.911052 1
0.124830 -0.741050 1
0.617362 -0.492587 1
0.256035 -0.719277 1
0.616025 -0.761518 1
0.303628 -0.743760 1
0.370530 -0.529986 1
0.753040 -0.700566 1
0.214801 -0.956212 1
0.350976 -0.339282 1
0.927124 -0.568979 1
0.096961 -0.044154 1
0.569812 -0.378630 1
0.170487 -0.215735 1
0.835681 -0.548516 1
0.049568 -0.614194 1
0.750131 -0.020920 1
0.604237 -0.576296 1
0.574469 -0.825967 1
0.742954 -0.414829 1
0.896173 -0.541643 1
0.753849 -0.566711 1
0.043530 -0.711954 1
0.581476 -0.021931 1
0.508679 -0.972284 1
0.134814 -0.938132 1
0.712565 -0.820296 1
0.172540 -0.630588 -1
0.043356 -0.318494 1
0.053888 -0.450894 1
0.085821 -0.806208 1
0.227102 -0.760760 1
0.332153 -0.929807 1
0.849969 -0.278174 1
0.424116 -0.764957 1
0.983604 -0.886509 1
0.884435 -0.663186 1
0.146714 -0.563395 1
0.259124 -0.545321 1
0.642624 -0.967971 -1
0.793740 -0.706249 1
0.196359 -0.078448 1
0.108159 -0.544959 1
0.992593 -0.272371 1
0.625178 -0.781603 -1
0.800809 -0.918383 -1
0.471466 -0.230729 1
0.364748 -0.498057 1
0.282802 -0.278978 1
0.344785 -0.802131 1
0.159068 -0.936953 1
0.220039 -0.009621 1
0.784410 -0.586010 1
0.222777 -0.597609 1
0.215863 -0.839692 1
0.153105 -0.797035 1
0.142214 -0.134867 1
0.303154 -0.182570 -1
0.403061 -0.866926 1
0.445792 -0.535343 1
0.879009 -0.070204 1
0.250195 -0.654914 1
0.948985 -0.692529 1
0.572579 -0.235733 1
0.315634 -0.308657 1
0.975700 -0.583918 1
0.842343 -0.884297 1
0.525280 -0.322684 1
0.181762 -0.764047 1
0.565367 -0.997698 1
0.151186 -0.835575 1
0.057441 -0.421025 1
0.383318 -0.264464 1
0.194133 -0.710087 1
0.495902 -0.425260 1
0.231328 -0.332069 1
0.681816 -0.748057 1
0.549292 -0.843509 -1
0.254696 -0.943531 1
0.775938 -0.140956 1
0.444604 -0.395329 1
0.088988 -0.721032 1
0.440561 -0.784384 1
0.508253 -0.879198 1
0.108947 -0.655471 1
0.478422 -0.213984 1
0.960809 -0.743795 1
0.118862 -0.736236 1
0.626720 -0.167381 -1
0.231438 -0.344627 1
0.570830 -0.846006 1
0.407011 -0.027040 -1
0.910762 -0.394985 1
0.114962 -0.209853 1
0.028509 -0.574659 1
0.924375 -0.990871 -1
0.700973 -0.696026 1
0.580372 -0.452404 1
0.154964 -0.194963 1
0.338945 -0.725412 -1
0.789739 -0.049298 1
0.434038 -0.526793 1
0.618061 -0.169873 1
0.294477 -0.191809 1
0.397046 -0.853904 1
0.064537 -0.574128 1
0.814216 -0.957617 1
0.018484 -0.673017 1
0.068196 -0.852924 1
0.692746 -0.421470 1
0.209615 -0.984656 1
0.299226 -0.699486 1
0.432080 -0.726071 1
0.401341 -0.482299 1
0.628011 -0.635052 1
0.151468 -0.411929 1
0.489806 -0.159547 1
0.035393 -0.266583 1
0.311618 -0.604915 1
0.699652 -0.826285 1
-0.587744 -0.857524 -1
-0.944281 -0.167866 -1
-0.866920 -0.424879 -1
-0.426603 -0.016234 1
-0.261675 -0.578431 -1
-0.730770 -0.321407 -1
-0.670032 -0.236873 -1
-0.205923 -0.775069 -1
-0.557425 -0.834820 -1
-0.956187 -0.981276 -1
-0.814564 -0.022612 -1
-0.625234 -0.141028 1
-0.122274 -0.403608 -1
-0.547033 -0.432491 -1
-0.024660 -0.340418 -1
-0.537787 -0.327556 -1
-0.530906 -0.388622 -1
-0.744860 -0.786337 -1
-0.870954 -0.529363 -1
-0.997184 -0.578280 -1
-0.760790 -0.623249 1
-0.978629 -0.648940 -1
-0.604737 -0.251106 -1
-0.747360 -0.652157 -1
-0.613411 -0.001247 -1
-0.022871 -0.596867 -1
-0.787982 -0.043412 1
-0.772762 -0.467535 -1
-0.319872 -0.220902 -1
-0.882752 -0.176740 -1
-0.619539 -0.007323 -1
-0.521272 -0.218165 -1
-0.652972 -0.505086 -1
-0.344619 -0.987337 -1
-0.424644 -0.981151 -1
-0.403140 -0.141958 -1
-0.144357 -0.030858 -1
-0.844629 -0.763692 1
-0.139914 -0.754544 -1
-0.336161 -0.225729 -1
-0.099234 -0.190236 -1
-0.112680 -0.416747 1
-0.575390 -0.513729 -1
-0.329428 -0.587306 -1
-0.593444 -0.608757 -1
-0.348692 -0.570599 -1
-0.427019 -0.854506 -1
-0.043513 -0.627381 -1
-0.598719 -0.213281 1
-0.847988 -0.522202 -1
-0.111029 -0.215733 -1
-0.909599 -0.770940 -1
-0.632734 -0.711184 -1
-0.552653 -0.937002 -1
-0.623750 -0.612168 -1
-0.843467 -0.675610 -1
-0.152708 -0.451103 -1
-0.812609 -0.269123 1
-0.984567 -0.764403 -1
-0.823823 -0.266943 -1
-0.935588 -0.379690 -1
-0.941232 -0.277962 -1
-0.968330 -0.761470 -1
-0.240045 -0.377117 -1
-0.653271 -0.333088 -1
-0.956992 -0.560629 -1
-0.184150 -0.362864 -1
-0.711319 -0.295879 -1
-0.477242 -0.871299 -1
-0.816438 -0.525868 -1
-0.885395 -0.731694 -1
-0.988900 -0.395291 -1
-0.568348 -0.968230 1
-0.570615 -0.605261 -1
-0.647368 -0.551983 1
-0.713348 -0.795297 -1
-0.671580 -0.788768 -1
-0.317706 -0.816544 -1
-0.317455 -0.952378 -1
-0.930500 -0.058752 -1
-0.824061 -0.796476 -1
-0.718591 -0.727374 -1
-0.929199 -0.457019 -1
-0.192146 -0.165119 -1
-0.895977 -0.423344 -1
-0.088627 -0.146709 -1
-0.301329 -0.512986 -1
-0.126972 -0.471464 -1
-0.615691 -0.136435 -1
-0.041563 -0.974717 -1
-0.539390 -0.243737 -1
-0.917329 -0.572314 -1
-0.379860 -0.385915 -1
-0.949274 -0.986350 -1
-0.922311 -0.248673 -1
-0.772378 -0.823323 -1
-0.623746 -0.954403 -1
-0.390487 -0.213814 -1
-0.544492 -0.586106 -1
-0.013801 -0.881961 -1
-0.618799 -0.929912 -1
-0.647233 -0.580114 -1
-0.960196 -0.063076 -1
-0.339114 -0.715971 -1
-0.979894 -0.714822 -1
-0.392403 -0.348695 -1
-0.590851 -0.051399 -1
-0.212239 -0.873032 -1
-0.640585 -0.304928 -1
-0.715143 -0.513705 -1
-0.856262 -0.021273 -1
-0.055704 -0.890315 -1
-0.375162 -0.485941 -1
-0.169052 -0.613826 -1
-0.126223 -0.297344 -1
-0.376782 -0.849291 -1
-0.393538 -0.077791 -1
-0.658074 -0.171984 -1
-0.278097 -0.805298 -1
-0.375853 -0.857710 -1
-0.007117 -0.486147 -1
-0.231487 -0.750146 -1
-0.480483 -0.601195 -1
-0.156361 -0.492200 1
-0.961772 -0.553558 -1
-0.887837 -0.244774 1
-0.938679 -0.874915 -1
-0.588875 -0.952265 1
-0.459340 -0.260772 -1
-0.696620 -0.586958 -1
-0.557311 -0.338730 -1
-0.686117 -0.625019 -1
-0.692119 -0.822528 1
-0.543494 -0.969570 -1
-0.202306 -0.609469 -1
-0.386721 -0.982153 -1
-0.974432 -0.314549 -1
-0.333598 -0.089964 -1
-0.344061 -0.137922 -1
-0.853110 -0.633792 -1
-0.384816 -0.749526 -1
-0.792728 -0.277663 -1
-0.800021 -0.658670 -1
-0.896050 -0.188289 1
-0.039993 -0.150061 -1
-0.159162 -0.478815 -1
-0.699569 -0.769945 -1
-0.190775 -0.116628 -1
-0.447417 -0.692913 -1
-0.987660 -0.807430 -1
-0.030900 -0.722798 -1
-0.537865 -0.590637 -1
-0.101237 -0.321790 -1
-0.868844 -0.814982 -1
-0.134152 -0.868402 -1
-0.839989 -0.809520 1
-0.280435 -0.120355 1
-0.858369 -0.556140 -1
-0.654388 -0.419344 -1
-0.860131 -0.730365 -1
-0.436794 -0.057464 -1
-0.375145 -0.960742 -1
-0.006818 -0.519153 -1
-0.260513 -0.370233 -1
-0.067681 -0.742849 -1
-0.926787 -0.524735 -1
-0.267337 -0.572650 -1
-0.911883 -0.808745 -1
-0.253815 -0.335854 -1
-0.905366 -0.359713 -1
-0.548698 -0.772897 1
-0.198181 -0.847737 1
-0.332371 -0.655099 -1
-0.199267 -0.783914 -1
-0.248427 -0.609298 1
-0.233814 -0.489313 -1
-0.241132 -0.188118 -1
-0.844311 -0.303404 -1
-0.377000 -0.177122 -1
-0.113045 -0.506371 -1
-0.677625 -0.958084 -1
-0.474743 -0.845465 -1
-0.346166 -0.827646 -1
-0.245379 -0.140927 -1
-0.443550 -0.386439 -1
-0.305530 -0.737561 -1
-0.671228 -0.861904 -1
-0.642123 -0.579145 -1
-0.644246 -0.280767 -1
-0.832579 -0.738317 -1
-0.628298 -0.703503 -1
-0.236933 -0.638937 -1
-0.950851 -0.068392 -1
-0.494350 -0.700572 -1
-0.579844 -0.385343 -1
-0.308301 -0.788904 -1
-0.364089 -0.530300 -1
-0.292071 -0.467898 -1
-0.649239 -0.648378 -1
-0.767320 -0.663876 -1
-0.651248 -0.972516 -1
-0.220576 -0.849400 -1
-0.374923 -0.970874 -1
-0.491746 -0.338235 -1
-0.595750 -0.592744 -1
-0.977984 -0.536845 -1
-0.849732 -0.413892 -1
-0.133577 -0.083633 -1
-0.535741 -0.728435 -1
-0.389252 -0.691098 -1
-0.138763 -0.446045 -1
-0.204734 -0.801280 1
-0.291084 -0.194285 -1
-0.493041 -0.293494 1
-0.392741 -0.973988 -1
-0.351632 -0.308450 -1
-0.394470 -0.074199 -1
-0.517299 -0.027352 -1
-0.630464 -0.024467 -1
-0.620868 -0.902572 -1
-0.144427 -0.962614 -1
-0.363934 -0.687741 -1
-0.700585 -0.128706 -1
-0.070934 -0.650081 -1
-0.785179 -0.863191 -1
-0.693428 -0.768943 -1
-0.477177 -0.526549 -1
-0.507777 -0.737476 -1
-0.085047 -0.349820 -1
-0.161939 -0.831536 1
-0.010053 -0.271911 -1
-0.290376 -0.728510 -1
-0.689503 -0.923002 -1
-0.442442 -0.057561 -1
-0.984073 -0.445538 -1
-0.287679 -0.399784 -1
-0.425855 -0.559049 -1
-0.830119 -0.678247 -1
-0.376677 -0.240836 -1
-0.406354 -0.156023 1
-0.206311 -0.385903 -1
-0.771402 -0.361976 -1
-0.416222 -0.223651 -1
-0.357865 -0.331340 -1
-0.375183 -0.361949 -1
-0.902905 -0.572868 -1
-0.326746 -0.081734 -1
-0.117069 -0.570451 -1
-0.408500 -0.587449 -1
-0.371609 -0.916556 -1
0.434312 0.547787 -1
0.225809 0.949048 -1
0.004388 0.992185 -1
0.398264 0.731015 -1
0.658514 0.432014 -1
0.117012 0.219584 -1
0.581040 0.422196 -1
0.294675 0.419048 -1
0.378108 0.337080 1
0.813580 0.516927 -1
0.395166 0.018170 -1
0.379395 0.671419 -1
0.653571 0.514694 -1
0.062298 0.148773 -1
0.740981 0.768264 -1
0.332852 0.676526 -1
0.686901 0.867695 -1
0.252837 0.368189 -1
0.332837 0.632985 -1
0.316989 0.382829 -1
0.543590 0.220467 -1
0.583062 0.648620 -1
0.540789 0.256183 -1
0.287141 0.810347 -1
0.701945 0.428785 -1
0.631424 0.627913 -1
0.936491 0.866926 -1
0.329205 0.689853 -1
0.484829 0.586033 -1
0.919943 0.769014 -1
0.465170 0.067225 1
0.172844 0.895125 1
0.346837 0.571082 -1
0.245649 0.263176 -1
0.618044 0.735433 1
0.844822 0.487934 -1
0.348245 0.350784 -1
0.057834 0.180902 -1
0.307703 0.392839 -1
0.880681 0.654544 -1
0.296342 0.685590 1
0.535589 0.636749 -1
0.570006 0.980101 -1
0.434953 0.855958 1
0.573775 0.649673 -1
0.128740 0.847224 -1
0.382235 0.241862 -1
0.166472 0.565788 -1
0.914809 0.625410 -1
0.091885 0.963162 -1
0.596259 0.000498 -1
0.855203 0.263383 -1
0.892789 0.828987 1
0.555107 0.986988 -1
0.001679 0.563195 -1
0.442884 0.448493 1
0.006788 0.049953 -1
0.940850 0.125625 -1
0.147699 0.531966 -1
0.762363 0.408638 -1
0.873942 0.926067 1
0.883685 0.330429 -1
0.928537 0.981250 -1
0.569278 0.637573 -1
0.687215 0.955751 -1
0.975700 0.363505 -1
0.575350 0.990195 -1
0.297512 0.307646 -1
0.358836 0.782538 -1
0.580451 0.407179 1
0.461702 0.680759 -1
0.434737 0.525275 -1
0.792192 0.611035 -1
0.431648 0.558274 -1
0.792401 0.967481 -1
0.110330 0.771575 -1
0.935650 0.995937 -1
0.525025 0.783268 -1
0.389287 0.633698 -1
0.523410 0.626454 1
0.158535 0.877096 -1
0.973023 0.363778 -1
0.232398 0.049923 -1
0.168379 0.132146 -1
0.991226 0.136665 -1
0.062071 0.882254 -1
0.450074 0.928097 -1
0.280993 0.015879 -1
0.603657 0.046784 -1
0.435539 0.849526 -1
0.979820 0.332161 -1
0.251713 0.180232 -1
0.156353 0.333638 -1
0.603414 0.130815 -1
0.920084 0.673886 -1
0.490145 0.833599 -1
0.486863 0.072889 -1
0.118420 0.599959 -1
0.885181 0.232183 -1
0.523586 0.045677 -1
0.804517 0.422993 -1
0.980982 0.476146 -1
0.510391 0.953075 -1
0.433536 0.221688 -1
0.797318 0.098636 -1
0.974643 0.423980 -1
0.045998 0.725435 -1
0.343197 0.141191 -1
0.682949 0.827588 -1
0.975936 0.249406 -1
0.607618 0.128288 -1
0.624549 0.328357 -1
0.479783 0.164169 -1
0.327916 0.966615 1
0.991420 0.372922 -1
0.961266 0.955231 -1
0.537152 0.092027 -1
0.226333 0.116743 -1
0.950387 0.754491 -1
0.089779 0.687302 -1
0.441236 0.217218 -1
0.167942 0.909197 -1
0.854392 0.678319 -1
0.041897 0.484776 -1
0.452212 0.248250 -1
0.727581 0.222733 1
0.245034 0.833611 -1
0.831222 0.112659 -1
0.323056 0.570651 -1
0.029418 0.741155 -1
0.456241 0.595732 -1
0.016301 0.792390 -1
0.556953 0.966133 -1
0.994551 0.347172 -1
0.454227 0.881822 -1
0.850700 0.213651 -1
0.552395 0.740276 -1
0.822570 0.803064 1
0.309524 0.770520 -1
0.462264 0.850852 -1
0.251848 0.761837 -1
0.128000 0.839773 -1
0.823638 0.982966 -1
0.700226 0.790362 -1
0.108984 0.374158 -1
0.508985 0.749926 -1
0.503972 0.012500 -1
0.121338 0.959591 -1
0.517742 0.153166 -1
0.115044 0.200137 -1
0.359352 0.467445 -1
0.838258 0.483907 -1
0.078988 0.239144 1
0.514502 0.759590 -1
0.763296 0.928037 1
0.435349 0.201958 1
0.311186 0.806510 -1
0.262816 0.503756 1
0.653554 0.497973 -1
0.803583 0.520609 -1
0.227925 0.608874 -1
0.788921 0.347489 -1
0.569269 0.606687 -1
0.639311 0.565213 -1
0.855638 0.800304 -1
0.919635 0.248242 -1
0.783541 0.820715 -1
0.389380 0.203908 1
0.437332 0.796161 -1
0.262388 0.224210 -1
0.570019 0.743602 -1
0.163210 0.180263 -1
0.860528 0.109532 -1
0.834393 0.993960 -1
0.767155 0.761294 -1
0.892827 0.495698 -1
0.286787 0.152009 1
0.966670 0.864332 -1
0.186532 0.012856 -1
0.890590 0.321403 -1
0.772511 0.147832 1
0.079025 0.002435 -1
0.403849 0.378259 -1
0.414338 0.726856 -1
0.845482 0.906967 -1
0.346449 0.622081 -1
0.095134 0.654741 -1
0.946953 0.261348 -1
0.980622 0.778735 -1
0.076546 0.320805 -1
0.377710 0.873590 -1
0.842980 0.422014 -1
0.336249 0.728093 -1
0.958815 0.956107 -1
0.422788 0.093969 -1
0.271455 0.765987 1
0.402611 0.564668 -1
0.031666 0.649207 -1
0.884505 0.924220 -1
0.994144 0.744164 1
0.433153 0.452104 -1
0.792718 0.989795 -1
0.152724 0.190113 -1
0.320756 0.425126 -1
0.544606 0.731782 -1
0.950515 0.438169 -1
0.768524 0.339681 -1
0.286143 0.446014 -1
0.094402 0.155251 -1
0.463456 0.498521 -1
0.020056 0.150826 -1
0.655272 0.912745 -1
0.667805 0.606611 -1
0.471402 0.306324 -1
0.413675 0.177573 -1
0.652249 0.078573 -1
0.418950 0.363626 -1
0.516146 0.377398 -1
0.825280 0.716203 1
0.944863 0.418300 -1
0.278671 0.313617 -1
0.749441 0.553272 -1
0.512648 0.470068 -1
0.433698 0.707944 -1
0.147992 0.005780 -1
0.541305 0.100073 -1
0.114178 0.282418 1
0.002414 0.584366 -1
0.357430 0.139473 -1
0.107855 0.099574 -1
0.840281 0.855702 -1
0.509500 0.052132 -1
0.882540 0.837422 -1
0.236743 0.682521 -1
0.316041 0.433432 -1
0.747480 0.180711 -1
0.755467 0.953028 -1
0.416934 0.731340 -1
0.335690 0.224241 -1
0.723873 0.499502 -1
0.439960 0.121498 -1
0.646344 0.597132 -1
0.723670 0.296707 -1
0.600285 0.715333 -1
0.462347 0.981457 -1
0.130155 0.726855 -1
0.549136 0.929924 -1
0.515921 0.116977 -1
0.313566 0.841198 -1
0.584481 0.489448 -1
