-0.315488 0.511377 1
-0.227138 0.290674 -1
-0.112379 0.244112 1
-0.093043 0.346227 -1
-0.319169 0.289007 1
-0.690119 0.456154 -1
-0.362211 0.009226 1
-0.699604 0.367369 -1
-0.070650 0.405150 -1
-0.162247 0.548265 -1
-0.677712 0.516215 1
-0.478917 0.772245 1
-0.897935 0.330724 -1
-0.400191 0.880150 -1
-0.991479 0.407837 -1
-0.734749 0.969942 1
-0.148640 0.690855 1
-0.215651 0.242484 1
-0.304433 0.017518 -1
-0.516691 0.507393 1
-0.196432 0.674884 1
-0.243463 0.294331 1
-0.743241 0.069644 -1
-0.185758 0.089982 -1
-0.289741 0.894141 1
0.342196 -0.139207 1
0.804377 -0.976524 1
0.712903 -0.318463 1
0.002910 -0.455878 1
0.844446 -0.596193 -1
0.028412 -0.478118 1
0.991581 -0.433120 1
0.331459 -0.083605 1
0.963228 -0.615123 -1
0.158053 -0.791077 1
0.057413 -0.652565 1
0.104137 -0.944585 1
0.654278 -0.127717 1
0.214999 -0.726868 -1
0.040499 -0.751698 -1
0.132937 -0.015284 1
0.791566 -0.751379 1
0.749724 -0.953412 1
0.345300 -0.026977 1
0.121992 -0.398905 -1
0.965298 -0.875500 -1
0.909364 -0.540901 1
0.565036 -0.584669 1
0.807108 -0.823053 -1
0.811061 -0.638708 -1
-0.576179 -0.901827 -1
-0.694546 -0.334672 1
-0.589622 -0.630710 -1
-0.272369 -0.854797 -1
-0.229361 -0.470848 -1
-0.043511 -0.533118 -1
-0.719376 -0.810254 1
-0.180360 -0.121751 1
-0.359574 -0.726069 1
-0.015138 -0.339181 1
-0.580203 -0.563009 -1
-0.000583 -0.902849 1
-0.079014 -0.762703 -1
-0.971650 -0.152141 1
-0.878888 -0.222570 -1
-0.668493 -0.000486 1
-0.854082 -0.676048 1
-0.790220 -0.314232 1
-0.386172 -0.312897 -1
-0.017491 -0.686536 1
-0.284103 -0.510279 -1
-0.446947 -0.800451 -1
-0.033041 -0.621101 -1
-0.313085 -0.291415 1
-0.974771 -0.749781 -1
0.070676 0.244262 -1
0.879742 0.750384 -1
0.578919 0.801621 1
0.298156 0.465002 -1
0.837656 0.609450 -1
0.925807 0.591673 -1
0.791533 0.748402 -1
0.891342 0.667868 -1
0.810539 0.382891 1
0.979528 0.583901 1
0.949247 0.679503 -1
0.349057 0.881604 -1
0.937733 0.122401 -1
0.155939 0.035142 1
0.405309 0.711050 1
0.451157 0.828713 -1
0.482877 0.457464 -1
0.279907 0.384192 -1
0.890382 0.250858 1
0.460447 0.719121 -1
0.052872 0.922715 1
0.807803 0.741527 -1
0.854853 0.636999 -1
0.593455 0.612591 1
0.176833 0.536544 -1
