-0.643260 0.437454 1
-0.213023 0.991499 1
-0.505311 0.234012 1
-0.694512 0.364142 1
-0.946685 0.249660 1
-0.777938 0.093967 1
-0.233931 0.254751 1
-0.991227 0.524277 1
-0.109135 0.081633 1
-0.180378 0.827124 1
-0.316137 0.349728 1
-0.276912 0.341707 1
-0.973359 0.520269 1
-0.760559 0.636673 1
-0.965304 0.079194 1
-0.265988 0.630562 1
-0.657749 0.610847 1
-0.880830 0.504316 1
-0.134942 0.220216 1
-0.658483 0.999718 1
-0.798123 0.834596 1
-0.462962 0.215509 1
-0.770994 0.145789 1
-0.492961 0.026583 1
-0.852311 0.095020 1
-0.917726 0.050118 1
-0.049696 0.720501 1
-0.975420 0.684542 1
-0.713279 0.815442 1
-0.397894 0.950261 1
-0.841199 0.874428 1
-0.034067 0.581116 1
-0.851379 0.227966 1
-0.686233 0.016178 1
-0.486970 0.354363 1
-0.547044 0.484748 1
-0.223274 0.309975 1
-0.220758 0.781181 1
-0.535779 0.560186 1
-0.168467 0.338060 1
-0.659550 0.322000 1
-0.870286 0.796481 1
-0.981982 0.548072 1
-0.389105 0.737345 1
-0.320621 0.902768 1
-0.496855 0.650036 1
-0.359309 0.888391 1
-0.524919 0.405150 1
-0.749638 0.597519 1
-0.573471 0.768416 1
-0.542351 0.669756 1
-0.220703 0.525162 1
-0.876827 0.619051 1
-0.911941 0.813196 1
-0.343059 0.643148 1
-0.048542 0.695789 1
-0.514695 0.290014 1
-0.615812 0.463075 1
-0.143582 0.396684 1
-0.126926 0.689723 1
-0.060093 0.527682 1
-0.236531 0.899280 1
-0.625561 0.076080 1
-0.424573 0.171700 1
-0.822960 0.183697 1
-0.163449 0.321243 1
-0.772243 0.173165 1
-0.657827 0.012034 1
-0.266145 0.035831 1
-0.785519 0.704956 1
-0.230522 0.146519 1
-0.293956 0.471800 1
-0.666071 0.076127 1
-0.694001 0.655916 1
-0.323530 0.613140 1
-0.660158 0.140759 1
-0.848274 0.498493 1
-0.989232 0.625296 1
-0.366300 0.202864 1
-0.729185 0.962087 1
-0.515025 0.528844 1
-0.425410 0.229518 1
-0.641971 0.896190 1
-0.667722 0.161694 1
-0.997442 0.045978 1
-0.501216 0.131605 1
-0.998359 0.182718 1
-0.339962 0.468154 1
-0.863844 0.303889 1
-0.708378 0.520207 1
-0.705795 0.898821 1
-0.260106 0.150666 1
-0.157998 0.530686 1
-0.663118 0.650417 1
-0.218076 0.324236 1
-0.925324 0.853062 1
-0.028490 0.082005 1
-0.508596 0.115014 1
-0.554572 0.046375 1
-0.354683 0.571353 1
-0.410853 0.566502 1
-0.066497 0.205390 1
-0.412633 0.328792 1
-0.157673 0.874021 1
-0.726644 0.145563 1
-0.232645 0.509074 1
-0.029584 0.557492 1
-0.920445 0.620895 1
-0.880378 0.296469 1
-0.497291 0.560190 1
-0.313188 0.968916 1
-0.214673 0.286773 1
-0.728911 0.030251 1
-0.331952 0.509009 1
-0.280138 0.990781 1
-0.810436 0.777290 1
-0.236021 0.751098 1
-0.624235 0.781349 1
-0.373217 0.452292 1
-0.928630 0.228820 1
-0.221072 0.997472 1
-0.391046 0.623714 1
-0.240712 0.434950 1
-0.792160 0.498368 1
-0.209507 0.817051 1
-0.415530 0.792602 1
-0.503705 0.826613 1
-0.434537 0.374686 1
-0.296710 0.026115 1
-0.975982 0.698230 1
-0.138120 0.781058 1
-0.150662 0.624762 1
-0.193562 0.984675 1
-0.936727 0.105536 1
-0.083441 0.733177 1
-0.030415 0.488402 1
-0.697030 0.283912 1
-0.719808 0.319472 1
-0.222974 0.567251 1
-0.743768 0.308715 1
-0.109353 0.756863 1
-0.701226 0.139255 1
-0.387027 0.431518 1
-0.793473 0.705105 1
-0.068236 0.249164 1
-0.157899 0.727086 1
-0.228850 0.860656 1
-0.760752 0.714994 1
-0.812853 0.243190 1
-0.356984 0.920273 1
-0.877021 0.420630 1
-0.486461 0.352978 1
-0.993770 0.696759 1
-0.270721 0.417861 1
-0.751562 0.841192 1
-0.101530 0.408206 1
-0.690466 0.114373 1
-0.452003 0.919911 1
-0.332440 0.236308 1
-0.883401 0.462019 1
-0.029096 0.251570 1
-0.256985 0.418328 1
-0.289831 0.608173 1
-0.968957 0.465661 1
-0.785410 0.672460 1
-0.396101 0.382315 1
-0.051357 0.494348 1
-0.079205 0.409097 1
-0.109249 0.081944 1
-0.126262 0.548492 1
-0.300313 0.729719 1
-0.765000 0.050434 1
-0.335121 0.920577 1
-0.914842 0.092919 1
-0.205737 0.489725 1
-0.536969 0.985599 1
-0.558647 0.532768 1
-0.998336 0.990449 1
-0.250953 0.853204 1
-0.800039 0.963440 1
-0.322481 0.241536 1
-0.579923 0.123888 1
-0.010299 0.922753 1
-0.801316 0.017293 1
-0.294053 0.319310 1
-0.716194 0.936406 1
-0.388413 0.595555 1
-0.283729 0.092843 1
-0.248806 0.190423 1
-0.849219 0.098427 1
-0.002831 0.037907 1
-0.326892 0.649009 1
-0.807035 0.125778 1
-0.278499 0.360736 1
-0.399265 0.874043 1
-0.181901 0.447492 1
-0.036505 0.383441 1
-0.233101 0.812917 1
-0.235313 0.489197 1
-0.727790 0.448826 1
-0.644013 0.611837 1
-0.278424 0.876051 1
-0.257282 0.849501 1
-0.332096 0.312571 1
-0.198244 0.670621 1
-0.828119 0.915408 1
-0.892916 0.983805 1
-0.189539 0.148341 1
-0.863682 0.691267 1
-0.636761 0.338117 1
-0.038402 0.369492 1
-0.615710 0.754616 1
-0.299452 0.118037 1
-0.119481 0.107889 1
-0.616682 0.114400 1
-0.539578 0.746635 1
-0.866071 0.257499 1
-0.390699 0.301636 1
-0.630526 0.709626 1
-0.846518 0.802104 1
-0.255362 0.574612 1
-0.198143 0.942945 1
-0.542484 0.273209 1
-0.284538 0.252745 1
-0.585645 0.204919 1
-0.024887 0.547801 1
-0.943325 0.683625 1
-0.554588 0.425848 1
-0.332023 0.868287 1
-0.631655 0.954454 1
-0.459509 0.026437 1
-0.219595 0.261124 1
-0.474005 0.754110 1
-0.195872 0.803745 1
-0.084841 0.879873 1
-0.377009 0.496343 1
-0.345846 0.456695 1
-0.305178 0.228965 1
-0.416843 0.394379 1
-0.368478 0.096640 1
-0.488113 0.060364 1
-0.393469 0.240995 1
-0.859685 0.877122 1
-0.981841 0.212508 1
-0.027344 0.952268 1
-0.173139 0.765209 1
-0.592448 0.699854 1
-0.392306 0.108258 1
-0.723495 0.006661 1
-0.502161 0.179543 1
0.470453 -0.446243 1
0.089554 -0.547706 1
0.173922 -0.715811 1
0.333774 -0.678984 1
0.399333 -0.626450 1
0.485213 -0.278797 1
0.173324 -0.663318 1
0.662487 -0.571838 1
0.559058 -0.729383 1
0.665748 -0.770518 1
0.664812 -0.707394 1
0.100404 -0.322693 1
0.452454 -0.065662 1
0.227777 -0.091854 1
0.533580 -0.519250 1
0.545099 -0.639646 1
0.771232 -0.108933 1
0.346922 -0.906573 1
0.489860 -0.747152 1
0.395311 -0.836343 1
0.837464 -0.434978 1
0.848058 -0.279216 1
0.605500 -0.927948 1
0.953643 -0.266312 1
0.549162 -0.933105 1
0.091842 -0.527305 1
0.178458 -0.335910 1
0.280879 -0.377521 1
0.010954 -0.981829 1
0.192509 -0.694834 1
0.304475 -0.779081 1
0.077800 -0.535217 1
0.705896 -0.643595 1
0.086028 -0.973345 1
0.564099 -0.424977 1
0.056821 -0.417485 1
0.860752 -0.520289 1
0.406854 -0.698379 1
0.976361 -0.755039 1
0.946178 -0.232792 1
0.384478 -0.683324 1
0.894713 -0.291789 1
0.045678 -0.114326 1
0.557529 -0.946602 1
0.974363 -0.907595 1
0.821614 -0.347927 1
0.905146 -0.981393 1
0.868214 -0.012526 1
0.750119 -0.266369 1
0.468876 -0.351092 1
0.914880 -0.296773 1
0.036006 -0.036115 1
0.022760 -0.644559 1
0.389887 -0.682011 1
0.479628 -0.247498 1
0.837331 -0.023800 1
0.723329 -0.826772 1
0.741880 -0.308269 1
0.637650 -0.250662 1
0.329295 -0.267111 1
0.570980 -0.593602 1
0.237033 -0.017549 1
0.265746 -0.803571 1
0.038633 -0.715249 1
0.408055 -0.571035 1
0.015715 -0.292224 1
0.704433 -0.102599 1
0.459487 -0.838020 1
0.778459 -0.892615 1
0.743669 -0.266173 1
0.846932 -0.580790 1
0.054299 -0.311492 1
0.145320 -0.346904 1
0.496787 -0.657244 1
0.910421 -0.797677 1
0.788984 -0.654086 1
0.196804 -0.375205 1
0.527093 -0.466541 1
0.156282 -0.063019 1
0.224459 -0.299732 1
0.438785 -0.611833 1
0.480198 -0.195923 1
0.886692 -0.200680 1
0.962853 -0.492519 1
0.022609 -0.210227 1
0.461539 -0.719989 1
0.960777 -0.013777 1
0.329160 -0.191549 1
0.808280 -0.612144 1
0.823195 -0.272553 1
0.460824 -0.008340 1
0.124745 -0.013378 1
0.940174 -0.890935 1
0.989808 -0.599783 1
0.430293 -0.206327 1
0.128020 -0.125592 1
0.899031 -0.003750 1
0.108663 -0.583661 1
0.809127 -0.587955 1
0.189586 -0.498415 1
0.467586 -0.128666 1
0.832098 -0.724322 1
0.482638 -0.184360 1
0.066124 -0.587148 1
0.008988 -0.754671 1
0.181434 -0.997079 1
0.511752 -0.446608 1
0.915208 -0.729734 1
0.329726 -0.896662 1
0.939961 -0.311290 1
0.213508 -0.208437 1
0.840440 -0.579540 1
0.392814 -0.116739 1
0.931852 -0.862835 1
0.729058 -0.339095 1
0.787343 -0.291948 1
0.054225 -0.375993 1
0.152870 -0.326252 1
0.124284 -0.220454 1
0.219440 -0.937339 1
0.358247 -0.946947 1
0.896084 -0.460492 1
0.186224 -0.777656 1
0.937104 -0.475190 1
0.693325 -0.291481 1
0.698124 -0.994253 1
0.421932 -0.355163 1
0.507964 -0.128112 1
0.029449 -0.317176 1
0.928603 -0.147812 1
0.099322 -0.580989 1
0.422935 -0.124591 1
0.123877 -0.563406 1
0.281190 -0.807732 1
0.784045 -0.014909 1
0.213680 -0.116543 1
0.831695 -0.387794 1
0.324175 -0.986406 1
0.605416 -0.538902 1
0.228637 -0.319245 1
0.944988 -0.750273 1
0.894164 -0.295628 1
0.174709 -0.954976 1
0.430758 -0.596857 1
0.960800 -0.217585 1
0.607610 -0.762445 1
0.977825 -0.710923 1
0.843682 -0.352995 1
0.884984 -0.264772 1
0.948026 -0.859515 1
0.243868 -0.196675 1
0.492729 -0.289444 1
0.195302 -0.722416 1
0.112348 -0.623209 1
0.852561 -0.884203 1
0.739989 -0.475229 1
0.489903 -0.927630 1
0.107147 -0.293353 1
0.871902 -0.905116 1
0.794048 -0.656454 1
0.672063 -0.043381 1
0.231650 -0.256545 1
0.353192 -0.811381 1
0.174843 -0.153192 1
0.570369 -0.278956 1
0.763408 -0.693706 1
0.354657 -0.617250 1
0.359216 -0.760350 1
0.030059 -0.324771 1
0.904229 -0.420229 1
0.568448 -0.275946 1
0.348922 -0.640795 1
0.932030 -0.553892 1
0.701220 -0.727476 1
0.932868 -0.970740 1
0.058106 -0.579873 1
0.379694 -0.582849 1
0.425999 -0.789091 1
0.277092 -0.137816 1
0.742133 -0.567792 1
0.170385 -0.987673 1
0.548826 -0.365418 1
0.752329 -0.498575 1
0.346463 -0.671220 1
0.595021 -0.518259 1
0.680125 -0.406850 1
0.974161 -0.732740 1
0.636720 -0.559336 1
0.116299 -0.861903 1
0.457646 -0.474986 1
0.203397 -0.554406 1
0.349245 -0.677239 1
0.454878 -0.199978 1
0.318243 -0.830215 1
0.132960 -0.581545 1
0.424005 -0.409406 1
0.984588 -0.206863 1
0.160837 -0.725531 1
0.310294 -0.495717 1
0.145475 -0.251884 1
0.188220 -0.367025 1
0.635555 -0.273770 1
0.153785 -0.128221 1
0.474274 -0.917555 1
0.860781 -0.496229 1
0.910456 -0.382979 1
0.197982 -0.145175 1
0.177965 -0.401958 1
0.915696 -0.229176 1
0.234064 -0.220193 1
0.728631 -0.604063 1
0.743333 -0.935137 1
0.375405 -0.595719 1
0.079496 -0.568898 1
0.742016 -0.408709 1
0.283488 -0.751043 1
0.122273 -0.755297 1
0.598225 -0.309093 1
0.214205 -0.837482 1
0.813635 -0.093266 1
0.020067 -0.094843 1
0.198947 -0.749488 1
0.631967 -0.574247 1
0.448596 -0.869276 1
0.935510 -0.026873 1
0.466367 -0.421975 1
0.059709 -0.028808 1
0.371905 -0.041982 1
0.587386 -0.669355 1
0.062810 -0.894798 1
0.802205 -0.800610 1
0.053619 -0.762161 1
0.361025 -0.408219 1
0.783467 -0.340008 1
0.192683 -0.344492 1
0.031779 -0.046357 1
0.388011 -0.487604 1
0.700224 -0.534067 1
0.900960 -0.557744 1
0.614502 -0.669276 1
0.132605 -0.787519 1
0.252008 -0.646920 1
0.879573 -0.664519 1
0.064245 -0.428080 1
0.341860 -0.665330 1
0.148509 -0.807541 1
0.966289 -0.257358 1
0.261001 -0.665395 1
0.349140 -0.252903 1
0.663173 -0.342068 1
-0.438707 -0.817294 -1
-0.337484 -0.347793 -1
-0.845656 -0.364264 -1
-0.057277 -0.253495 -1
-0.757473 -0.610358 -1
-0.006133 -0.077032 -1
-0.447481 -0.378561 -1
-0.605355 -0.076073 -1
-0.265354 -0.611269 -1
-0.849517 -0.498822 -1
-0.695080 -0.612651 -1
-0.864786 -0.751065 -1
-0.315243 -0.292103 -1
-0.762967 -0.447919 -1
-0.087400 -0.307687 -1
-0.390128 -0.278681 -1
-0.540054 -0.441147 -1
-0.137301 -0.921028 -1
-0.769898 -0.444944 -1
-0.428238 -0.484322 -1
-0.214365 -0.428703 -1
-0.269398 -0.725252 -1
-0.320606 -0.875700 -1
-0.303462 -0.917991 -1
-0.367799 -0.070548 -1
-0.667765 -0.707142 -1
-0.349056 -0.891038 -1
-0.373891 -0.580116 -1
-0.303414 -0.988983 -1
-0.153412 -0.061524 -1
-0.014152 -0.128897 -1
-0.795411 -0.447874 -1
-0.373923 -0.984413 -1
-0.968299 -0.856020 -1
-0.032965 -0.886246 -1
-0.603307 -0.136078 -1
-0.062885 -0.531635 -1
-0.395178 -0.278879 -1
-0.159605 -0.884350 -1
-0.478193 -0.373295 -1
-0.301598 -0.954310 -1
-0.055936 -0.307357 -1
-0.708963 -0.964443 -1
-0.656733 -0.192049 -1
-0.799605 -0.242084 -1
-0.599730 -0.367164 -1
-0.259863 -0.999616 -1
-0.046995 -0.005886 -1
-0.840257 -0.865229 -1
-0.583281 -0.635801 -1
-0.160012 -0.668752 -1
-0.600928 -0.576440 -1
-0.021710 -0.651231 -1
-0.158375 -0.311753 -1
-0.879956 -0.772650 -1
-0.599831 -0.501096 -1
-0.612207 -0.334307 -1
-0.272338 -0.062044 -1
-0.807811 -0.073647 -1
-0.608134 -0.881528 -1
-0.635897 -0.678028 -1
-0.796264 -0.491880 -1
-0.428542 -0.992886 -1
-0.430098 -0.213821 -1
-0.536338 -0.141877 -1
-0.673095 -0.869858 -1
-0.722964 -0.245675 -1
-0.741534 -0.047127 -1
-0.602694 -0.654052 -1
-0.921854 -0.262184 -1
-0.700975 -0.952907 -1
-0.847559 -0.710295 -1
-0.872653 -0.634280 -1
-0.481555 -0.014147 -1
-0.207834 -0.492458 -1
-0.079608 -0.163680 -1
-0.060803 -0.480004 -1
-0.629002 -0.349053 -1
-0.984320 -0.896478 -1
-0.959910 -0.121243 -1
-0.080838 -0.454622 -1
-0.787014 -0.712846 -1
-0.032311 -0.719131 -1
-0.677271 -0.226497 -1
-0.103521 -0.867366 -1
-0.671316 -0.907802 -1
-0.356348 -0.515303 -1
-0.020345 -0.467233 -1
-0.521647 -0.453854 -1
-0.412126 -0.435442 -1
-0.252845 -0.143755 -1
-0.108993 -0.730043 -1
-0.523565 -0.710228 -1
-0.000110 -0.561387 -1
-0.310241 -0.670525 -1
-0.028110 -0.461461 -1
-0.861325 -0.233487 -1
-0.786221 -0.326689 -1
-0.579651 -0.516790 -1
-0.648573 -0.785257 -1
-0.173660 -0.491460 -1
-0.161001 -0.684063 -1
-0.548162 -0.625251 -1
-0.418481 -0.732025 -1
-0.068575 -0.255014 -1
-0.951917 -0.454855 -1
-0.593253 -0.090612 -1
-0.918807 -0.171136 -1
-0.116126 -0.550305 -1
-0.261771 -0.544058 -1
-0.764744 -0.868963 -1
-0.440973 -0.182654 -1
-0.021153 -0.365133 -1
-0.453620 -0.193192 -1
-0.046326 -0.272195 -1
-0.985590 -0.846769 -1
-0.942566 -0.590888 -1
-0.144653 -0.989983 -1
-0.724156 -0.551650 -1
-0.873446 -0.835866 -1
-0.550503 -0.145855 -1
-0.874678 -0.858259 -1
-0.174547 -0.839767 -1
-0.793219 -0.502078 -1
-0.118023 -0.054020 -1
-0.336419 -0.081896 -1
-0.620270 -0.705885 -1
-0.272669 -0.022748 -1
-0.631191 -0.347347 -1
-0.569619 -0.886999 -1
-0.293422 -0.750262 -1
-0.629351 -0.358699 -1
-0.462893 -0.079947 -1
-0.545607 -0.803105 -1
-0.618558 -0.351500 -1
-0.983161 -0.913701 -1
-0.233304 -0.614289 -1
-0.883371 -0.029296 -1
-0.662375 -0.690055 -1
-0.815533 -0.638825 -1
-0.351104 -0.360701 -1
-0.479247 -0.574448 -1
-0.659122 -0.464765 -1
-0.726788 -0.693248 -1
-0.523487 -0.800153 -1
-0.722650 -0.753358 -1
-0.436634 -0.811845 -1
-0.962531 -0.596379 -1
-0.360621 -0.575902 -1
-0.437603 -0.950220 -1
-0.234241 -0.319791 -1
-0.669186 -0.674980 -1
-0.358169 -0.134781 -1
-0.100761 -0.629124 -1
-0.888942 -0.602155 -1
-0.074605 -0.770135 -1
-0.210877 -0.403199 -1
-0.743444 -0.812745 -1
-0.964174 -0.987413 -1
-0.585409 -0.257411 -1
-0.039208 -0.393471 -1
-0.866352 -0.093535 -1
-0.633927 -0.945539 -1
-0.487026 -0.914278 -1
-0.852059 -0.144690 -1
-0.548391 -0.455414 -1
-0.043777 -0.969811 -1
-0.274156 -0.662898 -1
-0.787418 -0.538187 -1
-0.040011 -0.257874 -1
-0.958656 -0.594341 -1
-0.164351 -0.882695 -1
-0.660967 -0.057818 -1
-0.936362 -0.739372 -1
-0.078844 -0.728274 -1
-0.482547 -0.998657 -1
-0.353513 -0.099026 -1
-0.759151 -0.053202 -1
-0.916666 -0.485925 -1
-0.302014 -0.062433 -1
-0.627004 -0.008873 -1
-0.989147 -0.261476 -1
-0.253160 -0.472797 -1
-0.156583 -0.126598 -1
-0.259643 -0.556929 -1
-0.996163 -0.941613 -1
-0.518288 -0.637596 -1
-0.842921 -0.739684 -1
-0.505707 -0.599942 -1
-0.343282 -0.162388 -1
-0.567171 -0.047866 -1
-0.484009 -0.025174 -1
-0.291572 -0.370424 -1
-0.422983 -0.807779 -1
-0.061734 -0.452530 -1
-0.834944 -0.219547 -1
-0.210801 -0.550202 -1
-0.497443 -0.423811 -1
-0.449901 -0.802302 -1
-0.892336 -0.434854 -1
-0.611073 -0.841975 -1
-0.766408 -0.741006 -1
-0.961155 -0.735252 -1
-0.266605 -0.927400 -1
-0.660277 -0.384161 -1
-0.450511 -0.791357 -1
-0.306439 -0.775724 -1
-0.490525 -0.952470 -1
-0.548804 -0.401200 -1
-0.236226 -0.038487 -1
-0.484235 -0.980312 -1
-0.695908 -0.732881 -1
-0.929685 -0.586775 -1
-0.737366 -0.942867 -1
-0.257871 -0.188141 -1
-0.346145 -0.782016 -1
-0.770884 -0.655269 -1
-0.184269 -0.328110 -1
-0.449933 -0.841336 -1
-0.515131 -0.018693 -1
-0.966029 -0.948077 -1
-0.157471 -0.918646 -1
-0.082478 -0.764463 -1
-0.759539 -0.173843 -1
-0.584596 -0.001644 -1
-0.067612 -0.956011 -1
-0.967198 -0.235238 -1
-0.332101 -0.394868 -1
-0.600211 -0.253438 -1
-0.889224 -0.055520 -1
-0.690073 -0.685293 -1
-0.133024 -0.353805 -1
-0.101856 -0.631211 -1
-0.477083 -0.959792 -1
-0.307048 -0.485056 -1
-0.939869 -0.206091 -1
-0.224264 -0.363734 -1
-0.755947 -0.096076 -1
-0.816821 -0.637837 -1
-0.276834 -0.221563 -1
-0.767645 -0.306543 -1
-0.776195 -0.864697 -1
-0.160929 -0.972100 -1
-0.448000 -0.435551 -1
-0.617278 -0.162425 -1
-0.234332 -0.425165 -1
-0.273989 -0.745756 -1
-0.606050 -0.940978 -1
-0.808570 -0.000591 -1
-0.596168 -0.488128 -1
0.115120 0.028755 -1
0.509503 0.230955 -1
0.382624 0.099540 -1
0.007786 0.835441 -1
0.639251 0.121782 -1
0.534383 0.542276 -1
0.719762 0.447604 -1
0.204974 0.764308 -1
0.804658 0.675468 -1
0.696003 0.210864 -1
0.200432 0.230999 -1
0.789983 0.518066 -1
0.161625 0.103435 -1
0.618496 0.092526 -1
0.646230 0.802024 -1
0.911312 0.534626 -1
0.619424 0.848760 -1
0.718812 0.643306 -1
0.006773 0.501395 -1
0.639638 0.302069 -1
0.994563 0.676980 -1
0.903874 0.135762 -1
0.879972 0.827215 -1
0.630864 0.018123 -1
0.858269 0.835501 -1
0.550519 0.222413 -1
0.270620 0.215180 -1
0.631684 0.876391 -1
0.663524 0.990983 -1
0.214499 0.450649 -1
0.291658 0.073948 -1
0.502285 0.211937 -1
0.957955 0.321124 -1
0.932766 0.042004 -1
0.314261 0.407404 -1
0.618317 0.454827 -1
0.909397 0.205879 -1
0.724582 0.232641 -1
0.546802 0.743607 -1
0.631619 0.082916 -1
0.761571 0.580538 -1
0.479242 0.668521 -1
0.888700 0.958595 -1
0.638121 0.712485 -1
0.703410 0.681597 -1
0.853371 0.145615 -1
0.773990 0.333204 -1
0.826278 0.667267 -1
0.926360 0.545257 -1
0.496490 0.922374 -1
0.109055 0.825767 -1
0.796963 0.047331 -1
0.907939 0.833036 -1
0.771121 0.563227 -1
0.792331 0.431704 -1
0.086618 0.559931 -1
0.652453 0.243440 -1
0.713415 0.766999 -1
0.552067 0.813963 -1
0.744287 0.020439 -1
0.998787 0.531546 -1
0.972698 0.192267 -1
0.306427 0.345536 -1
0.308574 0.624483 -1
0.119018 0.209749 -1
0.096327 0.964859 -1
0.181491 0.049141 -1
0.535020 0.651415 -1
0.471464 0.444639 -1
0.286514 0.890002 -1
0.423061 0.540358 -1
0.234373 0.841847 -1
0.870563 0.450383 -1
0.907832 0.686785 -1
0.997372 0.568879 -1
0.865835 0.922430 -1
0.261871 0.315946 -1
0.715246 0.869106 -1
0.649757 0.853562 -1
0.790507 0.461729 -1
0.726838 0.116379 -1
0.364461 0.300558 -1
0.356868 0.116135 -1
0.945200 0.019371 -1
0.155832 0.578502 -1
0.135673 0.008872 -1
0.008779 0.680086 -1
0.092121 0.557780 -1
0.742887 0.331417 -1
0.601875 0.403141 -1
0.758656 0.937787 -1
0.291977 0.394617 -1
0.320183 0.384520 -1
0.948254 0.910830 -1
0.874444 0.266493 -1
0.003909 0.609515 -1
0.048546 0.317095 -1
0.849795 0.639908 -1
0.750742 0.491334 -1
0.099311 0.787218 -1
0.649433 0.808703 -1
0.739911 0.180220 -1
0.593429 0.169492 -1
0.002395 0.841251 -1
0.846273 0.504054 -1
0.271709 0.616359 -1
0.724811 0.629535 -1
0.546418 0.863080 -1
0.329193 0.796284 -1
0.910445 0.665591 -1
0.240014 0.801596 -1
0.143093 0.046449 -1
0.348042 0.905561 -1
0.581524 0.313146 -1
0.953155 0.011677 -1
0.585413 0.817717 -1
0.128233 0.749605 -1
0.858599 0.133469 -1
0.185813 0.223342 -1
0.571581 0.278434 -1
0.072903 0.502539 -1
0.291372 0.081597 -1
0.917597 0.616883 -1
0.122979 0.738299 -1
0.544307 0.706271 -1
0.945088 0.835778 -1
0.713203 0.695371 -1
0.978340 0.272491 -1
0.275897 0.531035 -1
0.729969 0.715482 -1
0.537651 0.249190 -1
0.465570 0.718222 -1
0.156141 0.747188 -1
0.561259 0.501087 -1
0.722124 0.818247 -1
0.975503 0.069034 -1
0.328121 0.942686 -1
0.356429 0.280358 -1
0.124604 0.499782 -1
0.216176 0.381652 -1
0.835819 0.332985 -1
0.436547 0.892736 -1
0.526626 0.758777 -1
0.345821 0.323720 -1
0.755692 0.730532 -1
0.229814 0.868734 -1
0.027626 0.699742 -1
0.788068 0.854841 -1
0.397423 0.308731 -1
0.177168 0.544343 -1
0.587140 0.958199 -1
0.769790 0.507899 -1
0.766996 0.793883 -1
0.254817 0.820630 -1
0.171926 0.916237 -1
0.153358 0.326377 -1
0.727402 0.672965 -1
0.738499 0.849266 -1
0.024439 0.305861 -1
0.661957 0.889565 -1
0.482772 0.679365 -1
0.343365 0.952410 -1
0.576298 0.380307 -1
0.709021 0.746792 -1
0.990477 0.241716 -1
0.293375 0.554388 -1
0.127561 0.505916 -1
0.738163 0.577706 -1
0.286030 0.911177 -1
0.848153 0.473724 -1
0.070349 0.725182 -1
0.573734 0.348406 -1
0.694176 0.360281 -1
0.391121 0.432795 -1
0.414670 0.016951 -1
0.317563 0.484584 -1
0.098005 0.058944 -1
0.588965 0.821692 -1
0.676952 0.917454 -1
0.444267 0.906309 -1
0.754548 0.254773 -1
0.753078 0.745103 -1
0.928841 0.775524 -1
0.025263 0.370210 -1
0.447276 0.373199 -1
0.574652 0.281784 -1
0.402432 0.170626 -1
0.695157 0.524174 -1
0.581162 0.935371 -1
0.138018 0.917584 -1
0.133238 0.366778 -1
0.360901 0.548762 -1
0.010884 0.098715 -1
0.438896 0.535040 -1
0.863616 0.866033 -1
0.222393 0.382940 -1
0.082125 0.863519 -1
0.161156 0.350241 -1
0.361124 0.624849 -1
0.408172 0.037147 -1
0.978675 0.807349 -1
0.069517 0.918635 -1
0.597849 0.230043 -1
0.051820 0.084773 -1
0.050657 0.084645 -1
0.133625 0.308262 -1
0.106731 0.544057 -1
0.806541 0.383253 -1
0.194909 0.759997 -1
0.253504 0.643628 -1
0.584536 0.960222 -1
0.449833 0.561034 -1
0.554973 0.291985 -1
0.268911 0.267070 -1
0.883123 0.126176 -1
0.379251 0.095729 -1
0.172068 0.788676 -1
0.517993 0.514545 -1
0.503360 0.832922 -1
0.718529 0.523328 -1
0.631972 0.884624 -1
0.612425 0.846445 -1
0.745016 0.303879 -1
0.391548 0.570231 -1
0.856320 0.242980 -1
0.768885 0.108175 -1
0.450237 0.308019 -1
0.468775 0.236936 -1
0.419346 0.839762 -1
0.885971 0.863598 -1
0.718063 0.156719 -1
0.299983 0.633237 -1
0.826881 0.534054 -1
0.766638 0.027686 -1
0.248580 0.745177 -1
0.846869 0.457890 -1
0.104278 0.139239 -1
0.996654 0.053368 -1
0.926644 0.416545 -1
0.902697 0.320353 -1
0.725045 0.472346 -1
0.098996 0.149463 -1
0.607819 0.864117 -1
0.441405 0.595558 -1
0.594675 0.723618 -1
0.330882 0.876825 -1
0.276380 0.312661 -1
0.841777 0.802389 -1
0.594346 0.853855 -1
0.052924 0.615963 -1
