-0.809135 0.633446 -1
-0.891683 0.232314 1
-0.427282 0.195701 1
-0.736372 0.128357 1
-0.097229 0.370361 1
-0.818106 0.824305 -1
-0.494249 0.411074 1
-0.382733 0.836792 1
-0.473757 0.032151 -1
-0.594404 0.548533 1
-0.683858 0.906821 -1
-0.129677 0.965152 1
-0.503240 0.545494 1
-0.607008 0.624966 -1
-0.069330 0.519001 -1
-0.381674 0.555161 -1
-0.117144 0.889738 1
-0.757105 0.576609 -1
-0.098231 0.080952 1
-0.998350 0.852227 -1
-0.654746 0.499995 1
-0.671078 0.327559 -1
-0.298715 0.657606 -1
-0.911268 0.806543 -1
-0.287032 0.738034 1
-0.064838 0.598472 1
-0.661858 0.585181 -1
-0.056846 0.203327 1
-0.957791 0.696469 1
-0.761106 0.049838 -1
-0.426417 0.160500 1
-0.592944 0.753163 1
-0.181439 0.290290 1
-0.370282 0.176787 1
-0.409588 0.797975 1
-0.071539 0.272799 1
-0.076566 0.745846 1
-0.828182 0.779182 1
-0.850137 0.868088 -1
-0.622302 0.636314 1
-0.400064 0.793132 -1
-0.106549 0.198554 -1
-0.296230 0.159906 -1
-0.145395 0.293235 -1
-0.018427 0.314695 -1
-0.050655 0.167915 1
-0.660434 0.325070 -1
-0.363441 0.325311 1
-0.428034 0.901543 -1
-0.286634 0.793618 1
-0.746457 0.565253 -1
-0.057177 0.273211 1
-0.327512 0.413444 1
-0.970694 0.296628 1
-0.872074 0.835899 1
-0.236083 0.523408 -1
-0.721807 0.983591 1
-0.200395 0.923542 1
-0.312688 0.590015 1
-0.024456 0.995428 1
-0.312627 0.408971 1
-0.216465 0.155428 1
-0.588578 0.185414 -1
-0.093930 0.332198 1
-0.058426 0.416886 -1
-0.682053 0.957796 1
-0.826236 0.781228 1
-0.563488 0.611363 1
-0.772636 0.438829 1
-0.359313 0.301722 1
-0.544310 0.810919 1
-0.161183 0.997989 1
-0.571036 0.747391 1
-0.078393 0.385515 1
-0.278457 0.607153 1
-0.435269 0.158504 -1
-0.964263 0.884456 -1
-0.365433 0.914465 1
-0.946839 0.473571 -1
-0.669264 0.201737 -1
-0.194835 0.814534 -1
-0.731889 0.775390 1
-0.202960 0.998822 -1
-0.107848 0.350137 1
-0.981260 0.171413 -1
-0.792361 0.160134 1
-0.877384 0.761342 1
-0.361737 0.521128 -1
-0.628066 0.915232 -1
-0.250452 0.477830 1
-0.875248 0.428510 -1
-0.677029 0.409478 1
-0.782755 0.519200 1
-0.748739 0.680301 1
-0.820064 0.302961 1
-0.604781 0.196751 -1
-0.807371 0.404687 1
-0.217830 0.529749 1
-0.222666 0.194109 -1
-0.044318 0.242501 1
-0.627518 0.038631 1
-0.529063 0.220458 1
-0.373123 0.901628 1
-0.865065 0.739805 1
-0.271212 0.576041 -1
-0.383310 0.356652 1
-0.614025 0.771359 1
-0.840554 0.055486 1
-0.612189 0.413870 -1
-0.630393 0.362702 1
-0.617856 0.740850 -1
-0.215342 0.397924 -1
-0.753792 0.445612 1
-0.805171 0.353137 1
-0.689824 0.985739 -1
-0.433823 0.566397 -1
-0.339020 0.368729 -1
-0.773009 0.207875 1
-0.128214 0.021174 1
-0.313116 0.745936 1
-0.583175 0.021114 1
-0.850392 0.364872 1
-0.963547 0.072808 1
-0.782339 0.349995 1
-0.948520 0.614933 1
-0.444881 0.519368 -1
-0.515509 0.393599 1
-0.095287 0.940835 -1
-0.563837 0.129707 1
-0.867228 0.149140 -1
-0.806528 0.381715 1
-0.620203 0.075429 1
-0.793200 0.245923 1
-0.508671 0.871379 1
-0.558627 0.327320 1
-0.551282 0.304142 1
-0.621681 0.665320 -1
-0.103974 0.296885 -1
-0.304953 0.745354 1
-0.888881 0.459351 -1
-0.017963 0.648013 -1
-0.916990 0.535852 1
-0.458063 0.818639 -1
-0.913751 0.220436 -1
-0.519864 0.850213 1
-0.430512 0.869353 1
-0.657698 0.263759 1
-0.412619 0.504285 -1
-0.462169 0.107858 1
-0.590473 0.722348 -1
-0.331846 0.405305 1
-0.410754 0.920254 -1
-0.171797 0.240767 1
-0.778331 0.433254 -1
-0.563345 0.627381 1
-0.033563 0.508658 -1
-0.791033 0.598248 1
-0.295322 0.794153 1
-0.411563 0.433737 1
-0.128324 0.081956 1
-0.803213 0.710251 1
-0.849658 0.263947 -1
-0.956770 0.624003 -1
-0.253717 0.487975 1
-0.650413 0.313136 1
-0.920250 0.606063 -1
-0.239196 0.237385 -1
-0.273750 0.662655 1
-0.256032 0.167812 1
-0.070210 0.783284 1
-0.339851 0.784313 1
-0.080928 0.761199 -1
-0.628198 0.980703 -1
-0.474561 0.793700 1
-0.515498 0.912724 1
-0.089695 0.261475 1
-0.182031 0.393551 -1
-0.646596 0.878221 1
-0.222345 0.695247 -1
-0.362380 0.214634 1
-0.070834 0.415793 1
-0.155911 0.790071 -1
-0.243718 0.097823 -1
-0.393403 0.166971 -1
-0.790134 0.729616 1
-0.985093 0.342924 -1
-0.831478 0.427914 1
-0.629266 0.359088 -1
-0.591814 0.221492 1
-0.361495 0.749073 1
-0.350307 0.218549 1
-0.829952 0.717116 -1
-0.161608 0.281862 -1
-0.916370 0.985758 1
-0.542907 0.641355 1
-0.426591 0.004248 1
-0.288612 0.180840 1
-0.801899 0.707761 1
-0.904039 0.919305 1
-0.808491 0.214105 -1
-0.150555 0.646809 1
-0.215762 0.440814 -1
-0.490965 0.581004 1
-0.442659 0.475768 -1
-0.253171 0.415295 -1
-0.280270 0.216775 -1
-0.821939 0.776801 -1
-0.156760 0.072900 1
-0.824688 0.922231 1
-0.914180 0.385303 -1
-0.787401 0.739454 1
-0.881533 0.922604 1
-0.198009 0.070842 1
-0.859256 0.325104 -1
-0.877457 0.306240 1
-0.601389 0.447249 -1
-0.090145 0.185950 -1
-0.644553 0.763136 -1
-0.161566 0.108933 -1
-0.817624 0.628455 -1
-0.219414 0.925974 1
-0.055188 0.774522 -1
-0.240940 0.897542 -1
-0.224544 0.754608 -1
-0.316449 0.885392 -1
-0.678082 0.730799 1
-0.556642 0.133792 1
-0.702968 0.370819 1
-0.726263 0.754071 1
-0.476149 0.571274 1
-0.947118 0.749145 -1
-0.257327 0.890808 1
-0.046471 0.995827 1
-0.290397 0.397984 1
-0.300250 0.673648 1
-0.945335 0.108172 1
-0.903091 0.109146 1
-0.518084 0.858308 1
-0.562682 0.000655 -1
-0.970882 0.080786 1
-0.600993 0.142435 1
-0.023941 0.956912 -1
-0.639707 0.969662 1
-0.203205 0.472432 1
-0.869686 0.826096 1
-0.670893 0.742561 1
-0.888488 0.847130 -1
-0.582861 0.472831 1
-0.559260 0.980047 -1
-0.046015 0.139370 1
0.421949 -0.611669 -1
0.973648 -0.803061 -1
0.938676 -0.521253 1
0.036419 -0.432539 -1
0.288795 -0.211317 1
0.549970 -0.669908 -1
0.203532 -0.978929 1
0.688310 -0.822446 1
0.658987 -0.596111 -1
0.652495 -0.398894 1
0.332719 -0.144761 1
0.174246 -0.247296 -1
0.353657 -0.871236 -1
0.287722 -0.149967 1
0.878522 -0.963766 1
0.088115 -0.850964 -1
0.459296 -0.036061 1
0.374579 -0.228038 1
0.701509 -0.646472 1
0.138705 -0.669744 1
0.742516 -0.006476 1
0.200679 -0.690182 1
0.595124 -0.333074 -1
0.660148 -0.658338 -1
0.039980 -0.439892 1
0.685732 -0.784686 -1
0.981844 -0.630295 1
0.975137 -0.357484 -1
0.620485 -0.525946 -1
0.949384 -0.965125 1
0.452669 -0.579528 -1
0.581243 -0.770367 1
0.583387 -0.107987 1
0.583521 -0.771768 -1
0.341149 -0.143325 1
0.391721 -0.601937 1
0.065462 -0.911109 -1
0.715471 -0.448174 -1
0.496613 -0.400049 1
0.720738 -0.733210 -1
0.094896 -0.037602 1
0.457058 -0.897609 -1
0.513526 -0.881460 1
0.942686 -0.124426 -1
0.567236 -0.823202 -1
0.590869 -0.505904 -1
0.503231 -0.924007 1
0.661410 -0.238989 1
0.110758 -0.719771 -1
0.135507 -0.202341 -1
0.008202 -0.975039 -1
0.544432 -0.687483 1
0.816375 -0.801931 -1
0.031964 -0.351259 1
0.112776 -0.500576 1
0.114726 -0.426637 1
0.958291 -0.315258 1
0.791066 -0.344277 1
0.565401 -0.701097 -1
0.109176 -0.750028 1
0.707155 -0.538036 -1
0.572236 -0.630008 -1
0.076107 -0.532252 1
0.021970 -0.544597 -1
0.340366 -0.807327 1
0.153014 -0.593154 1
0.144562 -0.494571 1
0.364471 -0.955971 1
0.738455 -0.282701 -1
0.465346 -0.308922 1
0.683121 -0.623353 1
0.479221 -0.406375 1
0.381601 -0.279191 1
0.094793 -0.856726 1
0.136659 -0.248029 -1
0.774878 -0.555544 1
0.151672 -0.642817 -1
0.281378 -0.601047 1
0.317301 -0.125936 -1
0.595473 -0.521048 -1
0.847842 -0.327664 1
0.713429 -0.635981 1
0.749836 -0.032500 1
0.998708 -0.058168 -1
0.046326 -0.449216 1
0.546933 -0.174413 1
0.043643 -0.334411 1
0.352196 -0.093481 1
0.381031 -0.263865 1
0.214247 -0.232220 -1
0.716298 -0.233561 1
0.107056 -0.494065 -1
0.246003 -0.964130 -1
0.200377 -0.157302 1
0.539038 -0.163897 1
0.330812 -0.592658 -1
0.664162 -0.196778 -1
0.299901 -0.900916 1
0.589272 -0.371624 1
0.736464 -0.115116 -1
0.268562 -0.023329 -1
0.221828 -0.850649 -1
0.072940 -0.967297 1
0.293664 -0.227075 -1
0.260802 -0.240710 1
0.181859 -0.152048 1
0.312051 -0.015826 1
0.905963 -0.022119 1
0.578667 -0.288787 1
0.050028 -0.343481 -1
0.569822 -0.066519 1
0.376177 -0.959088 -1
0.303691 -0.959015 1
0.871880 -0.045617 -1
0.401654 -0.788295 -1
0.237949 -0.567868 1
0.921248 -0.512954 1
0.474859 -0.450182 1
0.783518 -0.269042 1
0.384181 -0.831946 1
0.453192 -0.355437 -1
0.436494 -0.720006 1
0.329342 -0.215384 -1
0.805585 -0.667044 1
0.771153 -0.283463 -1
0.942203 -0.865058 1
0.396982 -0.565702 1
0.982839 -0.070616 -1
0.944040 -0.175756 1
0.765737 -0.954217 1
0.579672 -0.243025 -1
0.870382 -0.794648 1
0.350734 -0.980853 1
0.388190 -0.843310 1
0.060838 -0.926105 1
0.088831 -0.398395 1
0.790081 -0.272856 1
0.319232 -0.408960 -1
0.837004 -0.154782 1
0.127556 -0.093232 -1
0.739303 -0.083500 1
0.113073 -0.684287 -1
0.566445 -0.160564 -1
0.546288 -0.305784 1
0.351320 -0.028225 1
0.995952 -0.906680 -1
0.740604 -0.362616 -1
0.220870 -0.551791 1
0.595260 -0.970943 -1
0.354267 -0.293476 1
0.838625 -0.785816 1
0.443099 -0.942836 -1
0.617848 -0.707096 1
0.585451 -0.320003 1
0.557847 -0.315420 1
0.812993 -0.185891 1
0.046109 -0.485915 -1
0.683249 -0.592374 1
0.992722 -0.357899 -1
0.498265 -0.715358 -1
0.838389 -0.018021 1
0.413172 -0.014013 -1
0.877099 -0.433745 1
0.803032 -0.969106 -1
0.269948 -0.078240 -1
0.422623 -0.905733 -1
0.627138 -0.510281 -1
0.361487 -0.762093 -1
0.340144 -0.488185 1
0.362179 -0.464134 -1
0.842507 -0.424255 -1
0.147293 -0.000836 1
0.861036 -0.411739 1
0.400123 -0.658190 -1
0.591450 -0.788125 1
0.662990 -0.233159 -1
0.548916 -0.609471 1
0.919085 -0.853995 1
0.514217 -0.364931 -1
0.314592 -0.019258 1
0.453304 -0.791289 1
0.575377 -0.434374 1
0.285750 -0.349586 1
0.432171 -0.866486 1
0.160226 -0.172114 -1
0.237772 -0.266853 -1
0.510295 -0.048733 1
0.612002 -0.212325 1
0.884827 -0.993001 -1
0.865643 -0.777508 -1
0.457859 -0.789123 1
0.095786 -0.278374 -1
0.691386 -0.511380 -1
0.390169 -0.117299 -1
0.707547 -0.891147 1
0.122686 -0.060999 1
0.738187 -0.544447 1
0.915620 -0.163264 -1
0.782332 -0.492212 1
0.718676 -0.723819 1
0.080117 -0.817940 1
0.236353 -0.087909 1
0.933298 -0.417247 1
0.310625 -0.944844 1
0.868131 -0.269816 1
0.133109 -0.802392 -1
0.698648 -0.531587 1
0.498008 -0.602552 1
0.303169 -0.682410 1
0.703777 -0.035613 -1
0.002452 -0.050295 1
0.296978 -0.357615 1
0.041498 -0.510195 1
0.250802 -0.314256 1
0.796119 -0.746071 1
0.874331 -0.730058 1
0.214647 -0.777980 -1
0.553805 -0.604592 1
0.288730 -0.862219 1
0.201379 -0.916228 1
0.167131 -0.779245 -1
0.793243 -0.278452 1
0.841398 -0.703474 1
0.278738 -0.593418 1
0.701975 -0.400479 1
0.237895 -0.420411 -1
0.160934 -0.105622 -1
0.051847 -0.729951 -1
0.741477 -0.492655 -1
0.253136 -0.652153 1
0.723579 -0.767749 1
0.956395 -0.286377 -1
0.703194 -0.755563 -1
0.042164 -0.731156 -1
0.006962 -0.067314 -1
0.427602 -0.466711 1
0.272581 -0.526853 1
0.541597 -0.290131 1
0.407896 -0.269418 1
0.162290 -0.774663 1
0.376283 -0.353092 1
0.623130 -0.204936 -1
0.552045 -0.172399 1
0.563278 -0.449927 1
0.280158 -0.909303 -1
0.386442 -0.776665 1
0.070475 -0.397677 1
0.227225 -0.623987 1
0.113064 -0.949414 1
0.383911 -0.380146 1
-0.252680 -0.488487 1
-0.758853 -0.693682 -1
-0.731894 -0.126113 -1
-0.075859 -0.019810 1
-0.455930 -0.824030 -1
-0.009128 -0.392332 -1
-0.306254 -0.890800 -1
-0.269822 -0.301796 -1
-0.187862 -0.573179 1
-0.483288 -0.474044 -1
-0.116349 -0.353408 1
-0.285054 -0.370723 -1
-0.326529 -0.649083 1
-0.829864 -0.634007 -1
-0.569737 -0.011459 -1
-0.042330 -0.369977 1
-0.526781 -0.635896 -1
-0.631237 -0.114096 1
-0.523660 -0.955915 1
-0.415426 -0.331274 -1
-0.348492 -0.067321 1
-0.622597 -0.825149 -1
-0.333347 -0.582008 1
-0.944480 -0.212112 1
-0.615156 -0.590068 -1
-0.620042 -0.075442 -1
-0.248647 -0.766266 -1
-0.060589 -0.029237 1
-0.580788 -0.555811 1
-0.385522 -0.083446 1
-0.015991 -0.691898 1
-0.149391 -0.529231 1
-0.759025 -0.157500 1
-0.740048 -0.284337 -1
-0.756690 -0.846116 1
-0.361894 -0.104584 1
-0.589735 -0.027202 -1
-0.319053 -0.363800 1
-0.779935 -0.595746 1
-0.251535 -0.861499 1
-0.388309 -0.050713 1
-0.072477 -0.047046 -1
-0.850593 -0.571032 1
-0.958575 -0.928412 1
-0.515049 -0.113492 1
-0.995684 -0.141730 1
-0.946375 -0.979993 -1
-0.626397 -0.253938 -1
-0.707025 -0.890852 1
-0.291868 -0.757015 1
-0.139153 -0.644568 1
-0.556775 -0.532274 -1
-0.000847 -0.356611 -1
-0.885081 -0.912520 -1
-0.816950 -0.661098 -1
-0.212383 -0.288902 -1
-0.417685 -0.664168 -1
-0.437177 -0.530295 -1
-0.597539 -0.847641 1
-0.426927 -0.844342 -1
-0.137024 -0.938277 -1
-0.546815 -0.837418 1
-0.982391 -0.248557 -1
-0.962424 -0.533753 -1
-0.341072 -0.676196 -1
-0.693502 -0.220024 -1
-0.147914 -0.436959 -1
-0.211114 -0.263707 1
-0.375730 -0.496820 -1
-0.026877 -0.684229 1
-0.899433 -0.075504 -1
-0.996100 -0.531104 -1
-0.761792 -0.577553 -1
-0.051385 -0.005184 1
-0.426972 -0.254614 -1
-0.570693 -0.990612 -1
-0.028678 -0.019907 -1
-0.911020 -0.972697 -1
-0.667865 -0.725224 -1
-0.645219 -0.016897 1
-0.361949 -0.896801 1
-0.640058 -0.600999 1
-0.486971 -0.718007 -1
-0.309609 -0.509245 -1
-0.826572 -0.631743 -1
-0.995849 -0.195222 1
-0.501482 -0.225897 1
-0.346981 -0.968307 -1
-0.940199 -0.388842 -1
-0.370343 -0.738621 -1
-0.203429 -0.791979 -1
-0.018353 -0.050442 -1
-0.124492 -0.630819 1
-0.820326 -0.649791 -1
-0.868165 -0.244132 -1
-0.249869 -0.091370 1
-0.829546 -0.361601 1
-0.210769 -0.334422 1
-0.822200 -0.580856 1
-0.781331 -0.279371 -1
-0.170578 -0.992856 1
-0.599962 -0.410862 -1
-0.551542 -0.638193 -1
-0.356778 -0.267324 1
-0.112647 -0.107294 1
-0.957483 -0.905426 1
-0.644869 -0.503884 1
-0.301010 -0.868883 -1
-0.147842 -0.972774 1
-0.660629 -0.434293 -1
-0.282014 -0.829953 -1
-0.162945 -0.171781 1
-0.438419 -0.526331 -1
-0.263879 -0.364412 -1
-0.607069 -0.024920 -1
-0.141651 -0.861533 -1
-0.832683 -0.404434 1
-0.357320 -0.445007 1
-0.572945 -0.641274 -1
-0.430956 -0.449940 -1
-0.549259 -0.100091 -1
-0.673275 -0.185969 1
-0.023920 -0.494363 -1
-0.564830 -0.778550 -1
-0.093384 -0.319381 -1
-0.989249 -0.461941 -1
-0.169126 -0.916603 -1
-0.636998 -0.150569 -1
-0.342097 -0.854868 -1
-0.576932 -0.005016 1
-0.331528 -0.857405 -1
-0.567420 -0.761257 -1
-0.709336 -0.931141 1
-0.087699 -0.829529 -1
-0.540769 -0.511478 1
-0.489990 -0.136502 -1
-0.695955 -0.875894 -1
-0.782179 -0.471630 1
-0.999058 -0.085000 -1
-0.719140 -0.919702 1
-0.839593 -0.392560 -1
-0.366738 -0.132658 1
-0.355336 -0.536173 -1
-0.547100 -0.617287 1
-0.709686 -0.386745 1
-0.694013 -0.172341 -1
-0.478515 -0.934209 1
-0.845105 -0.540185 -1
-0.572952 -0.535626 1
-0.913507 -0.165827 1
-0.097206 -0.653119 1
-0.477103 -0.240823 -1
-0.149750 -0.960532 -1
-0.703710 -0.263481 -1
-0.307015 -0.861623 1
-0.141587 -0.591463 1
-0.626664 -0.256683 1
-0.991162 -0.122263 -1
-0.377340 -0.343569 -1
-0.601865 -0.960189 -1
-0.293537 -0.728457 1
-0.675195 -0.441932 -1
-0.704212 -0.512587 -1
-0.738065 -0.857341 -1
-0.559527 -0.929054 -1
-0.541298 -0.269432 -1
-0.488873 -0.243136 -1
-0.114782 -0.556156 -1
-0.545386 -0.020886 1
-0.461503 -0.296409 1
-0.029436 -0.047220 -1
-0.244498 -0.320730 -1
-0.606125 -0.792964 -1
-0.649804 -0.124986 -1
-0.122761 -0.182316 -1
-0.913127 -0.341331 -1
-0.373130 -0.437431 -1
-0.240205 -0.761918 -1
-0.945803 -0.679779 1
-0.114786 -0.738497 1
-0.746014 -0.665101 1
-0.698000 -0.928529 1
-0.223675 -0.312829 -1
-0.065749 -0.948820 -1
-0.956004 -0.494749 1
-0.643163 -0.016153 1
-0.028444 -0.462404 1
-0.692662 -0.465592 1
-0.345132 -0.268591 1
-0.304569 -0.345776 1
-0.481574 -0.795979 -1
-0.981553 -0.806650 -1
-0.773035 -0.246356 -1
-0.085702 -0.430986 1
-0.824803 -0.936927 -1
-0.186660 -0.624112 1
-0.628876 -0.448398 -1
-0.917860 -0.482930 1
-0.567106 -0.433754 -1
-0.044918 -0.618230 -1
-0.251091 -0.037924 1
-0.312297 -0.947951 1
-0.341086 -0.541876 -1
-0.324551 -0.730184 -1
-0.894967 -0.399831 1
-0.192637 -0.909742 -1
-0.990570 -0.971665 1
-0.043297 -0.227316 -1
-0.461555 -0.935453 -1
-0.565617 -0.012482 -1
-0.058178 -0.572532 1
-0.481906 -0.466514 -1
-0.772007 -0.945826 1
-0.840553 -0.062974 1
-0.711829 -0.606126 1
-0.276528 -0.050240 -1
-0.044209 -0.058203 1
-0.052903 -0.859008 -1
-0.300803 -0.955878 1
-0.813050 -0.955736 1
-0.212509 -0.435303 -1
-0.823000 -0.954638 1
-0.068105 -0.482755 1
-0.231814 -0.281003 1
-0.555870 -0.739192 -1
-0.031997 -0.905157 -1
-0.057786 -0.519036 -1
-0.089477 -0.782097 -1
-0.500319 -0.072322 -1
-0.336451 -0.615232 -1
-0.091720 -0.606190 -1
-0.471789 -0.926461 -1
-0.699512 -0.154317 1
-0.680862 -0.728434 1
-0.913543 -0.736145 1
-0.422569 -0.253587 -1
-0.292799 -0.270520 1
-0.543333 -0.277096 1
-0.087316 -0.425794 1
-0.583037 -0.130964 1
-0.688545 -0.305292 -1
-0.577437 -0.998335 -1
-0.249233 -0.909133 1
-0.856767 -0.132519 -1
-0.171329 -0.264491 -1
-0.197965 -0.731919 -1
-0.223936 -0.472829 -1
-0.271173 -0.482008 1
-0.299602 -0.128755 1
-0.753016 -0.167979 -1
0.450917 0.561607 1
0.195111 0.110676 -1
0.161996 0.445380 -1
0.689827 0.902337 -1
0.402631 0.492881 -1
0.817913 0.745088 -1
0.373573 0.087651 -1
0.438290 0.713820 -1
0.545352 0.177245 1
0.636356 0.252742 -1
0.210594 0.569865 -1
0.563343 0.980355 -1
0.126839 0.344943 -1
0.704983 0.491317 1
0.551124 0.217872 -1
0.765175 0.973628 1
0.990823 0.967426 -1
0.524015 0.125357 1
0.483398 0.820141 -1
0.898521 0.327089 1
0.592661 0.319395 -1
0.821446 0.751866 1
0.045753 0.668710 -1
0.298992 0.920164 1
0.032302 0.910309 -1
0.880308 0.051156 1
0.503433 0.001725 -1
0.896678 0.268140 1
0.247803 0.939141 -1
0.299212 0.616051 -1
0.076838 0.358910 1
0.457734 0.968418 -1
0.735544 0.203280 -1
0.199631 0.724446 -1
0.184065 0.928597 -1
0.098330 0.430653 1
0.176723 0.346031 -1
0.607514 0.327565 -1
0.278243 0.503371 -1
0.737922 0.750405 -1
0.554366 0.310114 1
0.132304 0.480599 -1
0.317343 0.470969 -1
0.091124 0.306301 -1
0.505093 0.685693 1
0.395222 0.201809 -1
0.393178 0.262026 1
0.517936 0.271916 -1
0.929938 0.501860 -1
0.964310 0.410609 -1
0.649860 0.692978 1
0.581618 0.493700 -1
0.373450 0.484982 -1
0.157292 0.812778 1
0.925201 0.719471 -1
0.856126 0.746201 -1
0.639945 0.922463 -1
0.658151 0.568038 -1
0.614560 0.230645 1
0.514747 0.129685 -1
0.033096 0.697070 1
0.306996 0.165811 1
0.454539 0.835061 -1
0.863066 0.301334 -1
0.743898 0.145999 1
0.520727 0.070825 -1
0.070915 0.353349 1
0.960304 0.506370 -1
0.917077 0.758042 1
0.279773 0.996537 -1
0.269617 0.182479 -1
0.321710 0.094880 -1
0.282316 0.000082 1
0.431002 0.117190 -1
0.917673 0.986662 1
0.535483 0.633982 1
0.374216 0.706122 1
0.664076 0.064414 -1
0.456508 0.213274 1
0.557919 0.165153 -1
0.050195 0.986644 1
0.441753 0.130922 1
0.945961 0.068664 -1
0.334864 0.525057 -1
0.543196 0.290923 -1
0.252412 0.904395 -1
0.493741 0.640024 1
0.287419 0.775741 -1
0.211709 0.387328 -1
0.560160 0.623528 1
0.768918 0.196831 1
0.912904 0.196407 -1
0.390731 0.751062 1
0.873311 0.088305 -1
0.334684 0.140499 -1
0.673564 0.572470 -1
0.194899 0.587584 1
0.662305 0.260865 1
0.043056 0.789810 1
0.150273 0.662003 -1
0.032924 0.727129 -1
0.259725 0.026333 -1
0.966131 0.618369 -1
0.561163 0.097422 1
0.747995 0.124623 -1
0.048775 0.186997 -1
0.682835 0.022797 1
0.445516 0.262916 1
0.389425 0.974482 1
0.581549 0.799915 -1
0.688900 0.109421 1
0.408446 0.707892 -1
0.436212 0.951089 -1
0.020946 0.578030 -1
0.466238 0.325233 -1
0.565333 0.790073 1
0.908723 0.148435 1
0.543875 0.967466 -1
0.934130 0.304402 1
0.078136 0.670610 -1
0.724748 0.461429 -1
0.187939 0.106166 -1
0.881164 0.667024 1
0.149936 0.830293 1
0.931461 0.853439 1
0.006467 0.024674 -1
0.528591 0.560804 -1
0.453432 0.025363 -1
0.263256 0.267405 -1
0.568645 0.108558 -1
0.053164 0.693772 1
0.698750 0.431429 -1
0.814158 0.422545 -1
0.280352 0.298987 1
0.243506 0.227386 1
0.124434 0.664504 1
0.801318 0.497154 -1
0.400866 0.685158 1
0.050957 0.640320 -1
0.536415 0.926124 -1
0.028856 0.492622 -1
0.214678 0.267417 1
0.095233 0.223196 1
0.096804 0.890560 1
0.951787 0.158961 -1
0.065630 0.890084 1
0.548553 0.366848 -1
0.336751 0.830574 1
0.451671 0.269734 -1
0.738156 0.890839 -1
0.853675 0.583593 -1
0.951823 0.746487 -1
0.824384 0.439532 1
0.256154 0.363536 -1
0.009441 0.197178 -1
0.235322 0.670133 1
0.010598 0.425256 -1
0.316091 0.945074 -1
0.962271 0.894686 1
0.290322 0.677381 -1
0.194657 0.729312 1
0.723471 0.158783 -1
0.462189 0.037479 -1
0.676214 0.134231 1
0.357709 0.884863 -1
0.829862 0.177984 1
0.360537 0.327512 1
0.492665 0.063743 1
0.172370 0.040469 -1
0.304577 0.264325 1
0.442486 0.076115 -1
0.846670 0.172807 -1
0.172247 0.736718 -1
0.973538 0.242126 1
0.664843 0.513670 -1
0.978323 0.943242 1
0.992917 0.562397 -1
0.239482 0.388587 -1
0.542759 0.068072 1
0.242589 0.467400 -1
0.818147 0.707272 -1
0.787470 0.944336 1
0.746723 0.174786 -1
0.558390 0.710129 -1
0.612886 0.366620 -1
0.870999 0.796670 -1
0.499642 0.065814 -1
0.598075 0.760322 1
0.668822 0.151144 -1
0.520091 0.232677 -1
0.434659 0.944338 -1
0.957810 0.783566 -1
0.476718 0.365764 -1
0.241899 0.172460 -1
0.976281 0.630596 -1
0.786406 0.998348 1
0.534700 0.041051 1
0.292226 0.927240 1
0.573032 0.322744 -1
0.667096 0.673042 1
0.300588 0.536413 -1
0.387237 0.700046 -1
0.577017 0.993625 -1
0.955206 0.848346 1
0.782104 0.194651 1
0.220533 0.900893 -1
0.472804 0.886896 1
0.951262 0.179877 -1
0.092731 0.365582 -1
0.191669 0.606160 -1
0.672926 0.550386 -1
0.349925 0.213117 -1
0.009607 0.330011 -1
0.965854 0.531440 -1
0.556860 0.239340 -1
0.139661 0.487179 -1
0.390534 0.058597 -1
0.351468 0.062932 1
0.275042 0.892546 -1
0.580457 0.889346 1
0.373936 0.842869 1
0.184863 0.254474 -1
0.358632 0.845749 1
0.785656 0.046832 -1
0.724109 0.164092 -1
0.293901 0.008185 1
0.337919 0.859746 1
0.320148 0.343683 -1
0.044186 0.072025 1
0.053023 0.328282 1
0.765684 0.898216 -1
0.427927 0.261331 1
0.223997 0.684783 1
0.727306 0.413611 -1
0.868668 0.301750 -1
0.365610 0.436914 -1
0.537676 0.665261 1
0.051815 0.911983 -1
0.799825 0.401416 1
0.017686 0.698841 -1
0.138849 0.035470 1
0.674006 0.744247 1
0.809541 0.923987 -1
0.801140 0.929971 -1
0.211052 0.866067 1
0.345256 0.266724 -1
0.654655 0.319312 1
0.525540 0.694908 -1
0.013849 0.514193 -1
0.720086 0.014026 1
