-0.270730 0.026681 1
-0.278161 0.095010 1
-0.668739 0.976769 1
-0.929659 0.040611 -1
-0.338061 0.776043 -1
-0.044768 0.481358 1
-0.040222 0.473833 -1
-0.199603 0.463590 1
-0.997136 0.152958 -1
-0.691948 0.332039 1
-0.992792 0.738420 1
-0.387365 0.168696 -1
-0.732492 0.651966 -1
-0.652527 0.105896 1
-0.553912 0.341037 1
-0.429249 0.007431 1
-0.742091 0.172648 -1
-0.515852 0.188827 -1
-0.219556 0.058184 1
-0.014043 0.399347 1
-0.763760 0.659639 -1
-0.327803 0.722336 -1
-0.964294 0.909104 1
-0.215070 0.116172 1
-0.710149 0.203561 1
-0.827533 0.555340 1
-0.164972 0.335926 1
-0.513494 0.664732 1
-0.017471 0.819022 1
-0.682316 0.011936 1
-0.787429 0.851629 -1
-0.793788 0.213613 -1
-0.971553 0.708768 1
-0.408109 0.407995 -1
-0.708818 0.205527 1
-0.519846 0.865782 -1
-0.659432 0.921438 1
-0.334340 0.052884 -1
-0.091090 0.226217 -1
-0.644008 0.552703 1
-0.480954 0.831966 1
-0.988378 0.425369 -1
-0.679442 0.757716 1
-0.241566 0.053384 -1
-0.284697 0.647528 1
-0.865819 0.805553 1
-0.094557 0.616772 1
-0.013466 0.688261 -1
-0.450973 0.674233 -1
-0.260793 0.941630 1
-0.865447 0.247885 -1
-0.334480 0.323082 1
-0.897392 0.751187 -1
-0.245494 0.495167 1
-0.300335 0.934899 1
-0.327432 0.167108 -1
-0.071648 0.078112 -1
-0.384284 0.237902 -1
-0.519167 0.823606 1
-0.303059 0.125642 -1
-0.806707 0.053411 -1
-0.443723 0.455426 -1
-0.744670 0.986210 1
-0.120235 0.668869 1
-0.158302 0.756210 1
-0.668122 0.181450 1
-0.364029 0.992038 1
-0.955630 0.241108 -1
-0.131040 0.113726 1
-0.667723 0.068172 1
-0.347879 0.687141 1
-0.011332 0.778478 -1
-0.658645 0.276833 1
-0.958645 0.849076 1
-0.577448 0.871137 1
-0.289693 0.117036 -1
-0.902432 0.278194 -1
-0.267717 0.431575 -1
-0.532442 0.111102 1
-0.275160 0.969996 1
-0.386118 0.146623 -1
-0.360743 0.806184 -1
-0.316391 0.501379 1
-0.853691 0.093729 1
-0.283011 0.027932 -1
-0.994167 0.828620 1
-0.411683 0.568141 1
-0.773705 0.558045 -1
-0.356535 0.062775 1
-0.950908 0.895307 -1
-0.397591 0.776660 1
-0.615981 0.764516 -1
-0.440252 0.434001 1
-0.753253 0.569561 1
-0.180459 0.287568 -1
-0.092646 0.106066 -1
-0.934280 0.280102 1
-0.546743 0.326315 1
-0.626557 0.726199 1
-0.718042 0.957354 1
-0.375399 0.515898 -1
-0.002372 0.495303 -1
-0.558270 0.297138 1
-0.723039 0.647105 -1
-0.730675 0.131535 1
-0.271608 0.526057 1
-0.742763 0.163627 1
-0.257960 0.426367 1
-0.940875 0.164130 -1
-0.890852 0.991075 -1
-0.903396 0.226418 1
-0.596939 0.363472 -1
-0.612365 0.860243 -1
-0.861488 0.185446 -1
-0.426537 0.283693 -1
-0.662437 0.009891 -1
-0.587296 0.493382 1
-0.917952 0.577031 1
-0.661622 0.394992 1
-0.937004 0.669758 -1
-0.548512 0.866552 1
-0.582297 0.207671 -1
-0.801318 0.199202 -1
-0.067436 0.530222 -1
-0.996682 0.115178 1
-0.017160 0.926723 1
-0.457684 0.452251 -1
-0.199390 0.323339 1
-0.932964 0.008279 1
-0.847808 0.812925 -1
-0.139978 0.833481 1
-0.516123 0.970967 1
-0.368567 0.240711 -1
-0.642553 0.355159 1
-0.350732 0.994422 -1
-0.564538 0.045899 1
-0.657822 0.827201 1
-0.782277 0.278322 1
-0.811555 0.556352 1
-0.015992 0.986548 1
-0.657120 0.428738 -1
-0.630100 0.013186 -1
-0.286620 0.313157 -1
-0.017538 0.261188 -1
-0.592361 0.483043 1
-0.553648 0.736964 1
-0.963673 0.191886 1
-0.553628 0.215821 1
-0.439921 0.802489 -1
-0.779936 0.706186 1
-0.698577 0.251751 1
-0.167240 0.045398 -1
-0.470929 0.145691 -1
-0.193827 0.696688 -1
-0.588995 0.678897 -1
-0.333707 0.799607 1
-0.046505 0.691434 1
-0.469686 0.603742 1
-0.790910 0.547546 1
-0.236886 0.887512 1
-0.542356 0.896112 -1
-0.437535 0.570106 1
-0.619498 0.934104 1
-0.490284 0.259900 -1
-0.098600 0.776874 -1
-0.307739 0.232726 -1
-0.531549 0.359004 -1
-0.374476 0.600452 -1
-0.949966 0.425390 1
-0.491317 0.481412 1
-0.433424 0.994531 1
-0.195623 0.671065 -1
-0.064739 0.413215 1
-0.583105 0.110600 -1
-0.456793 0.378002 -1
-0.258885 0.383457 1
-0.991491 0.368496 -1
-0.904349 0.742657 1
-0.759024 0.077502 -1
-0.461327 0.583866 1
-0.767653 0.360979 -1
-0.616168 0.740343 1
-0.024099 0.078073 1
-0.729531 0.914194 -1
-0.287841 0.713699 1
-0.710528 0.689610 1
-0.467791 0.674848 1
-0.048242 0.887456 1
-0.820576 0.776667 1
-0.633387 0.376848 1
-0.198705 0.761348 1
-0.350103 0.705453 1
-0.196776 0.001658 1
-0.222259 0.141574 1
-0.778351 0.082304 -1
-0.550764 0.492883 -1
-0.961128 0.249635 -1
-0.593989 0.195071 -1
-0.565254 0.367150 1
-0.294964 0.387087 1
-0.338584 0.036660 -1
-0.536821 0.044581 1
-0.098278 0.649594 1
-0.708487 0.723152 -1
-0.150862 0.847783 1
-0.169914 0.491536 1
-0.815917 0.432577 -1
-0.505292 0.496660 1
-0.895589 0.885981 1
-0.147829 0.914542 1
-0.603185 0.764188 -1
-0.391233 0.448135 -1
-0.825930 0.276962 1
-0.516345 0.807759 1
-0.771569 0.747080 -1
-0.428092 0.746484 -1
-0.532404 0.593521 1
-0.512548 0.179008 -1
-0.331896 0.758082 -1
-0.397486 0.767759 1
-0.202478 0.569008 1
-0.959829 0.273564 -1
-0.219446 0.599649 -1
-0.011735 0.519238 1
-0.172332 0.282454 -1
-0.341796 0.440436 1
-0.432104 0.257399 1
-0.286643 0.335468 -1
-0.050562 0.048237 1
-0.210956 0.324926 1
-0.641852 0.821881 1
-0.730879 0.073309 -1
-0.628223 0.511154 1
-0.164174 0.846551 1
-0.615125 0.167077 1
-0.171151 0.159686 1
-0.472554 0.684495 -1
-0.534923 0.569330 1
-0.558456 0.605118 1
-0.892951 0.206150 1
-0.473490 0.691061 1
-0.978286 0.977364 1
-0.814677 0.276208 -1
-0.153100 0.277361 -1
-0.813483 0.656710 -1
-0.488711 0.323064 1
-0.996824 0.110704 -1
-0.861648 0.705090 1
-0.441992 0.323363 1
-0.441243 0.311667 1
0.463196 -0.702849 1
0.822528 -0.798173 1
0.108701 -0.858934 1
0.360408 -0.693238 -1
0.403986 -0.816715 -1
0.217292 -0.890409 1
0.016370 -0.301673 -1
0.562628 -0.196272 -1
0.028241 -0.270700 1
0.151213 -0.393259 1
0.602421 -0.807107 -1
0.891125 -0.161546 -1
0.621944 -0.191958 1
0.127251 -0.815887 1
0.179777 -0.225777 1
0.774138 -0.225208 1
0.165697 -0.218250 1
0.174861 -0.128417 -1
0.402032 -0.769936 -1
0.855710 -0.826756 1
0.325172 -0.483541 -1
0.847111 -0.530031 1
0.357898 -0.934733 -1
0.178274 -0.955181 -1
0.808237 -0.686138 -1
0.778239 -0.775020 1
0.519279 -0.998798 1
0.608909 -0.007316 1
0.243357 -0.951972 1
0.841779 -0.948278 1
0.673551 -0.667397 1
0.682493 -0.069894 -1
0.037159 -0.921070 1
0.243122 -0.783799 1
0.570040 -0.323836 -1
0.574265 -0.047112 1
0.985713 -0.748844 -1
0.419232 -0.761141 1
0.033369 -0.824637 1
0.433115 -0.466409 1
0.348383 -0.975717 -1
0.821710 -0.679946 -1
0.018375 -0.568487 1
0.953046 -0.788652 1
0.222086 -0.509175 1
0.569112 -0.390530 -1
0.989771 -0.381510 1
0.030992 -0.425171 1
0.023418 -0.066717 1
0.918554 -0.760756 -1
0.015502 -0.441206 1
0.709717 -0.859239 1
0.773965 -0.239485 -1
0.028625 -0.743589 1
0.863697 -0.455301 1
0.795258 -0.784232 1
0.545455 -0.762470 -1
0.183689 -0.233685 1
0.579368 -0.455494 -1
0.585207 -0.073970 1
0.855176 -0.614091 1
0.620622 -0.217018 1
0.556084 -0.530121 1
0.922935 -0.869272 -1
0.709824 -0.042986 1
0.069637 -0.613076 -1
0.406554 -0.911954 1
0.057906 -0.411606 1
0.263450 -0.791864 -1
0.957110 -0.239905 -1
0.743307 -0.452772 1
0.297593 -0.125712 -1
0.715724 -0.644640 1
0.553664 -0.669371 -1
0.819543 -0.481727 -1
0.138315 -0.902558 -1
0.799086 -0.520902 -1
0.477921 -0.202193 -1
0.726630 -0.319434 1
0.152399 -0.211183 -1
0.665921 -0.662282 -1
0.730856 -0.337608 -1
0.049972 -0.993162 -1
0.039025 -0.740151 1
0.563228 -0.079807 -1
0.977304 -0.352780 1
0.885361 -0.964270 1
0.821709 -0.172097 1
0.656291 -0.496489 1
0.439272 -0.342909 1
0.563001 -0.750740 1
0.186352 -0.470121 -1
0.285564 -0.386053 1
0.261882 -0.149096 -1
0.971055 -0.558438 -1
0.062262 -0.648703 1
0.566109 -0.918566 1
0.062599 -0.648299 -1
0.887286 -0.132322 1
0.214374 -0.893311 -1
0.026784 -0.038148 1
0.376338 -0.959659 1
0.714128 -0.557753 1
0.098268 -0.448263 1
0.092582 -0.070807 1
0.673383 -0.689860 1
0.953256 -0.383166 -1
0.135520 -0.925279 -1
0.413209 -0.500874 1
0.481194 -0.222613 -1
0.021736 -0.273356 1
0.162699 -0.479791 1
0.836130 -0.345305 1
0.707842 -0.603622 -1
0.718414 -0.875277 -1
0.771706 -0.976885 -1
0.592685 -0.081014 -1
0.262133 -0.165489 -1
0.369004 -0.532487 1
0.514019 -0.390077 -1
0.912374 -0.515951 1
0.533890 -0.949521 -1
0.173614 -0.518462 -1
0.017851 -0.379704 -1
0.663342 -0.241888 -1
0.121042 -0.401507 1
0.334411 -0.122018 1
0.457994 -0.431010 -1
0.823947 -0.123242 -1
0.725857 -0.374824 1
0.158647 -0.648769 1
0.374432 -0.252354 -1
0.585221 -0.665889 -1
0.264001 -0.677868 1
0.377993 -0.668032 1
0.762707 -0.271974 1
0.184981 -0.617628 1
0.303150 -0.939306 1
0.226994 -0.100302 -1
0.552651 -0.367180 1
0.633359 -0.784402 1
0.648354 -0.557061 -1
0.490169 -0.832402 -1
0.741451 -0.569186 -1
0.637391 -0.362968 1
0.011788 -0.454291 -1
0.563878 -0.708090 1
0.575556 -0.379466 1
0.910685 -0.152087 1
0.926757 -0.777320 -1
0.952819 -0.362676 1
0.969646 -0.214808 -1
0.684773 -0.633154 1
0.430481 -0.643150 1
0.066491 -0.589967 1
0.761248 -0.096023 -1
0.219125 -0.418649 1
0.151946 -0.756239 1
0.374192 -0.829375 1
0.917748 -0.064713 1
0.141056 -0.403442 1
0.068784 -0.762952 -1
0.765610 -0.243176 -1
0.583239 -0.771618 1
0.634950 -0.688579 1
0.286412 -0.421830 -1
0.262249 -0.250985 -1
0.978891 -0.981034 1
0.301448 -0.768643 1
0.654400 -0.636998 -1
0.782317 -0.665825 1
0.948761 -0.587262 -1
0.795901 -0.964168 -1
0.024847 -0.045365 1
0.112360 -0.058520 -1
0.861486 -0.615652 1
0.901930 -0.885047 -1
0.235888 -0.541557 1
0.815214 -0.764373 -1
0.150536 -0.312500 1
0.190988 -0.897025 -1
0.038177 -0.234855 -1
0.974055 -0.867824 -1
0.784483 -0.518238 -1
0.648180 -0.904722 -1
0.727560 -0.294888 1
0.147036 -0.163248 1
0.396758 -0.875627 1
0.534432 -0.018662 -1
0.130457 -0.456944 -1
0.190176 -0.434022 -1
0.250536 -0.208390 1
0.082864 -0.124326 -1
0.617884 -0.199532 -1
0.384797 -0.701037 1
0.233661 -0.606370 -1
0.680702 -0.477965 1
0.416935 -0.074843 -1
0.974055 -0.250455 1
0.869608 -0.764708 1
0.664515 -0.027087 1
0.152748 -0.994897 1
0.863143 -0.757763 1
0.816676 -0.901753 1
0.900055 -0.836038 1
0.566425 -0.319242 1
0.400999 -0.615879 1
0.609708 -0.760534 -1
0.387594 -0.582385 -1
0.356880 -0.906446 -1
0.048807 -0.791482 -1
0.438814 -0.568413 1
0.728426 -0.048798 1
0.942775 -0.354588 1
0.182802 -0.778644 1
0.289919 -0.405831 1
0.572930 -0.554468 1
0.906047 -0.341529 -1
0.187733 -0.146698 -1
0.107348 -0.780573 -1
0.713607 -0.540039 1
0.402333 -0.116603 1
0.869496 -0.443348 1
0.113312 -0.726104 1
0.351058 -0.809284 1
0.004911 -0.430437 1
0.965520 -0.552023 1
0.275096 -0.031143 1
0.810775 -0.905787 1
0.926438 -0.693955 1
0.666683 -0.161132 -1
0.164624 -0.020652 1
0.851763 -0.436789 -1
0.253585 -0.570793 -1
0.398112 -0.694128 1
0.537335 -0.819852 -1
0.465119 -0.644437 1
0.659800 -0.900529 1
0.584337 -0.725357 1
0.883319 -0.486030 -1
0.936403 -0.202500 1
0.728279 -0.040868 1
0.602235 -0.062266 1
0.083763 -0.766923 1
0.369381 -0.560347 -1
0.349031 -0.834699 -1
0.830946 -0.661383 -1
0.160434 -0.475590 1
0.242619 -0.183521 1
0.272855 -0.412028 1
-0.745520 -0.809602 1
-0.137617 -0.132825 -1
-0.600427 -0.018982 1
-0.704741 -0.935458 -1
-0.297747 -0.626465 1
-0.794795 -0.604475 -1
-0.939976 -0.562637 1
-0.783772 -0.335747 -1
-0.617544 -0.516655 -1
-0.693157 -0.086846 -1
-0.051272 -0.095055 -1
-0.832624 -0.949064 1
-0.515681 -0.806407 1
-0.103264 -0.012682 1
-0.439917 -0.669471 -1
-0.172414 -0.215448 -1
-0.176523 -0.363725 -1
-0.733299 -0.419193 1
-0.868165 -0.827788 -1
-0.624657 -0.568717 -1
-0.688495 -0.545964 -1
-0.014962 -0.830801 1
-0.293303 -0.655364 1
-0.871342 -0.400106 1
-0.491113 -0.938650 -1
-0.706115 -0.864537 -1
-0.064740 -0.858120 -1
-0.613268 -0.908375 -1
-0.631463 -0.429499 -1
-0.880058 -0.788103 1
-0.506976 -0.101426 1
-0.188663 -0.196276 -1
-0.935925 -0.941887 1
-0.064970 -0.077543 1
-0.849070 -0.849551 1
-0.139182 -0.830814 -1
-0.028539 -0.944171 1
-0.776110 -0.752050 1
-0.182159 -0.636922 -1
-0.201004 -0.462584 1
-0.040672 -0.694896 1
-0.517111 -0.487679 -1
-0.764537 -0.749204 -1
-0.281933 -0.693753 1
-0.479611 -0.939608 1
-0.561609 -0.585285 1
-0.533300 -0.183874 1
-0.535741 -0.649662 -1
-0.539789 -0.250058 -1
-0.095115 -0.609923 -1
-0.249637 -0.922706 1
-0.122543 -0.803778 -1
-0.267749 -0.315743 -1
-0.853620 -0.507139 -1
-0.082827 -0.323589 -1
-0.140259 -0.509945 -1
-0.317481 -0.507985 1
-0.565992 -0.662458 1
-0.012641 -0.675780 -1
-0.201566 -0.288297 -1
-0.289766 -0.190611 -1
-0.796720 -0.668041 -1
-0.207559 -0.527516 1
-0.757772 -0.391483 -1
-0.050250 -0.131382 -1
-0.511935 -0.503673 1
-0.799826 -0.353036 -1
-0.663591 -0.653656 -1
-0.069231 -0.352787 -1
-0.383305 -0.237911 -1
-0.353664 -0.363657 -1
-0.804022 -0.301809 1
-0.334078 -0.589936 1
-0.809680 -0.173593 1
-0.948063 -0.666769 -1
-0.256042 -0.587146 1
-0.756020 -0.097268 1
-0.590209 -0.453272 1
-0.875266 -0.303856 -1
-0.620964 -0.149201 -1
-0.975339 -0.023995 1
-0.857559 -0.057647 1
-0.645164 -0.980983 -1
-0.572668 -0.310355 -1
-0.122705 -0.640599 1
-0.315770 -0.070149 1
-0.839474 -0.172167 -1
-0.106881 -0.880503 -1
-0.004180 -0.793562 -1
-0.380256 -0.500768 -1
-0.211084 -0.482306 -1
-0.739438 -0.750333 1
-0.683975 -0.272901 1
-0.092570 -0.580524 1
-0.301036 -0.594387 -1
-0.746352 -0.310794 -1
-0.517400 -0.281924 -1
-0.793635 -0.061344 1
-0.886426 -0.871149 1
-0.587355 -0.607491 -1
-0.281055 -0.637476 1
-0.465677 -0.566051 -1
-0.459693 -0.529201 -1
-0.838567 -0.414944 -1
-0.235637 -0.528529 -1
-0.284895 -0.155395 -1
-0.223474 -0.987818 -1
-0.263389 -0.517502 1
-0.962099 -0.509831 1
-0.878711 -0.796348 -1
-0.898252 -0.920183 1
-0.289781 -0.992126 -1
-0.809676 -0.923738 1
-0.766444 -0.325977 -1
-0.918912 -0.118529 1
-0.177877 -0.558200 -1
-0.852331 -0.127610 1
-0.212924 -0.403805 -1
-0.826749 -0.895985 1
-0.091579 -0.749014 -1
-0.501164 -0.378181 -1
-0.849284 -0.919853 -1
-0.383852 -0.899947 1
-0.612450 -0.273232 -1
-0.283615 -0.779307 -1
-0.097607 -0.376270 1
-0.858892 -0.156705 -1
-0.392063 -0.112252 -1
-0.961553 -0.390655 -1
-0.590595 -0.714382 -1
-0.346159 -0.636505 -1
-0.140747 -0.356725 -1
-0.979006 -0.856060 -1
-0.020986 -0.522946 -1
-0.689019 -0.943747 1
-0.191698 -0.379280 -1
-0.964375 -0.930041 -1
-0.071147 -0.777926 1
-0.077501 -0.935417 1
-0.128949 -0.148116 -1
-0.730961 -0.191421 -1
-0.985086 -0.450772 -1
-0.158523 -0.729346 1
-0.129916 -0.164279 -1
-0.313827 -0.009135 1
-0.569360 -0.032177 1
-0.603936 -0.221658 -1
-0.562540 -0.662914 -1
-0.028707 -0.073568 1
-0.415207 -0.589529 1
-0.831203 -0.474506 -1
-0.892344 -0.226470 1
-0.632011 -0.084118 -1
-0.519570 -0.337746 1
-0.615217 -0.444897 1
-0.217393 -0.653092 -1
-0.828989 -0.727221 -1
-0.483319 -0.867168 -1
-0.438206 -0.733706 1
-0.797650 -0.787493 -1
-0.362822 -0.626904 1
-0.256808 -0.762017 -1
-0.014530 -0.488764 -1
-0.612307 -0.064927 -1
-0.585509 -0.799777 1
-0.904940 -0.295866 1
-0.341052 -0.498237 -1
-0.090148 -0.834466 1
-0.822060 -0.768175 -1
-0.075023 -0.009890 -1
-0.179300 -0.700712 1
-0.967214 -0.992005 1
-0.971207 -0.611881 -1
-0.567959 -0.811824 -1
-0.708332 -0.699100 1
-0.438255 -0.710572 1
-0.956693 -0.933962 -1
-0.375674 -0.394011 -1
-0.416468 -0.123374 -1
-0.097695 -0.754353 -1
-0.305427 -0.847966 -1
-0.035541 -0.727775 -1
-0.467648 -0.581116 -1
-0.051879 -0.739714 -1
-0.336245 -0.659710 -1
-0.927343 -0.563863 -1
-0.635361 -0.828871 1
-0.972834 -0.467681 -1
-0.443558 -0.592873 -1
-0.541741 -0.205662 -1
-0.535382 -0.888334 -1
-0.970267 -0.294608 -1
-0.253240 -0.108938 -1
-0.625275 -0.565556 1
-0.491092 -0.644299 -1
-0.296123 -0.041027 -1
-0.281295 -0.788157 1
-0.548972 -0.403011 1
-0.949568 -0.165937 -1
-0.923002 -0.483441 -1
-0.345956 -0.950452 1
-0.921307 -0.723004 1
-0.925512 -0.927656 -1
-0.650153 -0.867272 1
-0.517298 -0.240010 -1
-0.540353 -0.798878 1
-0.543437 -0.339861 1
-0.557974 -0.327114 1
-0.267496 -0.228231 1
-0.077514 -0.074282 -1
-0.260154 -0.455465 -1
-0.412907 -0.410251 -1
-0.245611 -0.079260 -1
-0.819118 -0.779418 -1
-0.977565 -0.410846 -1
-0.060890 -0.932670 1
-0.931690 -0.322583 -1
-0.518740 -0.381817 -1
-0.803134 -0.400995 -1
-0.440627 -0.548695 -1
-0.610562 -0.736581 -1
-0.624569 -0.271305 -1
-0.530099 -0.735533 -1
-0.875999 -0.436128 -1
-0.539906 -0.856832 -1
-0.311739 -0.254315 1
-0.906736 -0.977084 -1
-0.222084 -0.394374 -1
-0.047635 -0.843224 1
-0.247618 -0.619462 -1
-0.209756 -0.712756 1
-0.673864 -0.330664 1
-0.759255 -0.635523 1
-0.840931 -0.138846 -1
-0.348622 -0.127475 1
-0.126075 -0.054031 1
-0.488123 -0.101641 -1
-0.209485 -0.690850 -1
-0.810802 -0.550650 -1
-0.997925 -0.270071 -1
-0.693140 -0.592014 1
-0.135571 -0.498639 1
-0.611818 -0.585810 -1
-0.728244 -0.326787 1
-0.303983 -0.001718 1
-0.001999 -0.076385 1
-0.826068 -0.215341 -1
-0.499637 -0.485790 -1
-0.065398 -0.518328 -1
-0.182973 -0.363745 1
0.221259 0.514706 1
0.758909 0.157185 1
0.236262 0.327192 -1
0.982716 0.473856 -1
0.489426 0.552999 1
0.546542 0.205037 -1
0.353781 0.369343 -1
0.356457 0.745695 -1
0.117350 0.286197 1
0.395413 0.738544 1
0.231303 0.190516 -1
0.082086 0.753278 -1
0.630728 0.363916 1
0.688245 0.720889 -1
0.351040 0.915763 1
0.244513 0.673643 1
0.391806 0.186313 -1
0.659992 0.331324 1
0.499131 0.533326 -1
0.713900 0.932628 1
0.091508 0.226725 -1
0.796008 0.616131 -1
0.719396 0.713627 1
0.353280 0.131352 1
0.407568 0.643307 -1
0.800380 0.769356 -1
0.954288 0.398086 -1
0.781702 0.289673 -1
0.174422 0.263880 -1
0.731920 0.295992 1
0.303256 0.161095 1
0.366224 0.361360 1
0.005450 0.549565 1
0.242305 0.980780 1
0.453259 0.860256 1
0.167643 0.293402 -1
0.835240 0.204953 1
0.304773 0.681001 -1
0.077342 0.024785 -1
0.770530 0.582327 -1
0.839432 0.983335 1
0.213099 0.211449 1
0.091839 0.710202 -1
0.816537 0.099371 -1
0.237349 0.047101 -1
0.563865 0.589301 -1
0.053246 0.147358 -1
0.508981 0.289213 1
0.180882 0.917222 -1
0.203386 0.464014 -1
0.614509 0.991763 -1
0.840883 0.490912 1
0.619944 0.535579 1
0.336580 0.935775 -1
0.862054 0.838467 1
0.882722 0.240569 -1
0.224350 0.358858 -1
0.579847 0.457991 -1
0.968971 0.921846 -1
0.458598 0.695699 -1
0.782742 0.401855 -1
0.234503 0.558725 -1
0.668792 0.940428 1
0.794030 0.071718 1
0.508600 0.012705 1
0.326606 0.882337 1
0.148175 0.369994 -1
0.858494 0.021241 1
0.654210 0.429084 1
0.678178 0.382060 -1
0.772225 0.536672 1
0.162649 0.840321 1
0.988230 0.340048 -1
0.861344 0.160621 -1
0.703961 0.933614 1
0.554241 0.260179 -1
0.542780 0.291301 -1
0.461391 0.839958 -1
0.495898 0.764801 -1
0.094322 0.531211 -1
0.688120 0.585513 1
0.821410 0.705343 1
0.724192 0.785551 1
0.844828 0.886160 1
0.078572 0.903409 1
0.526899 0.321001 -1
0.038854 0.340280 -1
0.811375 0.862154 -1
0.963774 0.532245 -1
0.460580 0.600894 -1
0.226168 0.996410 -1
0.302394 0.364291 -1
0.778782 0.898169 1
0.256478 0.949463 -1
0.581418 0.163163 1
0.886800 0.333304 -1
0.066200 0.567811 -1
0.725324 0.163129 1
0.953442 0.376900 -1
0.767177 0.903636 1
0.809276 0.277988 -1
0.503403 0.520966 -1
0.607286 0.404989 -1
0.967691 0.717324 -1
0.877616 0.122254 1
0.443126 0.295303 -1
0.119469 0.581861 -1
0.600582 0.591690 1
0.354468 0.369668 1
0.428631 0.676789 -1
0.184021 0.028510 1
0.860597 0.905952 -1
0.143158 0.679832 -1
0.629222 0.430316 -1
0.270136 0.336343 -1
0.222425 0.193050 -1
0.174773 0.928190 -1
0.933524 0.995485 1
0.986279 0.085053 1
0.075520 0.893163 -1
0.149993 0.765562 -1
0.526517 0.630303 1
0.845383 0.527171 1
0.023528 0.244190 1
0.776014 0.489365 1
0.394731 0.180516 1
0.606745 0.553447 -1
0.705907 0.143221 -1
0.139155 0.121291 -1
0.343431 0.750090 -1
0.481703 0.001237 1
0.860403 0.437128 -1
0.636021 0.645656 -1
0.279521 0.609353 -1
0.334276 0.045338 1
0.163761 0.468904 -1
0.231524 0.649259 -1
0.539119 0.004008 -1
0.499212 0.323300 1
0.039003 0.012122 1
0.909905 0.597363 1
0.273879 0.456646 1
0.496202 0.189327 -1
0.270948 0.853587 1
0.571324 0.499419 -1
0.006640 0.700671 1
0.626243 0.888114 -1
0.269110 0.583587 1
0.390265 0.742086 -1
0.740092 0.893306 -1
0.537629 0.298656 -1
0.814762 0.042340 -1
0.356796 0.056761 1
0.470915 0.651419 -1
0.281824 0.833256 -1
0.621552 0.589653 1
0.497829 0.651346 -1
0.540639 0.706067 1
0.161681 0.462856 -1
0.795454 0.574891 -1
0.572217 0.349152 -1
0.085738 0.715781 -1
0.125873 0.350482 -1
0.517820 0.714369 -1
0.257829 0.867744 1
0.954480 0.760613 1
0.689376 0.742466 -1
0.420829 0.316756 -1
0.305514 0.136381 -1
0.563220 0.683518 1
0.895889 0.728057 -1
0.654413 0.988616 1
0.649620 0.417585 1
0.455050 0.200196 -1
0.862360 0.118417 1
0.593705 0.210126 -1
0.651394 0.522097 -1
0.511295 0.649548 -1
0.184525 0.051718 1
0.189804 0.785436 1
0.058589 0.032070 -1
0.556157 0.875365 -1
0.654264 0.362845 -1
0.132238 0.262919 -1
0.822902 0.316318 1
0.935137 0.113491 -1
0.057622 0.319281 1
0.075709 0.463950 1
0.148160 0.865454 -1
0.676821 0.724481 1
0.776098 0.292821 1
0.690134 0.836716 -1
0.147323 0.243700 1
0.964404 0.510557 -1
0.319965 0.782883 -1
0.040274 0.744265 -1
0.730167 0.464238 1
0.075295 0.209985 -1
0.626541 0.772743 1
0.390172 0.260151 -1
0.442884 0.033994 -1
0.594231 0.855392 -1
0.574761 0.769699 -1
0.646282 0.245621 1
0.893587 0.906745 -1
0.492784 0.628651 -1
0.351167 0.895197 -1
0.363537 0.487778 -1
0.381226 0.527134 -1
0.564508 0.840512 -1
0.336902 0.289735 -1
0.965596 0.058980 -1
0.762767 0.817021 -1
0.518494 0.379808 -1
0.656076 0.815104 -1
0.350537 0.350495 1
0.843658 0.263213 1
0.740934 0.445164 -1
0.176847 0.590721 -1
0.025405 0.778619 1
0.329073 0.920095 -1
0.417631 0.531804 1
0.268408 0.806258 -1
0.364012 0.886804 1
0.186423 0.193614 -1
0.594256 0.066645 1
0.002373 0.534215 -1
0.030589 0.240079 -1
0.021911 0.118282 -1
0.898526 0.309606 -1
0.619265 0.277199 -1
0.170527 0.982301 -1
0.843588 0.557173 -1
0.925713 0.557928 -1
0.716458 0.458113 -1
0.004486 0.256405 -1
0.337942 0.838623 -1
0.120520 0.964363 -1
0.137432 0.457942 -1
0.976831 0.928006 -1
0.514049 0.499290 -1
0.221780 0.645687 -1
0.854543 0.185257 1
0.181337 0.259177 -1
0.005257 0.793246 -1
0.865335 0.561801 1
0.835907 0.316271 -1
0.906353 0.837764 1
0.287544 0.507782 1
0.819026 0.791965 -1
