-0.476793 0.196211 1
-0.002216 0.995287 -1
-0.671794 0.421353 1
-0.663953 0.547134 -1
-0.998285 0.456160 -1
-0.997762 0.487194 1
-0.631547 0.625111 -1
-0.789769 0.122198 -1
-0.552668 0.538804 1
-0.168449 0.712826 1
-0.411624 0.068694 -1
-0.360016 0.087991 1
-0.738423 0.982853 -1
-0.981974 0.271124 1
-0.753962 0.958581 -1
-0.893273 0.516371 1
-0.439447 0.757772 1
-0.636441 0.591410 1
-0.837061 0.762628 1
-0.540283 0.954781 1
-0.754518 0.685421 1
-0.187357 0.372724 -1
-0.121181 0.653479 1
-0.917904 0.637822 1
-0.143520 0.115797 1
-0.676177 0.293727 1
-0.170232 0.448060 1
-0.956660 0.747216 -1
-0.565561 0.960601 -1
-0.567250 0.512001 -1
-0.361008 0.665009 1
-0.375500 0.479963 -1
-0.396072 0.200648 -1
-0.417525 0.122618 1
-0.127601 0.026823 1
-0.701950 0.423179 1
-0.645270 0.180497 1
-0.066952 0.029098 1
-0.964692 0.586962 1
-0.144765 0.000842 -1
-0.730691 0.159980 -1
-0.566805 0.416459 1
-0.659285 0.727873 -1
-0.408673 0.790639 1
-0.731688 0.443054 1
-0.333642 0.868308 1
-0.459481 0.067665 1
-0.964371 0.924065 1
-0.561716 0.363685 1
-0.107472 0.104512 1
-0.059722 0.101540 1
-0.962025 0.498645 1
-0.946322 0.571102 1
-0.688497 0.099616 -1
-0.257621 0.828543 1
-0.360174 0.434600 1
-0.385544 0.673018 1
-0.845686 0.543469 1
-0.212666 0.374302 -1
-0.073755 0.736788 -1
-0.424154 0.830699 1
-0.473048 0.588323 1
-0.403192 0.106796 -1
-0.131330 0.579331 1
-0.150520 0.637692 1
-0.253934 0.716807 1
-0.546504 0.294307 1
-0.698123 0.893161 1
-0.175304 0.926641 -1
-0.659066 0.837806 -1
-0.946329 0.139907 1
-0.458113 0.298883 1
-0.384815 0.016018 1
-0.933708 0.919389 1
-0.790876 0.073842 1
-0.006417 0.735427 1
-0.836783 0.111983 1
-0.768530 0.862710 -1
-0.564114 0.668519 1
-0.151971 0.889565 1
-0.243912 0.636005 1
-0.143830 0.582091 1
-0.852752 0.941850 -1
-0.269184 0.858083 1
-0.632203 0.942926 1
-0.699592 0.118395 -1
-0.383144 0.549228 1
-0.850922 0.754463 1
-0.760080 0.969271 -1
-0.285233 0.239942 -1
-0.772182 0.683804 1
-0.757934 0.559339 -1
-0.454403 0.294717 -1
-0.506660 0.276457 1
-0.154387 0.712294 1
-0.985956 0.422487 1
-0.924559 0.912822 1
-0.892498 0.733540 1
-0.076704 0.252734 1
-0.890125 0.789136 1
-0.692848 0.007545 1
-0.295587 0.343494 1
-0.098188 0.693462 1
-0.689052 0.671495 1
-0.542770 0.820391 1
-0.543477 0.943108 1
-0.108266 0.437549 -1
-0.842939 0.391290 1
-0.907935 0.632729 1
-0.174614 0.429600 1
-0.895794 0.039188 1
-0.373533 0.360522 -1
-0.095241 0.130846 1
-0.659098 0.811919 -1
-0.232625 0.433841 1
-0.448593 0.371343 1
-0.162509 0.470462 1
-0.621693 0.184265 -1
-0.348497 0.840305 1
-0.809491 0.487154 1
-0.322304 0.115192 -1
-0.846919 0.487790 1
-0.882813 0.886079 -1
-0.657661 0.193175 -1
-0.285189 0.617971 1
-0.434783 0.806449 1
-0.364786 0.492820 1
-0.369275 0.750967 1
-0.438514 0.788332 1
-0.139688 0.598109 1
-0.472644 0.763134 -1
-0.625763 0.824949 -1
-0.537444 0.593814 -1
-0.261659 0.419896 1
-0.326656 0.496506 -1
-0.867170 0.931948 1
-0.249101 0.376190 -1
-0.813450 0.036968 -1
-0.697509 0.131178 1
-0.007245 0.838012 -1
-0.005765 0.940444 -1
-0.460622 0.252333 1
-0.727261 0.769174 -1
-0.646068 0.178298 1
-0.097671 0.992758 1
-0.753116 0.169540 -1
-0.342011 0.709150 1
-0.743899 0.434170 1
-0.211167 0.177502 1
-0.726773 0.241066 -1
-0.803264 0.945670 1
-0.882114 0.387012 1
-0.937507 0.239594 -1
-0.311492 0.020780 1
-0.472212 0.669112 1
-0.882479 0.546640 1
-0.644727 0.472161 1
-0.164690 0.069689 -1
-0.868015 0.796464 1
-0.050626 0.121690 -1
-0.483973 0.491198 1
-0.210197 0.739374 1
-0.446424 0.590023 1
-0.497163 0.522221 1
-0.043199 0.662833 1
-0.871989 0.593047 1
-0.553508 0.700014 1
-0.707832 0.197138 -1
-0.341694 0.144030 -1
-0.066452 0.068016 1
-0.756835 0.160769 1
-0.425277 0.634641 1
-0.326944 0.220324 1
-0.871401 0.574799 -1
-0.560659 0.609305 1
-0.643620 0.910535 1
-0.691993 0.107897 1
-0.505981 0.873038 1
-0.622775 0.467083 1
-0.065906 0.905100 -1
-0.689922 0.727831 1
-0.444740 0.853283 1
-0.358863 0.543502 1
-0.983886 0.427672 1
-0.619098 0.637187 1
-0.835973 0.527964 1
-0.859318 0.340806 1
-0.020510 0.208401 1
-0.088810 0.218809 1
-0.224490 0.057063 1
-0.055342 0.140579 1
-0.698736 0.368567 1
-0.874308 0.876880 1
-0.344056 0.215780 1
-0.146587 0.033486 1
-0.729604 0.928737 1
-0.203888 0.619423 1
-0.342106 0.004468 -1
-0.583442 0.904501 1
-0.062322 0.516462 -1
-0.410928 0.396697 -1
-0.063900 0.766982 1
-0.484508 0.254544 1
-0.058965 0.466840 1
-0.847447 0.930265 -1
-0.316316 0.086050 -1
-0.164050 0.978592 1
-0.942139 0.791367 1
-0.637632 0.795528 1
-0.581161 0.361253 1
-0.083795 0.745607 1
-0.302152 0.812327 1
-0.805655 0.467103 1
-0.444597 0.383262 1
-0.813887 0.951124 -1
-0.935176 0.532128 -1
-0.740636 0.267644 -1
-0.741092 0.767197 -1
-0.586118 0.926162 1
-0.461361 0.687160 1
-0.452044 0.385516 -1
-0.243429 0.383060 -1
-0.792184 0.090888 1
-0.158554 0.924751 1
-0.998258 0.822952 -1
-0.260188 0.538165 -1
-0.652994 0.391930 1
-0.904270 0.359805 1
-0.874977 0.034908 1
-0.779486 0.700448 1
-0.201695 0.914353 1
-0.803903 0.804619 1
-0.826411 0.345338 -1
-0.412597 0.007153 1
-0.461142 0.117968 -1
-0.233585 0.039661 1
-0.050921 0.941928 -1
-0.858414 0.976367 1
-0.218331 0.987233 1
-0.911754 0.660997 -1
-0.086380 0.682436 1
-0.058696 0.987794 -1
-0.011045 0.361698 -1
-0.397336 0.707268 -1
-0.225113 0.890826 1
-0.872742 0.010786 1
-0.468077 0.375087 1
-0.092936 0.946285 -1
-0.934001 0.450086 1
-0.806093 0.625805 -1
0.700511 -0.362537 -1
0.872483 -0.278965 1
0.316503 -0.139496 1
0.283613 -0.834825 1
0.516637 -0.795795 1
0.738619 -0.741379 1
0.238045 -0.159446 1
0.652293 -0.945168 -1
0.618734 -0.701937 1
0.407864 -0.438252 -1
0.510336 -0.767345 1
0.364877 -0.891837 1
0.954672 -0.202893 1
0.637909 -0.725093 -1
0.323471 -0.418784 1
0.676557 -0.983912 -1
0.509703 -0.813349 1
0.544770 -0.764472 1
0.403401 -0.167778 -1
0.086376 -0.011849 -1
0.288577 -0.492460 1
0.337380 -0.829294 -1
0.196070 -0.820150 1
0.716585 -0.113336 -1
0.152813 -0.461913 -1
0.916293 -0.197907 1
0.572397 -0.407453 -1
0.687243 -0.479060 -1
0.900266 -0.403410 -1
0.087905 -0.005708 1
0.451489 -0.524470 1
0.990773 -0.159749 1
0.563563 -0.053045 1
0.515425 -0.305014 1
0.237902 -0.595823 -1
0.936040 -0.923288 1
0.669691 -0.310912 1
0.800318 -0.686954 1
0.492625 -0.000423 1
0.604317 -0.164193 1
0.351184 -0.019462 -1
0.443561 -0.295878 -1
0.561965 -0.046741 1
0.302473 -0.607296 -1
0.996778 -0.749905 1
0.922167 -0.086632 1
0.476234 -0.166262 -1
0.449447 -0.585796 1
0.489763 -0.083757 1
0.936249 -0.447283 1
0.475045 -0.519375 1
0.926334 -0.152702 1
0.473529 -0.339030 1
0.042084 -0.193015 -1
0.008744 -0.461765 1
0.146654 -0.566034 1
0.781843 -0.408020 1
0.674271 -0.821445 1
0.448564 -0.784286 -1
0.369186 -0.828404 1
0.793894 -0.969398 1
0.822104 -0.469985 -1
0.036323 -0.803041 1
0.883859 -0.756279 1
0.693006 -0.701176 1
0.661866 -0.439888 1
0.195899 -0.927020 1
0.640543 -0.306196 -1
0.322917 -0.233584 1
0.453270 -0.240563 1
0.110466 -0.497984 1
0.486288 -0.263545 1
0.744779 -0.533421 1
0.781188 -0.908345 1
0.700493 -0.636544 1
0.110324 -0.962695 1
0.733558 -0.706561 1
0.401592 -0.727217 -1
0.779347 -0.993219 1
0.118811 -0.368782 -1
0.738681 -0.999908 1
0.917151 -0.400832 -1
0.480597 -0.017520 -1
0.088623 -0.963682 1
0.470570 -0.644170 -1
0.356113 -0.546996 1
0.141980 -0.900353 1
0.850662 -0.419832 1
0.935109 -0.387379 1
0.242178 -0.133357 -1
0.167758 -0.550352 -1
0.744553 -0.710219 1
0.795037 -0.857643 1
0.966043 -0.500367 -1
0.247783 -0.498489 1
0.279159 -0.264132 1
0.638815 -0.931335 -1
0.725645 -0.827919 1
0.046687 -0.723444 1
0.776999 -0.295371 1
0.440869 -0.515794 1
0.886506 -0.525300 1
0.342998 -0.346736 1
0.186674 -0.280431 1
0.572509 -0.115205 -1
0.931316 -0.921771 1
0.859442 -0.438494 1
0.272611 -0.082253 1
0.681753 -0.960656 1
0.848554 -0.385681 -1
0.910413 -0.301781 1
0.610508 -0.119392 1
0.823034 -0.979667 1
0.940648 -0.400588 1
0.257704 -0.847974 1
0.801194 -0.025886 1
0.174155 -0.188558 1
0.774320 -0.135156 -1
0.956045 -0.814267 1
0.515681 -0.709114 -1
0.349867 -0.130772 1
0.997810 -0.832821 1
0.353059 -0.960284 -1
0.589665 -0.984218 1
0.776702 -0.387506 -1
0.816719 -0.647244 1
0.414143 -0.216359 -1
0.321513 -0.798192 1
0.686975 -0.386628 1
0.601669 -0.626786 1
0.952045 -0.020085 -1
0.297369 -0.445674 -1
0.436577 -0.443129 1
0.446676 -0.478510 1
0.800002 -0.161632 -1
0.456690 -0.502152 1
0.954606 -0.757346 -1
0.791465 -0.094455 1
0.324289 -0.594090 1
0.600198 -0.905047 1
0.081064 -0.063500 -1
0.540700 -0.701915 1
0.301276 -0.790716 1
0.306804 -0.606419 1
0.602785 -0.503068 1
0.466719 -0.036217 -1
0.921391 -0.974229 1
0.246369 -0.126619 -1
0.223588 -0.131364 1
0.835977 -0.371415 1
0.609004 -0.218178 -1
0.129959 -0.926666 -1
0.683510 -0.090124 -1
0.701883 -0.164604 1
0.727724 -0.781326 1
0.470555 -0.648664 -1
0.302049 -0.567312 -1
0.855045 -0.627528 -1
0.590242 -0.043189 -1
0.196305 -0.204397 1
0.729903 -0.228020 1
0.642279 -0.354612 1
0.846885 -0.482883 1
0.971505 -0.661504 1
0.120185 -0.585433 -1
0.008331 -0.546970 1
0.009068 -0.004824 -1
0.143288 -0.350715 1
0.254128 -0.827234 1
0.173609 -0.608971 1
0.519692 -0.303598 1
0.749325 -0.489287 1
0.171921 -0.716738 1
0.628011 -0.027847 1
0.484018 -0.616041 1
0.111524 -0.763669 -1
0.991566 -0.855451 1
0.058040 -0.995006 -1
0.373638 -0.088785 1
0.426847 -0.894500 1
0.342480 -0.936337 1
0.578243 -0.363929 -1
0.704780 -0.555010 -1
0.724550 -0.002775 -1
0.151759 -0.200595 1
0.411605 -0.332985 1
0.531442 -0.905416 -1
0.817959 -0.745527 1
0.409469 -0.675312 1
0.791722 -0.172425 1
0.328723 -0.996109 1
0.443499 -0.192176 1
0.049401 -0.968859 1
0.837728 -0.972705 -1
0.994829 -0.736946 -1
0.507755 -0.738072 1
0.133924 -0.389668 -1
0.175325 -0.360440 1
0.214192 -0.339113 1
0.824789 -0.261707 1
0.666922 -0.345762 1
0.469211 -0.664807 1
0.404053 -0.636431 1
0.050561 -0.928440 -1
0.893426 -0.113317 -1
0.200062 -0.452991 -1
0.669137 -0.393288 1
0.139995 -0.549006 1
0.414305 -0.900388 1
0.482677 -0.847346 1
0.021439 -0.148242 -1
0.179196 -0.877636 1
0.389091 -0.766137 1
0.485118 -0.367211 1
0.168842 -0.579375 1
0.652282 -0.413431 1
0.831231 -0.955416 1
0.248747 -0.395875 -1
0.902889 -0.256328 1
0.328592 -0.871758 1
0.206354 -0.564012 1
0.158549 -0.876987 1
0.470291 -0.742803 1
0.444178 -0.754636 1
0.187090 -0.709309 1
0.406975 -0.131306 -1
0.920842 -0.975348 -1
0.964227 -0.633062 1
0.405860 -0.620221 -1
0.591803 -0.870069 1
0.593435 -0.543457 1
0.909326 -0.922869 1
0.373254 -0.163529 1
0.293666 -0.189945 1
0.391039 -0.928232 1
0.160241 -0.534640 1
0.245917 -0.842076 1
0.332335 -0.163824 -1
0.148593 -0.945373 1
0.979139 -0.616115 -1
0.284500 -0.252331 1
0.810521 -0.861164 -1
0.207555 -0.491209 1
0.712793 -0.311165 1
0.415399 -0.125545 1
0.071053 -0.496772 -1
0.282111 -0.513124 -1
0.926018 -0.031621 -1
0.956162 -0.888684 -1
0.898295 -0.946996 1
-0.296594 -0.075535 -1
-0.002753 -0.067242 1
-0.663820 -0.227995 -1
-0.468531 -0.880786 1
-0.840620 -0.214578 -1
-0.224567 -0.385461 1
-0.460130 -0.943885 -1
-0.767046 -0.399072 -1
-0.233254 -0.848926 -1
-0.922946 -0.628687 -1
-0.741595 -0.551317 1
-0.767769 -0.473157 1
-0.439996 -0.289112 1
-0.089643 -0.236330 -1
-0.688039 -0.397665 -1
-0.971752 -0.238046 1
-0.826802 -0.840732 -1
-0.743437 -0.618471 -1
-0.124627 -0.646659 -1
-0.833418 -0.329758 -1
-0.509644 -0.339544 -1
-0.729071 -0.222899 -1
-0.661297 -0.937617 -1
-0.890099 -0.620545 -1
-0.287957 -0.568153 -1
-0.648658 -0.240363 -1
-0.234639 -0.441594 -1
-0.217908 -0.561322 -1
-0.263482 -0.197187 -1
-0.897792 -0.455668 1
-0.824338 -0.472329 -1
-0.333480 -0.064220 -1
-0.103977 -0.304520 1
-0.660170 -0.103718 1
-0.162120 -0.221617 1
-0.143440 -0.037145 -1
-0.211401 -0.792464 1
-0.237209 -0.140312 -1
-0.643183 -0.338205 -1
-0.359081 -0.929868 1
-0.743110 -0.007282 -1
-0.775698 -0.729866 -1
-0.031340 -0.277370 -1
-0.261494 -0.272924 1
-0.787942 -0.040385 1
-0.245974 -0.916077 1
-0.839552 -0.099446 1
-0.801694 -0.933575 1
-0.302602 -0.228559 -1
-0.257151 -0.169732 -1
-0.583982 -0.598116 -1
-0.612079 -0.131324 1
-0.718305 -0.187838 -1
-0.832771 -0.449107 -1
-0.993771 -0.909790 -1
-0.149349 -0.754532 -1
-0.979906 -0.121181 -1
-0.615773 -0.269818 -1
-0.118338 -0.804240 -1
-0.169089 -0.644170 -1
-0.048283 -0.898791 -1
-0.004880 -0.929362 -1
-0.404179 -0.957879 -1
-0.779933 -0.232734 1
-0.939697 -0.763592 1
-0.687942 -0.407543 -1
-0.890103 -0.139146 1
-0.584395 -0.552390 -1
-0.616948 -0.117307 -1
-0.844260 -0.617066 -1
-0.545042 -0.766189 1
-0.334919 -0.093862 1
-0.360570 -0.719472 -1
-0.173632 -0.969058 -1
-0.476582 -0.646027 -1
-0.863678 -0.318469 -1
-0.031777 -0.901980 1
-0.092156 -0.040729 1
-0.032717 -0.622479 1
-0.058867 -0.225128 -1
-0.721062 -0.188701 -1
-0.625172 -0.216797 -1
-0.853393 -0.453178 1
-0.191291 -0.034807 -1
-0.575390 -0.118683 -1
-0.498678 -0.459228 -1
-0.772547 -0.267893 1
-0.939153 -0.537361 1
-0.795699 -0.001926 -1
-0.606505 -0.593749 1
-0.839580 -0.831131 -1
-0.244846 -0.578513 1
-0.331796 -0.963911 -1
-0.713137 -0.559687 -1
-0.859622 -0.373534 1
-0.533372 -0.923727 -1
-0.957454 -0.622698 -1
-0.080448 -0.688594 -1
-0.762976 -0.371533 -1
-0.244139 -0.276644 -1
-0.071522 -0.367384 -1
-0.449535 -0.571052 -1
-0.976832 -0.306908 -1
-0.763564 -0.403541 -1
-0.446485 -0.057899 1
-0.469786 -0.664161 -1
-0.516593 -0.838048 -1
-0.177082 -0.205441 -1
-0.968629 -0.309032 -1
-0.427123 -0.707240 1
-0.821137 -0.302937 -1
-0.695924 -0.226157 -1
-0.435123 -0.631274 -1
-0.526847 -0.758314 1
-0.810366 -0.571961 1
-0.817133 -0.558314 -1
-0.662579 -0.383217 -1
-0.158929 -0.677769 -1
-0.807656 -0.965004 1
-0.680937 -0.257175 -1
-0.434145 -0.186800 -1
-0.984455 -0.760311 -1
-0.619020 -0.904027 -1
-0.605228 -0.678563 -1
-0.835100 -0.266013 -1
-0.933383 -0.534239 -1
-0.202152 -0.785787 1
-0.230569 -0.462398 -1
-0.325118 -0.417406 1
-0.857695 -0.852332 -1
-0.475410 -0.793355 -1
-0.433809 -0.814944 1
-0.973739 -0.547692 -1
-0.166647 -0.998142 -1
-0.638352 -0.867436 -1
-0.629999 -0.794116 -1
-0.590065 -0.884864 -1
-0.591431 -0.283614 1
-0.504901 -0.621775 -1
-0.384350 -0.974647 -1
-0.915525 -0.989602 -1
-0.258805 -0.666359 -1
-0.786283 -0.998769 -1
-0.046459 -0.608802 1
-0.131600 -0.709665 1
-0.812831 -0.839448 -1
-0.627125 -0.881879 -1
-0.982090 -0.222692 1
-0.890759 -0.859964 -1
-0.526128 -0.301606 -1
-0.503846 -0.526965 -1
-0.023806 -0.501390 1
-0.803771 -0.188680 1
-0.628367 -0.880771 -1
-0.967074 -0.304597 1
-0.534349 -0.547566 1
-0.097297 -0.000651 -1
-0.918087 -0.575328 1
-0.509518 -0.824635 -1
-0.176856 -0.133163 -1
-0.759213 -0.961793 -1
-0.519061 -0.885561 1
-0.852277 -0.709170 1
-0.478980 -0.365494 1
-0.801399 -0.643228 -1
-0.386227 -0.025764 -1
-0.592150 -0.206982 -1
-0.197858 -0.074541 -1
-0.341491 -0.974646 -1
-0.700805 -0.310013 1
-0.499427 -0.308206 -1
-0.120369 -0.903021 1
-0.152813 -0.608481 -1
-0.738392 -0.604176 1
-0.490128 -0.934027 -1
-0.717388 -0.460017 -1
-0.291671 -0.998070 -1
-0.023271 -0.608303 -1
-0.697660 -0.831825 -1
-0.330176 -0.677234 -1
-0.653360 -0.142522 -1
-0.225904 -0.455181 1
-0.582312 -0.839360 -1
-0.361780 -0.726633 1
-0.207410 -0.568544 -1
-0.504216 -0.755151 -1
-0.147484 -0.551470 -1
-0.744109 -0.681363 1
-0.718606 -0.234590 -1
-0.396342 -0.124493 -1
-0.613039 -0.431016 -1
-0.011532 -0.849566 -1
-0.171964 -0.353745 -1
-0.002738 -0.123524 -1
-0.621485 -0.111253 -1
-0.528427 -0.212499 1
-0.089154 -0.803126 -1
-0.273355 -0.735060 -1
-0.952801 -0.590796 -1
-0.508038 -0.683854 -1
-0.742811 -0.348270 -1
-0.775843 -0.945386 -1
-0.962208 -0.043725 1
-0.190217 -0.313141 -1
-0.355750 -0.671794 -1
-0.504487 -0.409455 1
-0.146103 -0.839832 1
-0.534198 -0.000134 -1
-0.203497 -0.423103 -1
-0.263515 -0.956043 1
-0.691476 -0.494025 1
-0.663567 -0.577151 1
-0.915205 -0.903191 -1
-0.957627 -0.046215 -1
-0.137479 -0.305711 -1
-0.691461 -0.479444 -1
-0.121218 -0.271955 -1
-0.690976 -0.368439 -1
-0.568546 -0.705074 -1
-0.023226 -0.073828 -1
-0.121864 -0.008983 -1
-0.471081 -0.742125 -1
-0.315356 -0.455888 -1
-0.740573 -0.121209 -1
-0.984886 -0.381234 1
-0.839363 -0.800963 -1
-0.913684 -0.172207 -1
-0.419929 -0.793082 1
-0.277451 -0.483230 -1
-0.697401 -0.182166 -1
-0.827610 -0.849134 -1
-0.191617 -0.194652 1
-0.439082 -0.955396 1
-0.744352 -0.753583 -1
-0.567776 -0.085049 -1
-0.797225 -0.849688 -1
-0.692619 -0.876200 -1
-0.100550 -0.946545 -1
-0.439089 -0.475648 -1
-0.486844 -0.404867 -1
-0.167106 -0.722020 -1
-0.949571 -0.604936 -1
-0.266548 -0.269986 1
-0.944064 -0.788055 1
-0.996166 -0.434021 -1
-0.451536 -0.281740 1
-0.194642 -0.636622 -1
-0.702926 -0.475734 -1
-0.762638 -0.742083 -1
-0.602932 -0.394421 -1
0.634461 0.776659 -1
0.941947 0.928083 -1
0.825787 0.271116 -1
0.633490 0.351099 -1
0.560752 0.116049 -1
0.718305 0.137871 1
0.328503 0.809310 1
0.990662 0.827172 -1
0.922379 0.909673 -1
0.614699 0.643726 1
0.480125 0.157343 -1
0.031723 0.431416 1
0.812507 0.957663 1
0.788084 0.203989 -1
0.030189 0.470467 -1
0.656338 0.501174 1
0.226108 0.643563 1
0.405127 0.404307 -1
0.030405 0.380425 -1
0.108554 0.863583 -1
0.938201 0.676760 -1
0.332508 0.353400 -1
0.901615 0.572716 -1
0.287643 0.550862 1
0.007290 0.157921 -1
0.544136 0.774518 1
0.541713 0.187227 -1
0.282992 0.890594 -1
0.221993 0.199614 1
0.852185 0.077865 -1
0.614596 0.460739 -1
0.065337 0.196960 -1
0.151835 0.769553 -1
0.002660 0.822932 1
0.100151 0.978312 -1
0.111165 0.107835 1
0.591786 0.047986 -1
0.087229 0.227669 -1
0.534793 0.850407 -1
0.587258 0.394090 1
0.802693 0.759006 -1
0.374135 0.157206 -1
0.209702 0.155885 1
0.460784 0.137796 1
0.447364 0.316584 -1
0.746962 0.839599 1
0.213930 0.611872 -1
0.060020 0.920135 -1
0.223361 0.962537 -1
0.904567 0.971269 -1
0.832948 0.772068 1
0.647178 0.013927 -1
0.325169 0.168433 1
0.324526 0.434879 1
0.490924 0.484550 -1
0.928586 0.163710 -1
0.074659 0.484705 -1
0.496623 0.456185 -1
0.129160 0.724023 -1
0.919659 0.352155 -1
0.126104 0.580495 1
0.154537 0.726056 -1
0.832444 0.186371 -1
0.131871 0.227102 1
0.923020 0.361597 -1
0.297230 0.961104 -1
0.131479 0.459453 -1
0.898204 0.832036 1
0.379579 0.175030 -1
0.271958 0.541829 1
0.610031 0.089102 -1
0.115993 0.578692 1
0.353323 0.951855 -1
0.028205 0.638053 -1
0.457419 0.701716 -1
0.651645 0.981198 -1
0.042270 0.441163 1
0.567262 0.061467 -1
0.843490 0.771588 1
0.201445 0.225779 -1
0.027363 0.424284 -1
0.405758 0.814010 -1
0.823240 0.577689 -1
0.972276 0.438741 -1
0.112613 0.559147 -1
0.248467 0.976912 -1
0.450382 0.224595 -1
0.573632 0.218409 -1
0.442883 0.700014 -1
0.038941 0.024091 -1
0.027134 0.224078 -1
0.722486 0.372216 -1
0.163317 0.830430 -1
0.778744 0.420256 -1
0.269101 0.756683 -1
0.397232 0.137715 -1
0.990879 0.553896 -1
0.895777 0.764711 -1
0.440729 0.955610 -1
0.476597 0.941306 -1
0.316332 0.483040 1
0.539173 0.081414 -1
0.233481 0.251873 -1
0.373219 0.733495 -1
0.272006 0.195684 -1
0.762687 0.820692 -1
0.574187 0.331057 1
0.702407 0.314280 -1
0.435395 0.397912 1
0.970032 0.357661 1
0.532618 0.088339 -1
0.393819 0.869194 -1
0.548024 0.931387 1
0.688561 0.815490 -1
0.483359 0.009059 1
0.956606 0.385473 -1
0.826146 0.125886 -1
0.559771 0.287917 1
0.617855 0.295428 -1
0.079368 0.483232 1
0.912356 0.331256 -1
0.999702 0.933581 -1
0.055353 0.121426 1
0.250349 0.312005 -1
0.941530 0.731732 -1
0.392923 0.294526 1
0.897513 0.186297 -1
0.905216 0.863089 -1
0.130265 0.053150 -1
0.019694 0.201609 1
0.479900 0.517921 1
0.108837 0.808154 -1
0.066353 0.413655 -1
0.869452 0.712635 -1
0.611528 0.261233 -1
0.020920 0.892159 -1
0.896192 0.561767 -1
0.900695 0.230831 1
0.806779 0.300512 -1
0.247195 0.389225 1
0.436004 0.314937 1
0.036296 0.180787 1
0.344165 0.032158 1
0.211638 0.065849 -1
0.891968 0.805169 -1
0.476227 0.119272 -1
0.978777 0.876552 1
0.704135 0.513132 1
0.778043 0.695484 -1
0.572743 0.514261 1
0.378303 0.798573 1
0.879306 0.344403 -1
0.115192 0.240088 -1
0.943895 0.125532 1
0.389450 0.892337 -1
0.966497 0.550752 -1
0.023678 0.233756 -1
0.378242 0.424701 -1
0.451301 0.357474 -1
0.322778 0.307461 -1
0.391928 0.994182 -1
0.727494 0.108550 -1
0.447910 0.471778 1
0.465094 0.434999 1
0.451250 0.718139 -1
0.853004 0.400485 -1
0.786261 0.252345 -1
0.887172 0.612502 -1
0.666391 0.584242 -1
0.583725 0.720837 -1
0.978550 0.597841 1
0.464319 0.304577 1
0.913627 0.194270 -1
0.600658 0.341918 1
0.613264 0.334957 -1
0.618696 0.391305 1
0.102574 0.641954 1
0.209309 0.773844 1
0.120082 0.980423 -1
0.209639 0.595535 -1
0.790153 0.591402 -1
0.054419 0.416195 -1
0.884481 0.064139 -1
0.271079 0.636310 -1
0.283860 0.093510 -1
0.880896 0.989685 -1
0.637729 0.295069 -1
0.168339 0.751210 -1
0.382042 0.878564 -1
0.072685 0.897257 1
0.939882 0.792492 -1
0.402480 0.926412 -1
0.473846 0.900402 1
0.672717 0.234169 -1
0.800973 0.705366 -1
0.647143 0.092812 1
0.498909 0.499898 -1
0.871344 0.282066 1
0.741318 0.697689 -1
0.883811 0.954242 -1
0.051756 0.071943 -1
0.739720 0.658709 -1
0.650035 0.467662 -1
0.510824 0.143973 -1
0.620652 0.835760 1
0.911301 0.739405 1
0.691164 0.583359 -1
0.815023 0.808429 -1
0.384698 0.881545 -1
0.692014 0.550674 -1
0.506408 0.511729 1
0.088727 0.199303 -1
0.138360 0.267834 -1
0.750422 0.069221 -1
0.269415 0.451295 -1
0.503634 0.865992 -1
0.395648 0.124839 -1
0.268388 0.470605 -1
0.076653 0.709832 -1
0.753184 0.055236 1
0.752209 0.640234 -1
0.997156 0.760124 1
0.958808 0.707407 -1
0.961651 0.060507 1
0.719803 0.290121 -1
0.157621 0.900792 -1
0.098463 0.245507 -1
0.666845 0.716206 -1
0.645720 0.838220 1
0.330929 0.167832 -1
0.169840 0.754408 -1
0.441325 0.886933 -1
0.240039 0.772806 -1
0.247358 0.910712 -1
0.459497 0.645273 1
0.048523 0.423682 -1
0.184791 0.479389 -1
0.876586 0.968663 -1
0.475185 0.293358 -1
0.795669 0.226152 -1
0.379634 0.783147 -1
0.955105 0.242190 1
0.423351 0.515234 -1
0.362031 0.877861 -1
0.426973 0.486664 -1
0.455966 0.006131 -1
0.842384 0.371307 1
0.152701 0.538786 1
0.004835 0.847067 -1
0.700191 0.459785 1
