-0.514926 0.208912 1
-0.655163 0.208428 1
-0.466276 0.144931 1
-0.952408 0.078247 1
-0.870259 0.291130 1
-0.594028 0.933319 1
-0.760709 0.120628 1
-0.751953 0.203055 1
-0.746899 0.546032 1
-0.829372 0.026302 1
-0.474022 0.174894 1
-0.849751 0.441559 1
-0.369690 0.583883 1
-0.180635 0.071763 -1
-0.275008 0.847723 1
-0.378445 0.615708 1
-0.563476 0.361126 1
-0.909368 0.257272 1
-0.478724 0.464769 1
-0.043260 0.364888 1
-0.353765 0.862656 1
-0.207540 0.692150 1
-0.320355 0.954333 1
-0.783672 0.013692 1
-0.185996 0.689895 1
0.343023 -0.478838 1
0.216264 -0.066824 1
0.300641 -0.061020 1
0.314465 -0.640573 1
0.377393 -0.804538 1
0.290303 -0.359502 1
0.726884 -0.965523 1
0.075160 -0.641127 1
0.941465 -0.131412 -1
0.463873 -0.356730 1
0.893335 -0.778554 1
0.060336 -0.454531 -1
0.500021 -0.295894 1
0.152357 -0.866712 1
0.667408 -0.080097 1
0.769401 -0.157774 1
0.241098 -0.650899 -1
0.062360 -0.963873 1
0.122437 -0.822003 1
0.435503 -0.015005 1
0.746695 -0.935984 1
0.713818 -0.801263 1
0.813405 -0.010050 1
0.713794 -0.392326 1
0.097177 -0.154403 1
-0.113080 -0.148621 -1
-0.415114 -0.155581 -1
-0.157747 -0.017795 -1
-0.369719 -0.190358 -1
-0.565759 -0.699256 -1
-0.332033 -0.039431 1
-0.326275 -0.605312 1
-0.041521 -0.166670 -1
-0.240401 -0.709617 -1
-0.624319 -0.248921 -1
-0.689071 -0.361412 -1
-0.743822 -0.219314 -1
-0.647292 -0.563766 -1
-0.222921 -0.601711 -1
-0.440079 -0.816269 -1
-0.629889 -0.235628 -1
-0.511798 -0.529035 1
-0.591010 -0.803637 -1
-0.250696 -0.441611 -1
-0.844091 -0.496293 -1
-0.772887 -0.802358 -1
-0.567553 -0.631397 -1
-0.742249 -0.295238 -1
-0.923215 -0.204834 -1
-0.055108 -0.820173 -1
0.925520 0.422705 -1
0.121050 0.178105 -1
0.089135 0.241549 1
0.981967 0.585706 -1
0.439766 0.455282 -1
0.576643 0.595677 -1
0.088151 0.262184 -1
0.469662 0.656887 -1
0.535831 0.314594 -1
0.942431 0.187213 -1
0.430708 0.961948 1
0.075188 0.688371 -1
0.835464 0.361474 -1
0.676842 0.932973 -1
0.232880 0.403110 -1
0.612844 0.944438 -1
0.092659 0.411157 -1
0.644402 0.089703 -1
0.120781 0.846781 -1
0.288717 0.499669 -1
0.658187 0.318072 -1
0.481688 0.770324 -1
0.201322 0.528963 -1
0.521236 0.584779 1
0.332821 0.218245 -1
