-0.446349 0.701042 1
-0.337979 0.753256 1
-0.223797 0.077368 1
-0.010464 0.029403 1
-0.187842 0.604206 1
-0.913077 0.061258 1
-0.763119 0.251818 1
-0.802776 0.578238 1
-0.791078 0.450853 1
-0.558279 0.044092 1
-0.918336 0.441222 1
-0.914655 0.135867 1
-0.605778 0.085361 1
-0.655598 0.513360 1
-0.487241 0.381756 -1
-0.963081 0.445248 1
-0.765063 0.495723 1
-0.055908 0.818153 1
-0.608445 0.341599 1
-0.948919 0.591496 1
-0.383069 0.364044 1
-0.679633 0.403664 1
-0.382116 0.611051 1
-0.997363 0.144239 1
-0.286587 0.855996 1
-0.172004 0.760295 1
-0.994815 0.091078 1
-0.113353 0.299737 1
-0.300560 0.959931 1
-0.185946 0.697929 1
-0.116285 0.604384 1
-0.951320 0.435408 1
-0.154899 0.287627 1
-0.198254 0.218571 1
-0.057867 0.652222 1
-0.929034 0.060260 1
-0.088025 0.799436 1
-0.640235 0.379734 1
-0.695371 0.835168 -1
-0.800250 0.573807 1
-0.695533 0.361670 -1
-0.863056 0.171574 -1
-0.293531 0.762788 1
-0.318561 0.077159 1
-0.639986 0.828684 1
-0.072963 0.631444 1
-0.692745 0.695860 1
-0.212615 0.910994 1
-0.914912 0.106588 1
-0.967723 0.513177 1
-0.311771 0.509010 1
-0.601508 0.947684 1
-0.355507 0.001194 1
-0.967884 0.274588 1
-0.769421 0.203539 1
-0.964586 0.124384 1
-0.906559 0.266425 1
-0.004242 0.984818 1
-0.541169 0.355189 1
-0.319291 0.269726 1
-0.113139 0.385701 1
-0.006919 0.053243 -1
-0.167907 0.341833 1
-0.654050 0.339696 1
-0.259480 0.545807 1
-0.757879 0.748622 1
-0.236746 0.035118 -1
-0.681628 0.214966 1
-0.507762 0.437504 -1
-0.497643 0.451032 1
-0.321307 0.611999 1
-0.228568 0.865851 1
-0.582236 0.700398 1
-0.840833 0.282504 1
-0.018573 0.299292 1
-0.656182 0.395220 1
-0.247835 0.604981 1
-0.072128 0.534284 1
-0.694175 0.449803 1
-0.927949 0.413495 1
-0.738047 0.928585 1
-0.302597 0.019268 1
-0.007549 0.597623 1
-0.816871 0.260897 1
-0.891309 0.220375 1
-0.451870 0.275901 1
-0.040892 0.977489 1
-0.118451 0.307631 1
-0.790186 0.634850 1
-0.133400 0.583377 1
-0.426914 0.387291 1
-0.531676 0.039203 1
-0.510918 0.852431 1
-0.076402 0.633625 1
-0.560473 0.576766 1
-0.920864 0.888580 1
-0.233573 0.633003 1
-0.778191 0.211532 1
-0.782103 0.750511 1
-0.440789 0.144007 1
-0.481910 0.131298 -1
-0.084254 0.941876 1
-0.425976 0.968681 1
-0.680816 0.443326 -1
-0.048964 0.813791 1
-0.151252 0.908983 1
-0.446800 0.613561 1
-0.804747 0.594685 1
-0.581463 0.540949 1
-0.991310 0.642754 1
-0.326610 0.781703 1
-0.884117 0.651389 1
-0.086637 0.185561 1
-0.057070 0.151030 1
-0.290063 0.605775 1
-0.118445 0.708094 1
-0.726847 0.213283 1
-0.886224 0.502822 1
-0.460006 0.167862 1
-0.303185 0.870401 1
-0.229254 0.401035 1
-0.172112 0.732928 1
-0.228466 0.666125 1
-0.782917 0.424720 1
-0.959697 0.153829 1
-0.499371 0.548952 1
-0.289209 0.235628 1
-0.054922 0.898511 -1
-0.680224 0.767075 1
-0.818034 0.011375 1
-0.115703 0.931552 1
-0.619890 0.110255 1
-0.965493 0.465987 1
-0.776398 0.468663 1
-0.366719 0.957737 1
-0.926682 0.295056 -1
-0.975111 0.870139 1
-0.470245 0.250940 1
-0.609226 0.362730 1
-0.091900 0.312310 1
-0.295921 0.511426 1
-0.210883 0.453733 1
-0.778318 0.871805 1
-0.640269 0.524018 1
-0.920264 0.495147 1
-0.527656 0.528196 1
-0.150647 0.128046 1
-0.388568 0.330324 1
-0.529587 0.847823 1
-0.044663 0.072550 1
-0.243354 0.788305 1
-0.882296 0.753938 1
-0.628890 0.711644 1
-0.878741 0.283760 1
-0.184320 0.773059 1
-0.975206 0.034558 1
-0.523050 0.775605 1
-0.930152 0.990492 1
-0.789729 0.114078 1
-0.520154 0.629823 1
-0.533321 0.410238 1
-0.815898 0.817959 1
-0.132544 0.247965 1
-0.915534 0.462018 1
-0.888421 0.572140 1
-0.309134 0.095112 1
-0.236247 0.458094 -1
-0.734296 0.782375 1
-0.826317 0.176467 1
-0.296403 0.404057 1
-0.523921 0.602530 1
-0.433405 0.346099 1
-0.946289 0.392285 -1
-0.225349 0.154938 -1
-0.879881 0.537557 1
-0.764860 0.125701 1
-0.942422 0.651589 -1
-0.609912 0.089698 1
-0.843202 0.433822 1
-0.465686 0.072800 1
-0.474125 0.684334 1
-0.472262 0.754810 1
-0.046139 0.352146 1
-0.746255 0.330316 1
-0.223063 0.836818 1
-0.806426 0.843744 1
-0.130093 0.415799 1
-0.184096 0.849619 1
-0.516545 0.596176 1
-0.922517 0.705547 -1
-0.907894 0.530457 1
-0.084792 0.122836 -1
-0.336907 0.659163 1
-0.404360 0.443848 1
-0.302645 0.654003 1
-0.762826 0.270410 1
-0.020036 0.636558 1
-0.874566 0.400276 1
-0.877295 0.722488 1
-0.141024 0.063936 1
-0.974108 0.139573 -1
-0.604077 0.398118 -1
-0.113163 0.949854 1
-0.240014 0.479766 1
-0.473334 0.148429 1
-0.286919 0.722878 1
-0.355610 0.291172 1
-0.786826 0.860864 1
-0.120138 0.353248 1
-0.627633 0.895356 1
-0.729420 0.343917 1
-0.784838 0.387748 1
-0.872970 0.550566 1
-0.313738 0.519241 1
-0.162261 0.566948 1
-0.562337 0.898401 1
-0.280776 0.341685 1
-0.968653 0.571105 1
-0.760625 0.790009 1
-0.963796 0.748796 1
-0.452260 0.769553 -1
-0.902053 0.505074 1
-0.899469 0.406214 1
-0.516842 0.509274 -1
-0.411817 0.212405 1
-0.569268 0.948302 -1
-0.452266 0.072719 1
-0.264336 0.935462 -1
-0.179568 0.220844 1
-0.751380 0.072499 1
-0.633470 0.980789 1
-0.561683 0.303414 1
-0.505957 0.696826 1
-0.353095 0.539573 1
-0.215705 0.375268 -1
-0.975013 0.006412 -1
-0.106365 0.782724 1
-0.517588 0.228191 1
-0.838652 0.618743 1
-0.135810 0.556070 1
-0.729477 0.784201 1
-0.577769 0.502172 1
-0.165942 0.444470 1
-0.447582 0.771349 1
-0.886600 0.492441 1
-0.872715 0.066954 1
-0.700871 0.313625 1
-0.266769 0.922783 1
-0.400672 0.961719 1
-0.163275 0.868470 1
0.929136 -0.242740 1
0.514295 -0.394236 1
0.685763 -0.550470 -1
0.486810 -0.823620 1
0.836809 -0.459957 -1
0.230471 -0.170259 1
0.947845 -0.566911 1
0.050509 -0.533049 1
0.681588 -0.720970 1
0.387289 -0.627116 1
0.323953 -0.911455 1
0.185900 -0.695338 -1
0.860256 -0.051137 1
0.993934 -0.133427 1
0.285429 -0.461637 1
0.978202 -0.320426 1
0.600598 -0.654676 1
0.057482 -0.401981 1
0.017704 -0.170342 1
0.206628 -0.967334 1
0.287784 -0.847362 1
0.273079 -0.162363 1
0.635561 -0.119441 1
0.848344 -0.497817 1
0.046035 -0.602932 1
0.355146 -0.429551 1
0.937095 -0.557941 1
0.557845 -0.874630 1
0.308200 -0.705957 1
0.418274 -0.251322 1
0.979289 -0.954897 1
0.063317 -0.458147 1
0.149405 -0.528210 1
0.996122 -0.219220 1
0.253576 -0.121159 1
0.336093 -0.607660 1
0.809408 -0.106049 -1
0.271254 -0.783798 1
0.220064 -0.739136 -1
0.913836 -0.906268 -1
0.014441 -0.664260 -1
0.439638 -0.227914 1
0.585778 -0.882567 1
0.919898 -0.098248 1
0.930498 -0.469626 1
0.206711 -0.671234 1
0.227542 -0.341009 1
0.358504 -0.045103 1
0.145346 -0.164513 1
0.142506 -0.104693 1
0.635470 -0.763167 1
0.780908 -0.461673 1
0.023398 -0.157867 1
0.937648 -0.215620 1
0.806430 -0.035973 1
0.690893 -0.723232 1
0.024924 -0.351181 1
0.825669 -0.203770 1
0.759000 -0.455663 1
0.465081 -0.564708 1
0.140866 -0.772180 1
0.729828 -0.339967 1
0.475512 -0.437051 1
0.077177 -0.078677 1
0.081233 -0.885841 1
0.741076 -0.407664 1
0.452395 -0.853099 1
0.353108 -0.633258 1
0.600730 -0.758037 1
0.807241 -0.788490 1
0.439176 -0.374293 1
0.218413 -0.693997 -1
0.306961 -0.723486 1
0.545935 -0.556624 1
0.057269 -0.509813 1
0.563175 -0.628258 1
0.990648 -0.922118 1
0.249588 -0.363068 1
0.997216 -0.262888 1
0.169221 -0.659255 1
0.286153 -0.076823 1
0.509896 -0.489698 1
0.071968 -0.537264 1
0.490293 -0.871111 1
0.449426 -0.420236 1
0.779537 -0.260377 1
0.063874 -0.403064 1
0.479339 -0.854078 1
0.086491 -0.672900 1
0.016736 -0.234825 1
0.722679 -0.863494 1
0.524049 -0.042590 1
0.115617 -0.778726 1
0.768249 -0.070531 1
0.490897 -0.468522 1
0.885223 -0.769041 -1
0.550487 -0.583017 1
0.516613 -0.783030 1
0.745657 -0.466256 -1
0.028828 -0.180557 1
0.564849 -0.494270 1
0.082634 -0.800710 -1
0.701980 -0.498443 1
0.595563 -0.953161 1
0.773975 -0.088591 1
0.893673 -0.744275 1
0.934561 -0.278996 1
0.152970 -0.671210 1
0.439964 -0.992241 -1
0.523569 -0.109703 1
0.471593 -0.504204 1
0.465294 -0.318275 1
0.511427 -0.758714 1
0.481715 -0.267960 1
0.743283 -0.647697 1
0.486175 -0.129034 -1
0.099812 -0.754839 1
0.923597 -0.759697 1
0.834506 -0.848186 1
0.850405 -0.483737 1
0.521913 -0.593746 1
0.730488 -0.498102 1
0.519324 -0.425826 1
0.335366 -0.860526 1
0.975098 -0.279334 1
0.614689 -0.397784 1
0.501905 -0.811079 1
0.419317 -0.923107 1
0.185190 -0.626081 1
0.561007 -0.198172 1
0.735885 -0.513381 1
0.332094 -0.895358 -1
0.384817 -0.582701 -1
0.716629 -0.459032 1
0.870704 -0.182837 1
0.068538 -0.491628 1
0.980848 -0.608101 1
0.219580 -0.955171 1
0.758068 -0.676971 1
0.920887 -0.818971 1
0.275924 -0.866812 1
0.523379 -0.319740 1
0.501267 -0.422264 -1
0.665267 -0.946046 -1
0.078274 -0.270672 1
0.114597 -0.521088 1
0.246572 -0.982341 1
0.657590 -0.153865 1
0.396793 -0.599775 1
0.061658 -0.143292 1
0.511871 -0.292205 1
0.489202 -0.629102 -1
0.691747 -0.956356 1
0.530895 -0.045818 1
0.325758 -0.366547 1
0.421219 -0.198063 1
0.664079 -0.967994 1
0.198387 -0.471847 1
0.204121 -0.485850 1
0.722778 -0.602591 1
0.659820 -0.690445 1
0.116557 -0.714130 1
0.402234 -0.481241 1
0.385242 -0.919249 1
0.363978 -0.389811 1
0.277065 -0.028049 1
0.388124 -0.870814 1
0.364940 -0.915743 1
0.608198 -0.452146 1
0.235465 -0.170435 1
0.038365 -0.097937 1
0.476106 -0.233281 1
0.807531 -0.184075 1
0.564895 -0.755477 1
0.657380 -0.704562 -1
0.189606 -0.516558 1
0.312592 -0.111578 1
0.283878 -0.688677 1
0.342046 -0.254830 1
0.703590 -0.147417 1
0.262347 -0.410722 1
0.930696 -0.393656 1
0.727205 -0.151367 1
0.226198 -0.718512 1
0.933164 -0.936693 1
0.013402 -0.503022 1
0.105763 -0.345991 1
0.864491 -0.016013 -1
0.838934 -0.108845 1
0.332385 -0.048909 1
0.469858 -0.651773 1
0.036881 -0.366052 1
0.071869 -0.685859 -1
0.734402 -0.960563 1
0.768246 -0.999596 1
0.698761 -0.030350 -1
0.063019 -0.099732 1
0.912467 -0.188469 1
0.995165 -0.219467 1
0.273541 -0.256620 1
0.918136 -0.944763 1
0.173447 -0.764525 1
0.967166 -0.786849 -1
0.042375 -0.550271 -1
0.826706 -0.320468 -1
0.747741 -0.055195 1
0.603900 -0.825226 1
0.955888 -0.988813 1
0.851438 -0.181710 1
0.880105 -0.380175 -1
0.086246 -0.307576 1
0.799889 -0.674904 1
0.256599 -0.370526 1
0.202674 -0.155193 1
0.183609 -0.555146 1
0.353564 -0.400469 1
0.347443 -0.676564 1
0.468695 -0.838196 1
0.084878 -0.826822 1
0.868658 -0.999784 1
0.683688 -0.958384 1
0.928579 -0.239772 1
0.851760 -0.683562 1
0.233928 -0.396789 -1
0.918220 -0.087173 1
0.716966 -0.920298 1
0.974792 -0.225008 1
0.797804 -0.001386 1
0.939904 -0.474148 1
0.938029 -0.634759 1
0.653962 -0.978113 1
0.958000 -0.692288 1
0.884999 -0.167144 1
0.045898 -0.010431 1
0.589920 -0.026192 1
0.033086 -0.599702 -1
0.506407 -0.388075 -1
0.216055 -0.441926 1
0.397634 -0.435553 1
0.923448 -0.308196 1
0.686612 -0.325873 1
0.955967 -0.216570 1
0.630147 -0.464089 1
0.746560 -0.841958 1
0.762053 -0.883203 1
0.999193 -0.269787 1
0.229295 -0.462166 1
0.521499 -0.962509 1
0.347829 -0.368961 1
0.917664 -0.869350 1
-0.044119 -0.007116 -1
-0.503632 -0.751087 -1
-0.203771 -0.070242 -1
-0.423082 -0.918364 -1
-0.481588 -0.254270 -1
-0.346678 -0.002008 -1
-0.246906 -0.291976 -1
-0.971115 -0.808092 -1
-0.609794 -0.494525 -1
-0.822754 -0.864362 -1
-0.188968 -0.242294 -1
-0.610360 -0.812657 -1
-0.888614 -0.584187 -1
-0.114440 -0.105806 -1
-0.042351 -0.614573 -1
-0.533176 -0.742615 -1
-0.777262 -0.562206 -1
-0.196964 -0.323287 -1
-0.077231 -0.948121 -1
-0.853040 -0.989702 -1
-0.465702 -0.579729 -1
-0.890345 -0.448439 -1
-0.344035 -0.655535 -1
-0.181420 -0.432809 -1
-0.389602 -0.956330 -1
-0.934676 -0.054142 -1
-0.647419 -0.891030 -1
-0.071202 -0.591057 -1
-0.657466 -0.471951 -1
-0.947530 -0.165965 -1
-0.270554 -0.753247 -1
-0.727026 -0.981162 -1
-0.159924 -0.944664 -1
-0.830716 -0.506100 -1
-0.870022 -0.598115 -1
-0.676392 -0.312192 -1
-0.961541 -0.275763 -1
-0.366132 -0.274343 -1
-0.152463 -0.767318 1
-0.191153 -0.643101 -1
-0.528979 -0.381399 -1
-0.526250 -0.101693 -1
-0.359022 -0.182848 -1
-0.166681 -0.184209 -1
-0.150799 -0.643856 -1
-0.269924 -0.050862 -1
-0.010030 -0.941073 -1
-0.217785 -0.505996 -1
-0.054360 -0.661768 -1
-0.890593 -0.355537 -1
-0.544815 -0.274222 -1
-0.833387 -0.177792 1
-0.418525 -0.646291 -1
-0.010769 -0.906886 1
-0.616142 -0.242248 -1
-0.573833 -0.576705 -1
-0.433135 -0.602670 -1
-0.522609 -0.469291 -1
-0.522664 -0.170318 -1
-0.632497 -0.469633 -1
-0.900720 -0.483657 -1
-0.458025 -0.509273 -1
-0.688848 -0.310752 -1
-0.857729 -0.292125 -1
-0.287753 -0.805218 1
-0.147056 -0.709212 -1
-0.337655 -0.221652 -1
-0.038989 -0.109094 -1
-0.009183 -0.470837 -1
-0.066936 -0.888667 -1
-0.212244 -0.580189 -1
-0.682577 -0.001177 -1
-0.121231 -0.680918 -1
-0.564812 -0.527169 -1
-0.445081 -0.760131 -1
-0.594038 -0.341235 -1
-0.846732 -0.959384 -1
-0.374941 -0.014810 -1
-0.779147 -0.035950 -1
-0.868608 -0.108897 -1
-0.506876 -0.528765 -1
-0.710123 -0.637922 -1
-0.759290 -0.552497 -1
-0.661012 -0.967668 -1
-0.687155 -0.081879 -1
-0.850827 -0.722701 -1
-0.545172 -0.657231 -1
-0.660721 -0.436797 -1
-0.258390 -0.843906 -1
-0.005776 -0.002542 -1
-0.867272 -0.803689 -1
-0.248036 -0.479348 -1
-0.769886 -0.454738 -1
-0.136157 -0.834320 -1
-0.450184 -0.100119 -1
-0.268580 -0.759239 -1
-0.996867 -0.756155 -1
-0.203239 -0.001462 -1
-0.847493 -0.711098 1
-0.563879 -0.453381 -1
-0.036958 -0.441232 -1
-0.769425 -0.730989 -1
-0.645374 -0.728706 -1
-0.835189 -0.181553 -1
-0.097460 -0.387703 -1
-0.588852 -0.386909 -1
-0.446094 -0.387815 -1
-0.601731 -0.336945 1
-0.302453 -0.637579 -1
-0.437327 -0.325285 -1
-0.655053 -0.860353 -1
-0.529178 -0.583275 -1
-0.866604 -0.603484 -1
-0.331466 -0.541578 -1
-0.472557 -0.114884 -1
-0.040962 -0.646831 1
-0.790311 -0.617744 -1
-0.485683 -0.736226 1
-0.931861 -0.596880 -1
-0.812481 -0.829166 -1
-0.789974 -0.245714 -1
-0.762597 -0.359572 -1
-0.036497 -0.927786 -1
-0.773382 -0.217518 -1
-0.993589 -0.005629 -1
-0.389697 -0.314028 -1
-0.397842 -0.156260 -1
-0.038322 -0.712233 -1
-0.831460 -0.391213 -1
-0.244896 -0.566427 1
-0.093325 -0.527121 -1
-0.672109 -0.691400 -1
-0.635317 -0.072661 -1
-0.293842 -0.974743 -1
-0.348964 -0.747360 -1
-0.333940 -0.330605 -1
-0.647185 -0.658643 -1
-0.455757 -0.371884 -1
-0.869503 -0.928685 -1
-0.722139 -0.255090 -1
-0.637340 -0.559765 -1
-0.222061 -0.115261 -1
-0.877795 -0.994177 -1
-0.020866 -0.437671 -1
-0.691293 -0.117228 -1
-0.157125 -0.245222 -1
-0.693718 -0.450358 -1
-0.791326 -0.832179 -1
-0.853407 -0.189725 -1
-0.412717 -0.639594 1
-0.831719 -0.793907 -1
-0.946669 -0.985132 -1
-0.832186 -0.666026 -1
-0.923543 -0.246673 -1
-0.639661 -0.464475 -1
-0.613632 -0.240133 1
-0.116194 -0.189533 -1
-0.953536 -0.377158 -1
-0.857416 -0.150443 -1
-0.540593 -0.210983 -1
-0.313847 -0.906343 -1
-0.601521 -0.105212 -1
-0.795613 -0.019482 -1
-0.062323 -0.374430 1
-0.185844 -0.833468 -1
-0.971642 -0.260232 -1
-0.722132 -0.992890 -1
-0.309445 -0.267669 1
-0.564339 -0.972380 -1
-0.631682 -0.548666 -1
-0.488097 -0.765916 -1
-0.204746 -0.557315 -1
-0.406971 -0.481223 -1
-0.605235 -0.134423 -1
-0.109542 -0.529026 -1
-0.108982 -0.962092 -1
-0.551672 -0.673166 -1
-0.404263 -0.348573 -1
-0.290822 -0.603208 -1
-0.391538 -0.532304 1
-0.504449 -0.185709 -1
-0.415002 -0.129893 1
-0.955212 -0.020383 1
-0.517979 -0.956280 -1
-0.514786 -0.562439 -1
-0.990218 -0.060493 -1
-0.087810 -0.730508 -1
-0.451309 -0.531632 -1
-0.412406 -0.761804 -1
-0.061272 -0.700997 -1
-0.601235 -0.838804 -1
-0.317886 -0.220954 -1
-0.739087 -0.860856 -1
-0.870636 -0.247302 -1
-0.066501 -0.873466 -1
-0.064617 -0.629782 -1
-0.038878 -0.346010 -1
-0.546070 -0.145233 -1
-0.554846 -0.177473 -1
-0.815383 -0.292936 -1
-0.220699 -0.343616 -1
-0.446458 -0.544247 -1
-0.651351 -0.059334 -1
-0.455152 -0.100817 -1
-0.725786 -0.550626 -1
-0.509245 -0.028630 -1
-0.564623 -0.532775 -1
-0.326193 -0.684633 -1
-0.629760 -0.288053 -1
-0.559254 -0.688954 -1
-0.968534 -0.414646 -1
-0.345848 -0.002608 -1
-0.646799 -0.164706 -1
-0.176623 -0.626704 -1
-0.883308 -0.173890 -1
-0.706017 -0.607266 -1
-0.170541 -0.896911 -1
-0.486858 -0.309114 -1
-0.942580 -0.007399 -1
-0.594541 -0.320983 -1
-0.528498 -0.704400 -1
-0.836649 -0.082180 -1
-0.441659 -0.889617 1
-0.663274 -0.517653 1
-0.157991 -0.715435 -1
-0.790694 -0.096811 -1
-0.817318 -0.226075 -1
-0.766962 -0.248660 -1
-0.065225 -0.585244 1
-0.952999 -0.004216 1
-0.148018 -0.810646 -1
-0.480230 -0.591343 -1
-0.313998 -0.587020 -1
-0.706976 -0.523065 -1
-0.256302 -0.991033 -1
-0.167305 -0.520218 -1
-0.572895 -0.893987 -1
-0.119810 -0.072909 -1
-0.526953 -0.629285 -1
-0.210870 -0.339042 -1
-0.898193 -0.631906 -1
-0.172170 -0.415408 1
-0.105276 -0.338369 -1
-0.468182 -0.058769 -1
-0.981938 -0.696143 1
-0.754118 -0.621941 -1
-0.832320 -0.160468 -1
-0.964014 -0.131537 -1
-0.473405 -0.616445 -1
-0.048138 -0.882256 -1
0.579315 0.183782 -1
0.562266 0.770131 -1
0.452625 0.396685 -1
0.831325 0.450369 -1
0.171900 0.013048 -1
0.845463 0.275593 -1
0.389007 0.290207 -1
0.879513 0.439315 1
0.981216 0.099318 -1
0.613975 0.397119 -1
0.714808 0.473902 -1
0.513145 0.046908 -1
0.155628 0.977758 -1
0.761224 0.466634 -1
0.244722 0.322199 -1
0.457861 0.686089 -1
0.022262 0.558589 -1
0.561009 0.037032 -1
0.486489 0.890790 1
0.677512 0.463206 -1
0.783665 0.927276 -1
0.853739 0.108976 -1
0.047813 0.642694 1
0.172671 0.759965 -1
0.939268 0.775388 -1
0.212614 0.911282 -1
0.864359 0.683404 -1
0.827912 0.680042 -1
0.722076 0.697903 -1
0.587450 0.501748 -1
0.312309 0.089464 -1
0.709197 0.951406 -1
0.766605 0.092786 -1
0.874337 0.881286 -1
0.413367 0.611513 -1
0.423989 0.697754 -1
0.116253 0.792597 -1
0.863971 0.327142 -1
0.215677 0.653778 -1
0.774736 0.801903 -1
0.029918 0.017068 -1
0.652026 0.598738 -1
0.410338 0.781714 -1
0.208162 0.767867 -1
0.578768 0.072087 -1
0.247958 0.625694 -1
0.543966 0.708940 -1
0.439364 0.571578 -1
0.456598 0.254154 -1
0.469140 0.316431 -1
0.106719 0.528441 -1
0.112426 0.606341 -1
0.219699 0.882506 1
0.314485 0.781522 1
0.929398 0.216698 -1
0.385093 0.952909 -1
0.971048 0.577735 -1
0.369561 0.744443 -1
0.417842 0.520880 -1
0.491053 0.421172 1
0.600794 0.663382 -1
0.730713 0.984920 -1
0.648208 0.733256 -1
0.215070 0.856331 -1
0.006924 0.611692 -1
0.096170 0.210002 -1
0.716067 0.216496 -1
0.521352 0.710495 1
0.132832 0.983216 -1
0.633958 0.936154 -1
0.058915 0.114286 -1
0.294823 0.489256 -1
0.684088 0.184765 -1
0.016343 0.789223 -1
0.688390 0.362483 -1
0.028473 0.374853 -1
0.238478 0.479291 -1
0.639068 0.894647 -1
0.018902 0.746670 -1
0.276259 0.642280 -1
0.511009 0.399332 -1
0.794092 0.026903 -1
0.465736 0.306486 -1
0.763332 0.110226 -1
0.079550 0.722035 1
0.771305 0.482485 -1
0.822157 0.483832 -1
0.251330 0.268788 -1
0.836976 0.345286 -1
0.068218 0.386408 -1
0.597327 0.192409 -1
0.879289 0.183110 -1
0.379957 0.705714 -1
0.480929 0.114338 -1
0.428900 0.254177 -1
0.863241 0.523374 -1
0.511090 0.860764 -1
0.365843 0.319628 -1
0.291909 0.161620 -1
0.371340 0.710102 -1
0.126035 0.739184 1
0.052166 0.510358 -1
0.877919 0.748232 1
0.601969 0.044185 -1
0.119910 0.502019 1
0.175849 0.645211 -1
0.852820 0.095318 -1
0.571232 0.093417 -1
0.692186 0.532736 -1
0.076840 0.558985 -1
0.291851 0.383672 -1
0.730710 0.192551 -1
0.692911 0.513723 1
0.003536 0.588735 -1
0.911358 0.835204 -1
0.293481 0.037818 -1
0.311935 0.493001 -1
0.123436 0.136858 -1
0.033718 0.763466 -1
0.367074 0.303837 -1
0.904766 0.394337 -1
0.472815 0.626548 -1
0.847303 0.421876 -1
0.511493 0.597149 -1
0.025756 0.593851 -1
0.989922 0.963268 -1
0.168048 0.639146 1
0.140328 0.493234 -1
0.154707 0.771658 -1
0.017375 0.799316 -1
0.257270 0.617353 -1
0.004780 0.945161 -1
0.770879 0.371686 -1
0.495042 0.143533 -1
0.968079 0.876590 1
0.158968 0.100088 -1
0.950513 0.657387 1
0.429644 0.078455 -1
0.069520 0.431720 -1
0.386446 0.349941 1
0.016237 0.553136 -1
0.122360 0.017724 -1
0.599410 0.236605 -1
0.807220 0.592561 -1
0.595048 0.205129 -1
0.334542 0.569504 -1
0.465359 0.040137 -1
0.647832 0.686315 -1
0.055700 0.332365 -1
0.134510 0.585000 -1
0.803251 0.333792 -1
0.519176 0.375593 -1
0.595048 0.816631 -1
0.091174 0.052250 1
0.251086 0.392389 1
0.914101 0.791926 -1
0.189132 0.101556 -1
0.570853 0.186503 -1
0.914801 0.611498 -1
0.993167 0.230178 1
0.515550 0.027204 -1
0.887226 0.769310 -1
0.627009 0.527172 -1
0.126569 0.580512 -1
0.896408 0.002528 -1
0.931782 0.538753 -1
0.630356 0.087813 -1
0.462820 0.530501 -1
0.430208 0.192033 -1
0.800270 0.489692 -1
0.381309 0.802919 -1
0.391920 0.780478 -1
0.667022 0.521879 -1
0.704402 0.714165 -1
0.434315 0.162020 1
0.743832 0.075276 -1
0.954905 0.002316 -1
0.740635 0.767586 -1
0.708260 0.188252 -1
0.255526 0.225871 -1
0.506554 0.853203 -1
0.643962 0.013836 -1
0.241423 0.914283 -1
0.700161 0.787943 -1
0.592143 0.985446 -1
0.738748 0.966197 -1
0.965064 0.699692 -1
0.098966 0.690565 -1
0.876609 0.011727 -1
0.985646 0.054466 -1
0.699083 0.774913 1
0.281540 0.653130 -1
0.142062 0.459398 -1
0.387665 0.239560 -1
0.038691 0.131994 -1
0.490245 0.497522 -1
0.750886 0.573629 -1
0.668092 0.497177 -1
0.696765 0.322340 1
0.803671 0.453765 -1
0.755128 0.060286 -1
0.622094 0.455381 -1
0.354340 0.623747 -1
0.103882 0.272486 -1
0.772287 0.905420 -1
0.609235 0.480525 -1
0.315761 0.511388 1
0.657254 0.932541 -1
0.105066 0.477601 -1
0.976685 0.887673 -1
0.022589 0.220167 -1
0.921627 0.360966 -1
0.625272 0.776178 -1
0.608700 0.621507 -1
0.531580 0.648970 -1
0.248349 0.607535 -1
0.649584 0.170365 -1
0.684069 0.067733 -1
0.438476 0.668484 -1
0.562968 0.178697 -1
0.694762 0.077192 -1
0.625051 0.874773 -1
0.773794 0.816834 -1
0.746318 0.082638 -1
0.960354 0.333407 -1
0.400785 0.932603 -1
0.655870 0.050467 -1
0.923091 0.887420 -1
0.886671 0.969803 -1
0.865953 0.974666 -1
0.804681 0.736588 -1
0.083067 0.860789 -1
0.506360 0.092806 -1
0.827078 0.842761 -1
0.424504 0.711380 -1
0.070630 0.851206 -1
0.258370 0.864557 -1
0.214714 0.514172 -1
0.559887 0.373315 -1
0.985678 0.209243 -1
0.484546 0.989588 -1
0.824510 0.054211 -1
0.800186 0.867378 -1
0.200886 0.214753 -1
0.005153 0.560855 -1
0.500620 0.117392 -1
0.747669 0.427055 -1
0.717846 0.028785 -1
0.107043 0.124688 1
0.364642 0.547908 -1
