-0.935768 0.000456 1
-0.010250 0.864361 1
-0.510109 0.816791 1
-0.140100 0.718970 1
-0.421623 0.428205 1
-0.116843 0.645372 1
-0.269533 0.237977 1
-0.173514 0.262885 1
-0.164309 0.966204 1
-0.013057 0.354255 1
-0.416070 0.606313 1
-0.637070 0.504239 1
-0.637530 0.138438 1
-0.471626 0.937972 1
-0.354469 0.709485 1
-0.572386 0.944722 1
-0.734745 0.873349 1
-0.937430 0.634068 1
-0.159583 0.508027 1
-0.241703 0.068404 1
-0.085759 0.347240 1
-0.550350 0.830168 1
-0.530492 0.288175 1
-0.779032 0.200360 1
-0.397767 0.821773 1
-0.418620 0.823778 1
-0.782960 0.561204 1
-0.714145 0.708460 1
-0.895686 0.570941 1
-0.207308 0.280081 1
-0.434483 0.633922 1
-0.127823 0.702371 1
-0.669060 0.209433 1
-0.913624 0.113093 1
-0.997937 0.187354 1
-0.637108 0.320261 1
-0.119374 0.866088 1
-0.459124 0.564103 1
-0.069491 0.050774 1
-0.757933 0.877507 1
-0.877395 0.283817 1
-0.377782 0.000112 1
-0.127238 0.975877 1
-0.098256 0.127149 1
-0.721563 0.537574 1
-0.751569 0.448151 1
-0.902111 0.672681 1
-0.584184 0.414854 1
-0.935728 0.780962 1
-0.532592 0.463617 1
-0.089691 0.788866 1
-0.806981 0.253881 1
-0.864586 0.164827 1
-0.558456 0.518022 1
-0.209935 0.190955 1
-0.405532 0.798966 1
-0.635613 0.332186 1
-0.993417 0.344857 1
-0.900624 0.382137 1
-0.191711 0.237729 1
-0.377197 0.709438 1
-0.391236 0.175087 1
-0.996373 0.457457 1
-0.228731 0.978440 1
-0.667654 0.577050 1
-0.338135 0.925177 1
-0.604112 0.434722 1
-0.201348 0.271321 1
-0.551258 0.256686 1
-0.092905 0.534225 1
-0.557224 0.383211 1
-0.566549 0.969158 1
-0.095121 0.106364 1
-0.389802 0.328036 1
-0.945882 0.074312 1
-0.956416 0.919094 1
-0.067629 0.402755 1
-0.304515 0.796272 1
-0.233501 0.531954 1
-0.404090 0.396815 1
-0.947456 0.941806 1
-0.727568 0.680408 1
-0.762999 0.068518 1
-0.888982 0.420844 1
-0.493910 0.781990 1
-0.574968 0.612112 1
-0.543259 0.001480 1
-0.063256 0.266631 1
-0.881037 0.155911 1
-0.990256 0.204939 1
-0.110151 0.265193 1
-0.505093 0.917623 1
-0.861600 0.698077 1
-0.777682 0.022679 1
-0.476895 0.006145 1
-0.857059 0.322708 1
-0.292727 0.830044 1
-0.260699 0.586985 1
-0.712261 0.343322 1
-0.006564 0.012922 1
-0.463150 0.096500 1
-0.996008 0.625208 1
-0.389562 0.600140 1
-0.247924 0.530941 1
-0.869132 0.018121 1
-0.796288 0.684025 1
-0.960389 0.773632 1
-0.379682 0.702110 1
-0.485894 0.346973 1
-0.571702 0.381720 1
-0.789508 0.794139 1
-0.284460 0.338294 1
-0.213034 0.707564 1
-0.733587 0.227953 1
-0.633910 0.263550 1
-0.064893 0.961402 1
-0.616019 0.697992 1
-0.322979 0.261263 1
-0.150825 0.032442 1
-0.621667 0.756028 1
-0.262051 0.432007 1
-0.474293 0.400906 1
-0.476640 0.659980 1
-0.250963 0.924834 1
-0.610409 0.580364 1
-0.337479 0.420394 1
-0.105923 0.595963 1
-0.141768 0.182095 1
-0.130630 0.027536 1
-0.544560 0.373879 1
-0.325535 0.998206 1
-0.228091 0.991932 1
-0.501762 0.937892 1
-0.172018 0.206773 1
-0.383756 0.021207 1
-0.491372 0.790260 1
-0.232120 0.818549 1
-0.955959 0.754384 1
-0.192555 0.129547 1
-0.119019 0.603239 1
-0.488294 0.638599 1
-0.004417 0.665227 1
-0.526913 0.123363 1
-0.224487 0.851687 1
-0.075805 0.083837 1
-0.666969 0.611915 1
-0.176246 0.991517 1
-0.154515 0.891994 1
-0.540353 0.950798 1
-0.145599 0.449930 1
-0.204476 0.887281 1
-0.984735 0.453162 1
-0.497850 0.375469 1
-0.289858 0.316532 1
-0.115229 0.785304 1
-0.408658 0.521277 1
-0.747364 0.529666 1
-0.506344 0.515876 1
-0.615849 0.959877 1
-0.330371 0.636284 1
-0.831364 0.120226 1
-0.616184 0.272259 1
-0.250067 0.155631 1
-0.403828 0.215757 1
-0.387089 0.215323 1
-0.766726 0.638428 1
-0.853235 0.672817 1
-0.276555 0.578430 1
-0.566968 0.693303 1
-0.051880 0.080738 1
-0.465137 0.219955 1
-0.775056 0.412085 1
-0.492979 0.703115 1
-0.262252 0.177298 1
-0.513498 0.634107 1
-0.459276 0.712014 1
-0.876068 0.388163 1
-0.844931 0.767965 1
-0.979926 0.785172 1
-0.431478 0.975169 1
-0.313818 0.789727 1
-0.298176 0.550978 1
-0.188980 0.864808 1
-0.265357 0.178176 1
-0.504134 0.601205 1
-0.912887 0.322636 1
-0.763185 0.720277 1
-0.595141 0.273824 1
-0.473179 0.315070 1
-0.480838 0.195907 1
-0.955857 0.481803 1
-0.028312 0.115523 1
-0.965971 0.911098 1
-0.137111 0.246561 1
-0.245013 0.682664 1
-0.208612 0.918916 1
-0.556493 0.853777 1
-0.184199 0.018536 1
-0.632772 0.965662 1
-0.273707 0.178975 1
-0.978383 0.947771 1
-0.832571 0.056327 1
-0.589215 0.774225 1
-0.921737 0.550125 1
-0.182655 0.534294 1
-0.994819 0.617895 1
-0.020472 0.370222 1
-0.463202 0.485941 1
-0.368865 0.394173 1
-0.134816 0.632245 1
-0.915270 0.327544 1
-0.714707 0.469631 1
-0.317257 0.750842 1
-0.388967 0.840005 1
-0.658932 0.660583 1
-0.689777 0.621713 1
-0.111889 0.018643 1
-0.284205 0.591983 1
-0.762406 0.228319 1
-0.097112 0.224225 1
-0.831276 0.585075 1
-0.066168 0.549485 1
-0.763828 0.780053 1
-0.370624 0.808077 1
-0.593076 0.472538 1
-0.363575 0.239842 1
-0.754140 0.857720 1
-0.834762 0.096355 1
-0.960673 0.104856 1
-0.086418 0.200379 1
-0.613985 0.585164 1
-0.400670 0.834551 1
-0.238721 0.861171 1
-0.578328 0.547715 1
-0.113117 0.878639 1
-0.447823 0.779288 1
-0.431522 0.246189 1
-0.818460 0.417478 1
-0.780349 0.885089 1
-0.601475 0.397495 1
-0.865529 0.244767 1
-0.761621 0.630616 1
-0.389041 0.456335 1
-0.896983 0.236893 1
-0.050522 0.402951 1
-0.752771 0.524298 1
-0.738069 0.558617 1
-0.557884 0.636557 1
-0.363338 0.484490 1
-0.444152 0.639280 1
0.950148 -0.821324 1
0.586833 -0.378911 1
0.786916 -0.302891 1
0.172640 -0.707851 1
0.198586 -0.741779 1
0.202746 -0.901019 1
0.185599 -0.577615 1
0.556163 -0.202417 1
0.329935 -0.085257 1
0.395312 -0.564131 1
0.784187 -0.578788 1
0.588794 -0.262779 1
0.778191 -0.658358 1
0.225771 -0.240216 1
0.772505 -0.559595 1
0.077221 -0.803966 1
0.283105 -0.389133 1
0.573799 -0.492067 1
0.585102 -0.333257 1
0.679936 -0.455433 1
0.612936 -0.977281 1
0.203958 -0.313438 1
0.729716 -0.133284 1
0.281007 -0.625338 1
0.789624 -0.589017 1
0.662800 -0.445103 1
0.260530 -0.234992 1
0.767584 -0.327451 1
0.393174 -0.303159 1
0.512803 -0.403335 1
0.351912 -0.874879 1
0.643634 -0.680830 1
0.782359 -0.676581 1
0.832822 -0.721800 1
0.718092 -0.175312 1
0.134557 -0.708922 1
0.624558 -0.219001 1
0.955537 -0.343858 1
0.050581 -0.704436 1
0.504956 -0.215157 1
0.122991 -0.961248 1
0.260784 -0.442979 1
0.836474 -0.456124 1
0.219089 -0.685097 1
0.214177 -0.655798 1
0.013674 -0.940145 1
0.194384 -0.324398 1
0.265482 -0.103284 1
0.019223 -0.084015 1
0.310199 -0.581714 1
0.014007 -0.031104 1
0.900742 -0.891974 1
0.334952 -0.334818 1
0.505508 -0.986309 1
0.723822 -0.506913 1
0.523487 -0.185908 1
0.489336 -0.739472 1
0.150363 -0.903198 1
0.530238 -0.304020 1
0.700524 -0.408206 1
0.266160 -0.436631 1
0.465757 -0.587446 1
0.973851 -0.548395 1
0.002791 -0.439501 1
0.911107 -0.483432 1
0.820367 -0.202966 1
0.648576 -0.227599 1
0.121917 -0.069790 1
0.695155 -0.374756 1
0.248384 -0.967882 1
0.111735 -0.898176 1
0.797519 -0.993304 1
0.530530 -0.942493 1
0.345805 -0.367105 1
0.936496 -0.417363 1
0.646155 -0.521713 1
0.380467 -0.666725 1
0.248892 -0.503487 1
0.497686 -0.786444 1
0.065208 -0.664856 1
0.970808 -0.343203 1
0.190238 -0.854003 1
0.221717 -0.781420 1
0.605525 -0.035487 1
0.418646 -0.589725 1
0.848625 -0.977758 1
0.099138 -0.444305 1
0.927862 -0.104644 1
0.318377 -0.396135 1
0.293290 -0.733643 1
0.927714 -0.384280 1
0.778679 -0.306089 1
0.216406 -0.296929 1
0.281911 -0.429244 1
0.761886 -0.517474 1
0.036892 -0.415175 1
0.203404 -0.429685 1
0.830276 -0.017733 1
0.586174 -0.309082 1
0.035140 -0.545413 1
0.181259 -0.811628 1
0.066297 -0.909546 1
0.881047 -0.468377 1
0.551231 -0.942281 1
0.040492 -0.510796 1
0.850543 -0.389542 1
0.885172 -0.796453 1
0.511756 -0.882707 1
0.876371 -0.106688 1
0.656614 -0.553052 1
0.325688 -0.481912 1
0.427969 -0.514861 1
0.735816 -0.221565 1
0.544246 -0.283351 1
0.529505 -0.134166 1
0.647457 -0.126499 1
0.424923 -0.821685 1
0.284237 -0.429530 1
0.297386 -0.437715 1
0.742465 -0.596811 1
0.891228 -0.146558 1
0.792370 -0.442308 1
0.950644 -0.142250 1
0.034840 -0.618426 1
0.927915 -0.435876 1
0.176045 -0.133744 1
0.439418 -0.969007 1
0.450099 -0.228609 1
0.534569 -0.649727 1
0.816327 -0.396685 1
0.359527 -0.137828 1
0.828810 -0.546888 1
0.011966 -0.397533 1
0.148482 -0.354875 1
0.245868 -0.349036 1
0.862702 -0.065307 1
0.973858 -0.517634 1
0.230584 -0.248937 1
0.462675 -0.766817 1
0.222595 -0.023358 1
0.687606 -0.780200 1
0.292948 -0.540442 1
0.416393 -0.981057 1
0.012735 -0.817451 1
0.627721 -0.629721 1
0.839208 -0.895634 1
0.779969 -0.065449 1
0.145702 -0.575706 1
0.196278 -0.728427 1
0.684586 -0.300053 1
0.994096 -0.669485 1
0.284600 -0.789100 1
0.379393 -0.046430 1
0.318987 -0.261651 1
0.922754 -0.404876 1
0.368973 -0.602725 1
0.443571 -0.608852 1
0.655955 -0.185053 1
0.480234 -0.102870 1
0.735914 -0.917364 1
0.689778 -0.638418 1
0.992848 -0.669226 1
0.754708 -0.891788 1
0.379049 -0.130492 1
0.970596 -0.040335 1
0.721389 -0.234404 1
0.453331 -0.497832 1
0.661360 -0.222211 1
0.511757 -0.577091 1
0.178290 -0.460560 1
0.000682 -0.854065 1
0.516207 -0.755516 1
0.267258 -0.649860 1
0.001615 -0.449334 1
0.670412 -0.737930 1
0.916736 -0.067316 1
0.014335 -0.709913 1
0.780578 -0.800510 1
0.890662 -0.048079 1
0.967904 -0.420330 1
0.589250 -0.404141 1
0.255559 -0.287264 1
0.984842 -0.543971 1
0.252188 -0.690545 1
0.836948 -0.183056 1
0.517505 -0.974131 1
0.688134 -0.875437 1
0.285606 -0.571938 1
0.436508 -0.140738 1
0.807627 -0.464282 1
0.469774 -0.841092 1
0.021550 -0.982351 1
0.560302 -0.312063 1
0.176252 -0.110007 1
0.078267 -0.959453 1
0.176138 -0.447209 1
0.602469 -0.831835 1
0.950668 -0.203060 1
0.953749 -0.311451 1
0.411163 -0.381095 1
0.586155 -0.917844 1
0.209362 -0.024637 1
0.313970 -0.186236 1
0.162157 -0.558870 1
0.310501 -0.457687 1
0.282509 -0.535710 1
0.202591 -0.456145 1
0.991915 -0.652756 1
0.983215 -0.762444 1
0.077879 -0.146164 1
0.142324 -0.776282 1
0.075550 -0.245115 1
0.389173 -0.881342 1
0.616349 -0.678221 1
0.825795 -0.680323 1
0.569722 -0.344543 1
0.382331 -0.891971 1
0.164527 -0.245846 1
0.302279 -0.933647 1
0.541581 -0.623302 1
0.655538 -0.699310 1
0.399718 -0.376382 1
0.190819 -0.173545 1
0.936321 -0.109194 1
0.092926 -0.573949 1
0.314598 -0.067782 1
0.854132 -0.140970 1
0.064780 -0.917925 1
0.316710 -0.937179 1
0.499217 -0.840175 1
0.204910 -0.846004 1
0.330294 -0.940830 1
0.813027 -0.461766 1
0.011183 -0.060255 1
0.813770 -0.987972 1
0.102892 -0.977832 1
0.914976 -0.274781 1
0.039969 -0.428608 1
0.576500 -0.349776 1
0.897392 -0.081249 1
0.396757 -0.784603 1
0.275793 -0.241328 1
0.164847 -0.408475 1
0.611790 -0.462492 1
0.468765 -0.042047 1
0.078493 -0.863181 1
0.682489 -0.478480 1
0.276364 -0.210838 1
0.809283 -0.690921 1
0.646764 -0.413175 1
-0.888764 -0.526380 -1
-0.019257 -0.909292 -1
-0.189338 -0.593630 -1
-0.094664 -0.011303 -1
-0.422277 -0.845392 -1
-0.959252 -0.930193 -1
-0.401739 -0.022467 -1
-0.189175 -0.165754 -1
-0.841689 -0.549933 -1
-0.902510 -0.397127 -1
-0.692270 -0.401963 -1
-0.395075 -0.098944 -1
-0.388664 -0.237269 -1
-0.895322 -0.810619 -1
-0.698265 -0.561441 -1
-0.057699 -0.898182 -1
-0.364755 -0.822983 -1
-0.134666 -0.454360 -1
-0.729377 -0.375056 -1
-0.201101 -0.662315 -1
-0.920855 -0.879312 -1
-0.494656 -0.214112 -1
-0.600180 -0.009914 -1
-0.255841 -0.414546 -1
-0.635726 -0.112921 -1
-0.295165 -0.933280 -1
-0.450708 -0.736332 -1
-0.925917 -0.435073 -1
-0.918041 -0.703315 -1
-0.607437 -0.307903 -1
-0.537464 -0.902393 -1
-0.833796 -0.445629 -1
-0.915734 -0.377311 -1
-0.639008 -0.787014 -1
-0.306842 -0.415875 -1
-0.100179 -0.502652 -1
-0.035992 -0.164120 -1
-0.454224 -0.064385 -1
-0.847738 -0.650579 -1
-0.651053 -0.237838 -1
-0.135825 -0.067369 -1
-0.321909 -0.250284 -1
-0.578020 -0.450381 -1
-0.880057 -0.546490 -1
-0.092823 -0.379191 -1
-0.578945 -0.626266 -1
-0.562828 -0.113012 -1
-0.564453 -0.238057 -1
-0.041477 -0.608632 -1
-0.655194 -0.547342 -1
-0.291363 -0.072071 -1
-0.420700 -0.263015 -1
-0.618266 -0.586392 -1
-0.168689 -0.112456 -1
-0.220552 -0.782274 -1
-0.161077 -0.408396 -1
-0.485896 -0.766342 -1
-0.578109 -0.582073 -1
-0.995486 -0.735049 -1
-0.660510 -0.779230 -1
-0.159538 -0.258058 -1
-0.571547 -0.662675 -1
-0.123401 -0.335317 -1
-0.841378 -0.527727 -1
-0.181874 -0.494708 -1
-0.084940 -0.238721 -1
-0.235016 -0.416114 -1
-0.175045 -0.400874 -1
-0.426477 -0.186724 -1
-0.930716 -0.535839 -1
-0.104154 -0.178980 -1
-0.845182 -0.697260 -1
-0.438663 -0.781775 -1
-0.283899 -0.987313 -1
-0.692488 -0.097476 -1
-0.914992 -0.975871 -1
-0.092586 -0.538168 -1
-0.066772 -0.521500 -1
-0.135778 -0.913846 -1
-0.643078 -0.255841 -1
-0.272125 -0.795900 -1
-0.144357 -0.332607 -1
-0.238063 -0.003678 -1
-0.741214 -0.493827 -1
-0.036542 -0.187053 -1
-0.892892 -0.358361 -1
-0.714847 -0.757670 -1
-0.909368 -0.699013 -1
-0.086073 -0.086345 -1
-0.485814 -0.247767 -1
-0.373203 -0.095681 -1
-0.642609 -0.073496 -1
-0.475670 -0.679356 -1
-0.007096 -0.035170 -1
-0.685937 -0.101688 -1
-0.282657 -0.901227 -1
-0.442710 -0.178521 -1
-0.370716 -0.459805 -1
-0.303510 -0.091015 -1
-0.411590 -0.884612 -1
-0.183974 -0.920904 -1
-0.247406 -0.735213 -1
-0.584152 -0.585740 -1
-0.760317 -0.521623 -1
-0.610060 -0.564590 -1
-0.204364 -0.212593 -1
-0.037550 -0.228881 -1
-0.773694 -0.092562 -1
-0.468863 -0.792861 -1
-0.060072 -0.114788 -1
-0.101311 -0.668330 -1
-0.420520 -0.989093 -1
-0.172836 -0.699047 -1
-0.756835 -0.624275 -1
-0.093232 -0.569066 -1
-0.904547 -0.936066 -1
-0.157606 -0.272529 -1
-0.891153 -0.414676 -1
-0.430647 -0.153358 -1
-0.106974 -0.927405 -1
-0.696562 -0.142801 -1
-0.974588 -0.480746 -1
-0.323544 -0.699189 -1
-0.877915 -0.470096 -1
-0.501688 -0.095520 -1
-0.660586 -0.391533 -1
-0.202009 -0.043845 -1
-0.672275 -0.900184 -1
-0.011319 -0.153627 -1
-0.928168 -0.740739 -1
-0.289100 -0.524019 -1
-0.270622 -0.657113 -1
-0.166875 -0.613838 -1
-0.766341 -0.820977 -1
-0.881989 -0.431929 -1
-0.205221 -0.986001 -1
-0.024775 -0.378585 -1
-0.209510 -0.932766 -1
-0.965528 -0.657218 -1
-0.921770 -0.895092 -1
-0.882392 -0.083685 -1
-0.290346 -0.572817 -1
-0.866983 -0.434767 -1
-0.591042 -0.740303 -1
-0.029327 -0.950417 -1
-0.772011 -0.033238 -1
-0.211529 -0.743780 -1
-0.843674 -0.216067 -1
-0.034875 -0.928125 -1
-0.108583 -0.059948 -1
-0.615130 -0.134136 -1
-0.626071 -0.892219 -1
-0.940426 -0.957013 -1
-0.642376 -0.374909 -1
-0.639199 -0.466916 -1
-0.645480 -0.650691 -1
-0.551114 -0.228616 -1
-0.987744 -0.910430 -1
-0.402857 -0.029712 -1
-0.207932 -0.816824 -1
-0.484119 -0.411399 -1
-0.865662 -0.359113 -1
-0.971259 -0.697826 -1
-0.465597 -0.368724 -1
-0.826843 -0.765467 -1
-0.659470 -0.023417 -1
-0.050665 -0.349260 -1
-0.060916 -0.342242 -1
-0.009510 -0.868884 -1
-0.194985 -0.187173 -1
-0.051370 -0.624599 -1
-0.969301 -0.926404 -1
-0.377297 -0.831939 -1
-0.071176 -0.994000 -1
-0.853792 -0.435002 -1
-0.898493 -0.507035 -1
-0.331097 -0.494779 -1
-0.293133 -0.959809 -1
-0.380880 -0.198392 -1
-0.561773 -0.292468 -1
-0.930755 -0.095735 -1
-0.714042 -0.542610 -1
-0.120446 -0.205053 -1
-0.805543 -0.061462 -1
-0.893170 -0.499035 -1
-0.717073 -0.561690 -1
-0.085620 -0.372434 -1
-0.983356 -0.542693 -1
-0.003977 -0.957054 -1
-0.385277 -0.316672 -1
-0.130392 -0.863719 -1
-0.461125 -0.344989 -1
-0.802961 -0.804322 -1
-0.531209 -0.210443 -1
-0.983083 -0.863343 -1
-0.845943 -0.984270 -1
-0.411875 -0.106082 -1
-0.226617 -0.828884 -1
-0.504096 -0.064866 -1
-0.873796 -0.435668 -1
-0.433306 -0.204891 -1
-0.367255 -0.102111 -1
-0.990400 -0.295836 -1
-0.799569 -0.980622 -1
-0.940360 -0.484289 -1
-0.359737 -0.324396 -1
-0.414173 -0.044757 -1
-0.569095 -0.505109 -1
-0.608018 -0.433562 -1
-0.623061 -0.072040 -1
-0.113695 -0.162320 -1
-0.012959 -0.170301 -1
-0.087010 -0.708270 -1
-0.521973 -0.941743 -1
-0.287500 -0.660231 -1
-0.128653 -0.712796 -1
-0.781681 -0.354121 -1
-0.765763 -0.315354 -1
-0.233612 -0.986371 -1
-0.221882 -0.228047 -1
-0.703753 -0.449437 -1
-0.960799 -0.851602 -1
-0.281681 -0.051842 -1
-0.206914 -0.759099 -1
-0.490424 -0.151520 -1
-0.365427 -0.909414 -1
-0.458495 -0.714787 -1
-0.325906 -0.630495 -1
-0.679149 -0.899534 -1
-0.181078 -0.523407 -1
-0.682107 -0.105204 -1
-0.134215 -0.339635 -1
-0.778380 -0.865724 -1
-0.776760 -0.984595 -1
-0.743228 -0.417181 -1
-0.574393 -0.664329 -1
-0.082545 -0.239176 -1
-0.163233 -0.031096 -1
-0.307763 -0.633701 -1
-0.799606 -0.216355 -1
-0.508251 -0.104401 -1
-0.391248 -0.314296 -1
-0.694471 -0.529950 -1
-0.838901 -0.137616 -1
-0.199979 -0.293436 -1
-0.824138 -0.902308 -1
-0.977236 -0.387642 -1
-0.169173 -0.543772 -1
-0.741131 -0.526457 -1
-0.095958 -0.844842 -1
0.600125 0.465539 -1
0.818017 0.805350 -1
0.240716 0.126723 -1
0.691016 0.545128 -1
0.624138 0.716704 -1
0.649728 0.862449 -1
0.498446 0.678485 -1
0.893768 0.039985 -1
0.525839 0.342590 -1
0.680190 0.383261 -1
0.083763 0.816180 -1
0.941939 0.128766 -1
0.515639 0.084156 -1
0.615775 0.953346 -1
0.857494 0.640141 -1
0.652338 0.715140 -1
0.582017 0.462745 -1
0.875216 0.662736 -1
0.449808 0.398638 -1
0.059477 0.593092 -1
0.353545 0.571435 -1
0.613256 0.027881 -1
0.623122 0.310574 -1
0.708009 0.062749 -1
0.988743 0.437808 -1
0.024724 0.193679 -1
0.248821 0.519223 -1
0.322770 0.338183 -1
0.824486 0.150989 -1
0.154653 0.246527 -1
0.484676 0.170804 -1
0.249554 0.478804 -1
0.354949 0.546777 -1
0.758610 0.711142 -1
0.946537 0.883175 -1
0.017731 0.595716 -1
0.471621 0.356355 -1
0.706489 0.901400 -1
0.060433 0.166912 -1
0.197413 0.231307 -1
0.541420 0.067945 -1
0.057842 0.452028 -1
0.135568 0.840249 -1
0.343726 0.945851 -1
0.244175 0.667014 -1
0.072955 0.928058 -1
0.727001 0.744593 -1
0.601092 0.011675 -1
0.935220 0.280724 -1
0.072418 0.646917 -1
0.465151 0.825200 -1
0.630881 0.291081 -1
0.778593 0.502104 -1
0.682922 0.726115 -1
0.431082 0.589498 -1
0.109731 0.145807 -1
0.486656 0.440417 -1
0.089010 0.640396 -1
0.807781 0.582228 -1
0.374956 0.112614 -1
0.287201 0.998996 -1
0.475035 0.388470 -1
0.436669 0.619257 -1
0.036799 0.773026 -1
0.759496 0.556343 -1
0.302817 0.924451 -1
0.214835 0.772723 -1
0.501905 0.501738 -1
0.792365 0.722605 -1
0.718754 0.823600 -1
0.694830 0.449173 -1
0.575488 0.852570 -1
0.865563 0.494406 -1
0.441303 0.074114 -1
0.427822 0.205943 -1
0.087232 0.462588 -1
0.918532 0.431787 -1
0.672770 0.374662 -1
0.880915 0.734624 -1
0.048620 0.370237 -1
0.541518 0.193126 -1
0.583585 0.597208 -1
0.141108 0.937950 -1
0.811433 0.657090 -1
0.308557 0.638406 -1
0.297965 0.796648 -1
0.229840 0.046803 -1
0.074122 0.256884 -1
0.452795 0.985177 -1
0.508989 0.147526 -1
0.454040 0.653172 -1
0.050393 0.539932 -1
0.525274 0.595457 -1
0.123579 0.348238 -1
0.313172 0.380389 -1
0.746705 0.955934 -1
0.624728 0.854746 -1
0.492025 0.208113 -1
0.922280 0.258543 -1
0.872496 0.523180 -1
0.949139 0.102535 -1
0.101798 0.001114 -1
0.539734 0.944848 -1
0.672241 0.946128 -1
0.218320 0.274411 -1
0.605301 0.686279 -1
0.476269 0.065942 -1
0.263430 0.822357 -1
0.661138 0.649473 -1
0.337257 0.487573 -1
0.603532 0.813808 -1
0.698276 0.584269 -1
0.140583 0.962096 -1
0.276074 0.999918 -1
0.879934 0.960666 -1
0.745839 0.994389 -1
0.259689 0.990030 -1
0.467436 0.421529 -1
0.268559 0.384422 -1
0.956668 0.835923 -1
0.309826 0.986078 -1
0.406280 0.293143 -1
0.762265 0.377768 -1
0.980149 0.755429 -1
0.913459 0.595545 -1
0.193429 0.738091 -1
0.689780 0.357090 -1
0.949992 0.225015 -1
0.982227 0.524772 -1
0.422109 0.333381 -1
0.832576 0.812907 -1
0.560241 0.650090 -1
0.761614 0.491876 -1
0.065244 0.935733 -1
0.960135 0.412990 -1
0.468845 0.733596 -1
0.769472 0.869073 -1
0.441621 0.608395 -1
0.203368 0.746630 -1
0.825664 0.674813 -1
0.118803 0.946726 -1
0.847886 0.963250 -1
0.219476 0.033108 -1
0.387609 0.624348 -1
0.032340 0.940096 -1
0.621358 0.517940 -1
0.898070 0.269967 -1
0.975654 0.288033 -1
0.373790 0.776661 -1
0.649230 0.204568 -1
0.402556 0.498212 -1
0.648150 0.558057 -1
0.157393 0.268298 -1
0.761788 0.154965 -1
0.866113 0.549779 -1
0.020525 0.297342 -1
0.440527 0.007420 -1
0.200903 0.752799 -1
0.703687 0.204608 -1
0.649065 0.907890 -1
0.842291 0.868551 -1
0.970596 0.108829 -1
0.430292 0.943097 -1
0.917787 0.675087 -1
0.791855 0.633131 -1
0.737456 0.853506 -1
0.373056 0.829871 -1
0.363800 0.417375 -1
0.605080 0.350504 -1
0.120109 0.114434 -1
0.279043 0.645417 -1
0.016308 0.057885 -1
0.223076 0.307712 -1
0.541500 0.252165 -1
0.423545 0.180937 -1
0.110204 0.132775 -1
0.757286 0.250491 -1
0.305905 0.930525 -1
0.511676 0.558776 -1
0.478923 0.016855 -1
0.375705 0.822771 -1
0.152558 0.317727 -1
0.904367 0.147520 -1
0.961478 0.474360 -1
0.892857 0.249160 -1
0.729053 0.836287 -1
0.383929 0.238801 -1
0.782247 0.715347 -1
0.475217 0.836802 -1
0.291170 0.676882 -1
0.332965 0.003073 -1
0.630215 0.867004 -1
0.214197 0.899694 -1
0.079834 0.547355 -1
0.787978 0.750260 -1
0.620777 0.503061 -1
0.929469 0.232971 -1
0.303659 0.361309 -1
0.997587 0.823454 -1
0.167291 0.357655 -1
0.410991 0.972717 -1
0.181072 0.109420 -1
0.561258 0.017913 -1
0.551684 0.709717 -1
0.975581 0.845562 -1
0.216930 0.390317 -1
0.022909 0.134328 -1
0.064952 0.325236 -1
0.269963 0.728538 -1
0.164731 0.179090 -1
0.594782 0.053005 -1
0.265285 0.889324 -1
0.088012 0.329142 -1
0.650347 0.416415 -1
0.372711 0.499939 -1
0.919620 0.958275 -1
0.609493 0.251474 -1
0.849510 0.451962 -1
0.762209 0.500687 -1
0.830729 0.600217 -1
0.658124 0.318524 -1
0.035360 0.633408 -1
0.404064 0.194056 -1
0.686264 0.137601 -1
0.789352 0.223867 -1
0.574972 0.496938 -1
0.157536 0.955032 -1
0.067522 0.647146 -1
0.823428 0.834178 -1
0.650856 0.414971 -1
0.753207 0.901647 -1
0.055851 0.518987 -1
0.588009 0.539231 -1
0.374237 0.220912 -1
0.560963 0.825609 -1
0.085778 0.087429 -1
0.275457 0.205847 -1
0.091004 0.906863 -1
0.304672 0.121483 -1
0.932444 0.887318 -1
0.051808 0.919986 -1
0.389622 0.270939 -1
0.584018 0.500087 -1
0.985982 0.051701 -1
0.832755 0.067542 -1
0.338356 0.524843 -1
0.139397 0.873798 -1
0.027038 0.807450 -1
0.534431 0.989943 -1
0.905695 0.346715 -1
