-0.965123 0.164851 -1
-0.344082 0.359155 1
-0.902202 0.806368 1
-0.442548 0.153274 1
-0.312763 0.235502 1
-0.707285 0.199882 1
-0.021557 0.601980 1
-0.518750 0.789622 -1
-0.123958 0.355253 1
-0.973928 0.534129 1
-0.765547 0.059262 -1
-0.954445 0.344715 1
-0.577339 0.355235 1
-0.105715 0.836130 1
-0.252052 0.549986 -1
-0.916068 0.210224 1
-0.011185 0.074850 1
-0.922720 0.167181 1
-0.302018 0.641992 -1
-0.092113 0.627242 1
-0.337793 0.110254 -1
-0.124868 0.511896 1
-0.034561 0.212527 -1
-0.056843 0.210977 1
-0.721890 0.711098 1
-0.623154 0.772779 1
-0.772257 0.310547 1
-0.603678 0.044582 -1
-0.124001 0.539403 -1
-0.086398 0.346469 1
-0.745338 0.296628 1
-0.682837 0.810231 1
-0.955806 0.372610 1
-0.675006 0.477260 -1
-0.129470 0.710943 1
-0.596043 0.086921 1
-0.668578 0.345038 1
-0.330136 0.524243 1
-0.990574 0.178819 1
-0.386604 0.429562 -1
-0.701187 0.550808 -1
-0.309572 0.519807 1
-0.531812 0.563739 1
-0.900618 0.065727 1
-0.401470 0.763178 1
-0.276284 0.352889 1
-0.003650 0.378336 1
-0.879048 0.480202 1
-0.924780 0.194440 -1
-0.856460 0.209304 -1
-0.555340 0.375771 -1
-0.121919 0.833888 1
-0.484544 0.594517 1
-0.413569 0.078362 1
-0.690851 0.746792 1
-0.670889 0.460816 -1
-0.035762 0.653500 1
-0.133417 0.724937 -1
-0.052583 0.658876 1
-0.681139 0.669811 1
-0.547774 0.641821 1
-0.715146 0.157638 1
-0.877248 0.713727 1
-0.160214 0.093691 -1
-0.996565 0.349807 1
-0.275669 0.347295 1
-0.432229 0.271709 1
-0.356468 0.656531 1
-0.765538 0.778657 1
-0.110528 0.217399 -1
-0.788162 0.735154 1
-0.855171 0.769308 1
-0.445407 0.955875 1
-0.443414 0.126119 -1
-0.043350 0.649652 1
-0.529534 0.892002 1
-0.551160 0.757298 1
-0.901571 0.339703 1
-0.210401 0.677847 -1
-0.503438 0.445186 -1
-0.925425 0.470643 -1
-0.314109 0.234834 1
-0.632599 0.069982 1
-0.190166 0.847154 1
-0.698497 0.414862 1
-0.960999 0.458265 1
-0.943578 0.860874 1
-0.431049 0.016111 -1
-0.761404 0.126112 1
-0.260538 0.999868 1
-0.789124 0.727656 -1
-0.224906 0.683051 1
-0.558037 0.254182 -1
-0.772961 0.806332 1
-0.291914 0.714405 -1
-0.339855 0.507374 1
-0.066839 0.079603 1
-0.108997 0.241856 1
-0.350286 0.528169 1
-0.489827 0.611334 -1
-0.208961 0.604288 1
-0.420864 0.475196 1
-0.008554 0.942998 -1
-0.382369 0.458974 1
-0.368225 0.138495 1
-0.187272 0.138539 1
-0.007057 0.523026 1
-0.936597 0.490449 1
-0.695319 0.313406 -1
-0.419178 0.970299 1
-0.661504 0.259935 1
-0.984653 0.359834 -1
-0.032000 0.221239 1
-0.184422 0.333315 1
-0.815065 0.018661 1
-0.877428 0.273767 1
-0.918119 0.291003 1
-0.185885 0.534216 1
-0.132772 0.709555 1
-0.524755 0.534413 -1
-0.684733 0.380014 -1
-0.991284 0.482390 1
-0.903121 0.273122 -1
-0.647854 0.443790 -1
-0.077397 0.702051 -1
-0.277756 0.855590 1
-0.244361 0.296339 1
-0.551214 0.767519 -1
-0.890665 0.803170 1
-0.840340 0.481508 1
-0.019186 0.649718 1
-0.885933 0.463474 -1
-0.304395 0.297850 1
-0.140033 0.108027 1
-0.841131 0.504682 -1
-0.361998 0.663972 1
-0.099278 0.807457 1
-0.200910 0.893469 -1
-0.869085 0.374458 1
-0.082981 0.101723 1
-0.403397 0.683268 1
-0.158618 0.837790 -1
-0.443097 0.541754 -1
-0.650539 0.563872 1
-0.297428 0.164480 1
-0.251011 0.417430 -1
-0.157859 0.376862 1
-0.563540 0.671177 -1
-0.488761 0.208487 -1
-0.043316 0.737819 1
-0.496912 0.637183 1
-0.920532 0.053892 1
-0.150320 0.001029 1
-0.783853 0.421129 -1
-0.477617 0.119424 -1
-0.032695 0.043118 1
-0.068864 0.660046 1
-0.638172 0.330637 -1
-0.850940 0.829370 1
-0.161649 0.753375 1
-0.222450 0.829994 1
-0.685516 0.319368 1
-0.100362 0.096088 -1
-0.278134 0.359545 -1
-0.182865 0.070630 -1
-0.578479 0.202884 1
-0.742120 0.923509 1
-0.463852 0.833453 -1
-0.329356 0.019867 1
-0.163416 0.063382 1
-0.103932 0.607884 1
-0.227425 0.988719 1
-0.252887 0.894545 1
-0.494620 0.333582 -1
-0.716385 0.970570 1
-0.265189 0.492436 1
-0.108208 0.658031 1
-0.325510 0.562942 -1
-0.216538 0.550298 1
-0.169640 0.623618 1
-0.508295 0.045455 1
-0.166525 0.066334 1
-0.733402 0.571283 1
-0.520429 0.334523 -1
-0.751912 0.559887 1
-0.976038 0.041001 -1
-0.575504 0.509232 1
-0.280039 0.415088 -1
-0.025817 0.436421 1
-0.943732 0.196539 -1
-0.317861 0.113556 1
-0.791899 0.059019 1
-0.743169 0.337074 1
-0.342617 0.178072 1
-0.224437 0.505856 1
-0.403892 0.092602 -1
-0.866420 0.109546 1
-0.868324 0.615060 -1
-0.790892 0.888702 1
-0.799703 0.117248 -1
-0.889201 0.443461 1
-0.411001 0.249495 -1
-0.237887 0.474448 -1
-0.039012 0.972776 1
-0.693857 0.458782 1
-0.548903 0.293845 1
-0.134502 0.777374 1
-0.437188 0.916587 1
-0.078605 0.362775 -1
-0.198740 0.231716 1
-0.265219 0.175032 1
-0.005019 0.790173 -1
-0.136351 0.877529 1
-0.264287 0.070947 1
-0.801625 0.837761 1
-0.378269 0.796264 1
-0.901987 0.416167 1
-0.697393 0.938023 1
-0.146728 0.315577 1
-0.798316 0.682970 -1
-0.307733 0.465827 1
-0.094023 0.445182 1
-0.492003 0.590766 1
-0.684891 0.850317 1
-0.610053 0.556710 1
-0.730932 0.145367 1
-0.751273 0.183589 1
-0.467405 0.152558 -1
-0.443519 0.092615 1
-0.853900 0.581369 -1
-0.838008 0.827607 1
-0.041305 0.712727 -1
-0.173688 0.732729 1
-0.749590 0.129959 1
-0.352628 0.640971 1
-0.181878 0.261954 1
-0.393016 0.402289 -1
-0.691511 0.749107 -1
-0.144106 0.175751 -1
-0.870708 0.007773 1
-0.080264 0.260870 1
-0.034678 0.037128 1
-0.746390 0.357385 1
-0.712039 0.889938 1
-0.861855 0.668494 1
-0.062294 0.634926 -1
-0.377192 0.525261 1
-0.884703 0.415353 1
-0.122113 0.675131 -1
-0.533268 0.017026 -1
0.083305 -0.112368 1
0.134447 -0.420202 1
0.292022 -0.489187 -1
0.016533 -0.765367 1
0.312732 -0.007348 1
0.533388 -0.613958 -1
0.631012 -0.457163 1
0.369660 -0.378588 1
0.802911 -0.138895 -1
0.013864 -0.268087 -1
0.313454 -0.803992 1
0.565083 -0.127240 1
0.361577 -0.458268 1
0.545616 -0.273241 -1
0.752189 -0.749533 1
0.152934 -0.561473 1
0.872804 -0.732757 -1
0.657273 -0.836530 -1
0.826409 -0.661304 1
0.706129 -0.482088 1
0.275543 -0.159686 1
0.434873 -0.409183 1
0.382849 -0.819564 1
0.670603 -0.759105 1
0.976167 -0.448513 1
0.339532 -0.458387 -1
0.065128 -0.305010 -1
0.944745 -0.237232 1
0.856680 -0.412526 1
0.237490 -0.527613 1
0.456256 -0.570918 -1
0.986796 -0.623550 -1
0.585139 -0.612629 1
0.404238 -0.737479 1
0.537825 -0.997792 1
0.223637 -0.117741 1
0.961588 -0.243829 -1
0.267164 -0.763961 1
0.806379 -0.319227 1
0.091301 -0.289689 -1
0.936947 -0.379611 -1
0.337308 -0.952702 1
0.128648 -0.490813 1
0.858910 -0.093194 1
0.795376 -0.771430 1
0.178480 -0.081121 1
0.387698 -0.734469 -1
0.570008 -0.992626 1
0.082237 -0.743705 -1
0.906710 -0.689799 -1
0.012135 -0.627724 1
0.347530 -0.227246 1
0.896470 -0.517985 1
0.209352 -0.706759 -1
0.707882 -0.024820 -1
0.600773 -0.408374 1
0.955627 -0.418724 1
0.653438 -0.482681 1
0.430681 -0.659075 1
0.754342 -0.647302 -1
0.478829 -0.317389 1
0.893329 -0.311579 1
0.642099 -0.134867 1
0.682630 -0.091938 1
0.745921 -0.244547 1
0.700274 -0.910967 1
0.608562 -0.491695 -1
0.132050 -0.376304 1
0.985728 -0.655135 1
0.866576 -0.705889 1
0.862983 -0.529310 -1
0.679435 -0.191883 1
0.455478 -0.240754 1
0.182703 -0.318208 1
0.360272 -0.672714 -1
0.641756 -0.900474 1
0.004081 -0.049437 1
0.655947 -0.763500 1
0.944939 -0.000174 1
0.746344 -0.129019 -1
0.718997 -0.522670 1
0.500252 -0.499305 -1
0.864319 -0.807887 1
0.914462 -0.915941 1
0.433679 -0.110629 -1
0.300831 -0.642421 1
0.962582 -0.055681 1
0.005988 -0.163071 1
0.319241 -0.632790 -1
0.421358 -0.580759 1
0.892100 -0.163706 1
0.506900 -0.188098 1
0.611837 -0.901990 1
0.755392 -0.787324 -1
0.633694 -0.213866 1
0.002827 -0.599533 1
0.903993 -0.857047 1
0.091172 -0.895305 1
0.091603 -0.187180 -1
0.487389 -0.448846 1
0.274077 -0.628289 -1
0.098458 -0.415632 1
0.007641 -0.605259 -1
0.521913 -0.954135 -1
0.586564 -0.831934 1
0.672407 -0.079462 -1
0.867025 -0.088254 1
0.028416 -0.644291 1
0.242568 -0.757110 -1
0.935283 -0.519010 1
0.004086 -0.406153 1
0.312362 -0.292319 1
0.605654 -0.663185 1
0.414823 -0.881763 1
0.927780 -0.145425 1
0.713109 -0.666919 -1
0.848186 -0.732007 1
0.493291 -0.554964 1
0.428462 -0.004675 -1
0.570437 -0.960518 1
0.665199 -0.231280 -1
0.246949 -0.138125 1
0.857397 -0.680236 -1
0.536429 -0.299675 1
0.082566 -0.934297 1
0.682941 -0.359819 -1
0.518758 -0.623049 -1
0.948504 -0.343736 -1
0.581756 -0.795458 1
0.496350 -0.834006 1
0.073521 -0.413635 -1
0.639177 -0.449443 1
0.549266 -0.748784 1
0.950228 -0.556520 -1
0.797505 -0.965385 1
0.863826 -0.363013 1
0.061180 -0.379503 -1
0.976269 -0.728994 -1
0.564918 -0.164805 1
0.976354 -0.910250 -1
0.325705 -0.010099 -1
0.683794 -0.701407 1
0.719332 -0.337395 1
0.943263 -0.602417 1
0.839694 -0.663657 1
0.884257 -0.546597 -1
0.542011 -0.731665 -1
0.041558 -0.685854 -1
0.476872 -0.376107 -1
0.551130 -0.723365 1
0.362075 -0.618691 -1
0.963481 -0.165996 1
0.641703 -0.627300 1
0.210347 -0.727296 1
0.586981 -0.683651 1
0.860664 -0.408846 1
0.565623 -0.174911 1
0.299573 -0.007282 1
0.615244 -0.147891 1
0.243026 -0.389983 1
0.464390 -0.665430 1
0.768312 -0.833832 -1
0.037731 -0.886445 -1
0.603388 -0.883140 -1
0.070144 -0.908103 -1
0.458690 -0.361476 1
0.910554 -0.686550 -1
0.050460 -0.747913 -1
0.674128 -0.176287 1
0.039377 -0.187982 -1
0.267019 -0.160612 -1
0.223544 -0.149751 1
0.437088 -0.312261 1
0.330407 -0.305551 1
0.617051 -0.416893 1
0.886073 -0.299455 -1
0.826770 -0.633571 1
0.073994 -0.659298 1
0.356104 -0.180413 -1
0.185468 -0.819348 1
0.381084 -0.543400 -1
0.616883 -0.050305 1
0.834328 -0.972203 -1
0.244086 -0.199609 -1
0.214460 -0.455841 1
0.531814 -0.257176 1
0.836216 -0.962174 1
0.394631 -0.720850 1
0.163600 -0.399766 1
0.756670 -0.313124 1
0.195051 -0.970643 -1
0.803722 -0.621830 1
0.829141 -0.959919 1
0.176444 -0.167847 1
0.610673 -0.383454 1
0.024787 -0.517105 1
0.614262 -0.473745 1
0.425127 -0.895570 1
0.561758 -0.162507 1
0.694654 -0.200023 1
0.866575 -0.614523 1
0.464403 -0.270102 -1
0.447060 -0.067850 1
0.186743 -0.182147 1
0.005372 -0.192008 1
0.176563 -0.444762 1
0.837906 -0.249606 -1
0.322418 -0.727177 1
0.120857 -0.042821 1
0.374656 -0.477905 1
0.896446 -0.813883 1
0.012486 -0.697140 1
0.451790 -0.362156 1
0.349250 -0.017103 1
0.280313 -0.207730 1
0.553494 -0.310237 1
0.458310 -0.731655 -1
0.315563 -0.903760 -1
0.248617 -0.486824 1
0.939017 -0.972911 1
0.662154 -0.695522 -1
0.302864 -0.853012 1
0.755827 -0.084923 1
0.339405 -0.623672 1
0.126341 -0.366725 1
0.865573 -0.029212 1
0.386474 -0.628111 -1
0.532434 -0.940935 1
0.156493 -0.652237 -1
0.563234 -0.434420 1
0.740644 -0.028597 -1
0.290256 -0.489690 1
0.692487 -0.190104 -1
0.085345 -0.839951 -1
0.511306 -0.172298 -1
0.485538 -0.692845 -1
0.605011 -0.701233 1
0.692665 -0.552664 1
0.072715 -0.869764 1
0.176848 -0.698000 1
0.522980 -0.787201 1
0.730984 -0.928618 1
0.407535 -0.129143 1
0.766364 -0.458346 1
0.889723 -0.538780 -1
0.985007 -0.797081 -1
0.039073 -0.191064 1
0.670240 -0.640197 1
0.534460 -0.950606 -1
0.862465 -0.976811 1
-0.548407 -0.995693 -1
-0.385029 -0.586578 -1
-0.623000 -0.592347 -1
-0.889118 -0.898177 -1
-0.716151 -0.641181 1
-0.748326 -0.602547 -1
-0.157456 -0.071150 1
-0.851904 -0.691640 1
-0.184968 -0.895286 1
-0.491137 -0.533278 -1
-0.728389 -0.388526 -1
-0.354247 -0.385920 -1
-0.753684 -0.471292 1
-0.652849 -0.239276 -1
-0.456842 -0.397253 -1
-0.483936 -0.701025 -1
-0.691319 -0.722155 -1
-0.407733 -0.907516 -1
-0.753898 -0.051510 1
-0.725866 -0.907483 -1
-0.071882 -0.099947 -1
-0.005455 -0.604632 1
-0.581818 -0.224976 -1
-0.971645 -0.758231 -1
-0.892243 -0.116515 -1
-0.286168 -0.104680 -1
-0.315083 -0.850098 -1
-0.110513 -0.790116 1
-0.722741 -0.205675 -1
-0.918760 -0.983372 -1
-0.212604 -0.517849 1
-0.186191 -0.074209 1
-0.286818 -0.238810 -1
-0.832241 -0.721371 -1
-0.368073 -0.849890 -1
-0.881361 -0.641692 -1
-0.376880 -0.414486 -1
-0.952758 -0.094282 1
-0.493595 -0.767679 1
-0.037815 -0.603183 -1
-0.463402 -0.634644 -1
-0.428114 -0.567225 -1
-0.589898 -0.404611 -1
-0.994084 -0.424418 -1
-0.642772 -0.112582 -1
-0.270564 -0.587269 -1
-0.880686 -0.422815 1
-0.496663 -0.348317 1
-0.995107 -0.039195 -1
-0.345130 -0.059371 -1
-0.805390 -0.074946 1
-0.804554 -0.332109 1
-0.038372 -0.133101 -1
-0.963271 -0.452852 -1
-0.352609 -0.923336 1
-0.743579 -0.826642 1
-0.263682 -0.417155 -1
-0.117492 -0.889387 -1
-0.788884 -0.682829 -1
-0.014718 -0.334004 -1
-0.865331 -0.925013 1
-0.892926 -0.782002 1
-0.467339 -0.043913 -1
-0.874031 -0.483309 -1
-0.972024 -0.793468 1
-0.963171 -0.549145 1
-0.557721 -0.133550 -1
-0.858518 -0.491632 -1
-0.376130 -0.168181 -1
-0.771996 -0.722327 1
-0.705401 -0.241817 1
-0.306412 -0.426811 -1
-0.317564 -0.774954 -1
-0.649476 -0.180086 -1
-0.887861 -0.792529 -1
-0.050657 -0.104518 -1
-0.235048 -0.677831 -1
-0.374906 -0.955937 -1
-0.896441 -0.427013 -1
-0.901953 -0.663410 -1
-0.231081 -0.455022 -1
-0.015131 -0.280801 -1
-0.298638 -0.224561 1
-0.071887 -0.258844 -1
-0.236058 -0.293324 -1
-0.903837 -0.549400 -1
-0.574985 -0.095351 -1
-0.433273 -0.690815 -1
-0.875991 -0.533848 -1
-0.665809 -0.886740 -1
-0.060524 -0.795831 -1
-0.627918 -0.443335 -1
-0.814914 -0.048852 -1
-0.386950 -0.147416 -1
-0.298365 -0.103989 1
-0.738489 -0.193165 1
-0.767320 -0.675364 -1
-0.433858 -0.339043 1
-0.903529 -0.004472 -1
-0.302603 -0.299624 1
-0.478228 -0.582865 -1
-0.454857 -0.850362 -1
-0.824352 -0.853832 -1
-0.899677 -0.689194 -1
-0.316038 -0.254172 -1
-0.908965 -0.221761 1
-0.644530 -0.965869 -1
-0.802150 -0.326276 -1
-0.259026 -0.203731 -1
-0.487953 -0.860516 -1
-0.711260 -0.217346 1
-0.188745 -0.906449 -1
-0.147934 -0.320833 -1
-0.641276 -0.345228 -1
-0.134324 -0.820593 -1
-0.826308 -0.150197 -1
-0.824452 -0.820809 -1
-0.796310 -0.643369 1
-0.548001 -0.492286 -1
-0.639120 -0.122443 1
-0.649231 -0.774512 -1
-0.752475 -0.907916 -1
-0.324106 -0.297218 1
-0.406126 -0.050171 -1
-0.097395 -0.489061 -1
-0.301212 -0.264719 1
-0.007137 -0.171674 -1
-0.798367 -0.528746 -1
-0.033180 -0.262858 -1
-0.820929 -0.161818 -1
-0.965471 -0.302335 -1
-0.361430 -0.279592 -1
-0.835354 -0.433314 -1
-0.351296 -0.831380 1
-0.219410 -0.408376 -1
-0.409694 -0.610911 -1
-0.136586 -0.187543 -1
-0.083122 -0.164942 1
-0.832228 -0.579865 -1
-0.399032 -0.338874 -1
-0.326889 -0.111708 -1
-0.880372 -0.301148 1
-0.421774 -0.538116 -1
-0.625839 -0.982651 -1
-0.576442 -0.209374 -1
-0.549192 -0.974852 -1
-0.462055 -0.897173 -1
-0.417668 -0.372245 1
-0.222820 -0.113880 -1
-0.097974 -0.892562 -1
-0.522771 -0.670185 1
-0.166350 -0.035176 -1
-0.412905 -0.531057 -1
-0.582168 -0.750679 -1
-0.349895 -0.010517 -1
-0.184802 -0.099994 -1
-0.423072 -0.454930 -1
-0.387713 -0.999564 -1
-0.837016 -0.569654 1
-0.865158 -0.894258 1
-0.150699 -0.402370 1
-0.893368 -0.677519 -1
-0.581538 -0.079445 -1
-0.668440 -0.940181 1
-0.297600 -0.127802 -1
-0.649932 -0.804789 1
-0.276399 -0.411543 1
-0.233743 -0.660805 -1
-0.610887 -0.874536 -1
-0.463904 -0.072403 1
-0.361290 -0.557458 1
-0.389876 -0.034679 -1
-0.588213 -0.167201 1
-0.393499 -0.871939 -1
-0.237668 -0.087858 -1
-0.326951 -0.424969 -1
-0.999783 -0.030901 -1
-0.870746 -0.309474 -1
-0.746091 -0.503184 1
-0.800712 -0.917118 -1
-0.698333 -0.215953 -1
-0.870138 -0.555339 -1
-0.981173 -0.291858 -1
-0.348958 -0.548967 -1
-0.375624 -0.406700 -1
-0.311641 -0.444709 -1
-0.190271 -0.356167 -1
-0.308947 -0.550936 -1
-0.276020 -0.089204 -1
-0.951876 -0.254804 -1
-0.761629 -0.742955 1
-0.234103 -0.286706 -1
-0.851259 -0.337435 -1
-0.163637 -0.687787 -1
-0.410514 -0.494328 -1
-0.467980 -0.355089 -1
-0.953092 -0.175470 -1
-0.940645 -0.281992 -1
-0.222764 -0.462490 -1
-0.010667 -0.039884 1
-0.559032 -0.404023 1
-0.520023 -0.842355 -1
-0.386764 -0.122068 -1
-0.877346 -0.653510 -1
-0.604297 -0.496521 -1
-0.441403 -0.573254 -1
-0.451995 -0.198509 1
-0.432409 -0.566337 -1
-0.210493 -0.252817 -1
-0.753264 -0.017971 -1
-0.808423 -0.370116 -1
-0.470517 -0.959832 -1
-0.456289 -0.518091 1
-0.750969 -0.668442 -1
-0.739595 -0.283970 1
-0.968618 -0.783874 -1
-0.694320 -0.112032 1
-0.479784 -0.040288 -1
-0.462064 -0.751170 -1
-0.140024 -0.766554 -1
-0.324160 -0.538700 -1
-0.490239 -0.020862 1
-0.683522 -0.341895 1
-0.958729 -0.827425 -1
-0.376559 -0.973646 1
-0.060294 -0.246309 -1
-0.022700 -0.584126 -1
-0.898700 -0.707478 -1
-0.565039 -0.490210 -1
-0.564083 -0.726969 -1
-0.701567 -0.796444 1
-0.792413 -0.892780 -1
-0.693721 -0.743803 -1
-0.793947 -0.675734 -1
-0.240571 -0.826398 1
-0.681521 -0.886265 -1
-0.443356 -0.962462 -1
-0.193680 -0.958510 -1
-0.460689 -0.300824 1
-0.373660 -0.521150 1
-0.668665 -0.258720 1
-0.577287 -0.120180 -1
-0.209947 -0.277440 1
-0.973440 -0.122654 -1
-0.684815 -0.348645 -1
-0.315820 -0.285449 -1
-0.570444 -0.619989 1
-0.653056 -0.218189 1
-0.640552 -0.514434 -1
-0.163593 -0.904509 -1
0.797950 0.690851 1
0.700704 0.126378 1
0.295034 0.343950 -1
0.870579 0.700164 -1
0.657642 0.250051 1
0.527176 0.034985 -1
0.629483 0.061094 -1
0.451735 0.933923 1
0.758778 0.749178 1
0.018752 0.969075 1
0.971479 0.137055 -1
0.819651 0.002414 -1
0.092599 0.012263 -1
0.207548 0.552156 -1
0.436430 0.896085 -1
0.590558 0.730856 -1
0.836724 0.301490 1
0.498408 0.777512 -1
0.390411 0.984466 -1
0.846996 0.164616 -1
0.303985 0.778525 -1
0.455381 0.288629 1
0.873946 0.131919 -1
0.120871 0.105367 -1
0.965555 0.522695 -1
0.942618 0.572676 -1
0.760129 0.711107 -1
0.148812 0.317988 -1
0.427399 0.585566 -1
0.523638 0.902272 -1
0.389866 0.391049 1
0.325098 0.895548 -1
0.672278 0.822314 -1
0.112764 0.292122 -1
0.045378 0.119902 1
0.816567 0.285806 -1
0.470246 0.700157 1
0.962604 0.452339 -1
0.795673 0.451967 1
0.145356 0.820961 -1
0.496779 0.302565 -1
0.316946 0.642641 -1
0.502321 0.320409 1
0.903489 0.366186 -1
0.572093 0.040213 1
0.866227 0.616104 -1
0.013133 0.580608 1
0.190658 0.085660 1
0.795529 0.019536 1
0.722214 0.400131 -1
0.460890 0.715863 -1
0.212065 0.369001 -1
0.417546 0.238964 -1
0.166586 0.741281 -1
0.633719 0.686667 -1
0.934748 0.545567 -1
0.161627 0.908050 -1
0.958231 0.486364 -1
0.415876 0.590562 -1
0.036622 0.682992 -1
0.907742 0.691894 -1
0.814761 0.714573 -1
0.665654 0.494000 1
0.401480 0.739096 1
0.168980 0.850665 1
0.010837 0.244540 -1
0.491886 0.226590 1
0.304229 0.690065 1
0.342567 0.993118 1
0.471097 0.945368 1
0.532672 0.829008 1
0.879697 0.882657 -1
0.213973 0.008350 -1
0.728038 0.358147 -1
0.337083 0.997719 -1
0.654961 0.219450 -1
0.304420 0.114978 -1
0.984834 0.657534 1
0.387960 0.110011 -1
0.263434 0.283447 1
0.080849 0.027888 -1
0.400332 0.828800 -1
0.040905 0.321499 1
0.164939 0.209037 1
0.346389 0.126070 1
0.521706 0.224074 -1
0.761222 0.798938 1
0.001738 0.421464 1
0.383188 0.195584 -1
0.645307 0.231782 -1
0.637352 0.374503 -1
0.041878 0.290253 -1
0.141624 0.189480 1
0.124131 0.439203 -1
0.031854 0.508448 -1
0.075014 0.658197 -1
0.796759 0.999472 -1
0.639357 0.437719 1
0.496690 0.667014 -1
0.521878 0.320789 -1
0.913675 0.878844 -1
0.049856 0.771077 -1
0.788236 0.409318 -1
0.736658 0.386523 -1
0.889885 0.455019 1
0.961398 0.590199 -1
0.913778 0.382480 1
0.024477 0.275205 1
0.882819 0.601193 -1
0.318940 0.931528 -1
0.355556 0.331929 -1
0.279261 0.783110 1
0.731888 0.049964 1
0.528346 0.582065 -1
0.946154 0.959754 1
0.092434 0.714041 -1
0.022792 0.912697 -1
0.021136 0.214520 1
0.367558 0.470728 -1
0.277873 0.558889 -1
0.888222 0.083473 -1
0.563996 0.265309 -1
0.205167 0.070018 1
0.985047 0.318331 -1
0.056340 0.261844 -1
0.862574 0.315034 1
0.278293 0.791031 -1
0.740092 0.084485 -1
0.968846 0.241868 -1
0.667984 0.918689 -1
0.968240 0.554762 -1
0.505342 0.837687 -1
0.285939 0.169803 -1
0.470452 0.100150 -1
0.941486 0.222591 -1
0.129941 0.469725 -1
0.933471 0.764453 1
0.196857 0.900892 -1
0.279880 0.185285 -1
0.856502 0.055367 -1
0.206763 0.847032 1
0.894669 0.955923 -1
0.609578 0.156394 -1
0.381790 0.843183 -1
0.456210 0.994497 -1
0.302205 0.510196 1
0.059426 0.158031 -1
0.037884 0.385536 -1
0.039831 0.746583 -1
0.345059 0.191090 -1
0.505224 0.382040 -1
0.368230 0.661515 -1
0.440192 0.960048 -1
0.400488 0.773637 -1
0.992999 0.822123 -1
0.969710 0.297393 -1
0.911512 0.956230 -1
0.042023 0.623198 -1
0.346750 0.687404 -1
0.766281 0.899443 -1
0.360561 0.770602 -1
0.406685 0.784318 1
0.574458 0.176983 1
0.936129 0.633577 -1
0.059322 0.596450 -1
0.103429 0.879147 1
0.238455 0.525416 -1
0.807973 0.128386 1
0.158574 0.756846 1
0.142684 0.989443 -1
0.363836 0.037771 -1
0.055774 0.168653 1
0.759381 0.412734 -1
0.313163 0.834915 -1
0.241263 0.608496 1
0.656337 0.476766 1
0.810019 0.766529 -1
0.670013 0.535812 1
0.906645 0.917066 1
0.425517 0.913054 1
0.664146 0.960213 -1
0.873219 0.958327 -1
0.719430 0.574216 -1
0.354927 0.118424 1
0.076421 0.834364 -1
0.931285 0.007996 1
0.680524 0.177834 -1
0.500242 0.164913 -1
0.299049 0.627100 1
0.168495 0.718543 -1
0.331313 0.286468 -1
0.658054 0.548473 1
0.413082 0.247673 -1
0.052000 0.567857 -1
0.059099 0.208793 1
0.912253 0.908809 1
0.807817 0.200858 -1
0.588167 0.272845 -1
0.076368 0.291553 1
0.138828 0.343339 -1
0.987083 0.932734 -1
0.679752 0.885891 -1
0.544976 0.195603 -1
0.082054 0.324546 -1
0.011753 0.003042 -1
0.264018 0.217584 -1
0.853067 0.246315 -1
0.056753 0.165627 -1
0.719564 0.221293 1
0.367472 0.162201 -1
0.544222 0.608894 -1
0.418430 0.868466 -1
0.897170 0.882421 1
0.444795 0.719154 1
0.204784 0.914745 -1
0.152972 0.504510 -1
0.512271 0.600609 -1
0.693494 0.411853 1
0.172372 0.844486 1
0.744668 0.444698 -1
0.930680 0.741407 -1
0.503702 0.341603 -1
0.159269 0.147585 -1
0.686400 0.133442 -1
0.570143 0.705835 -1
0.003614 0.243967 -1
0.016735 0.140747 -1
0.762779 0.950066 -1
0.800282 0.984164 -1
0.640467 0.554966 1
0.900863 0.249664 1
0.959886 0.781189 -1
0.294143 0.537054 -1
0.936499 0.897621 -1
0.214072 0.130683 -1
0.742231 0.377416 -1
0.305060 0.664371 -1
0.431137 0.519531 -1
0.980319 0.305576 -1
0.317882 0.931986 -1
0.735934 0.532894 1
0.358010 0.926915 -1
0.496449 0.029845 -1
0.444294 0.043655 1
0.271753 0.294456 1
0.047850 0.957289 1
0.183885 0.100666 1
0.871133 0.468149 -1
0.782533 0.857007 -1
0.840244 0.484421 -1
