-0.474135 0.307997 -1
-0.073583 0.493298 1
-0.955353 0.051725 1
-0.669581 0.150211 1
-0.942570 0.516418 1
-0.130031 0.108034 -1
-0.421843 0.208101 1
-0.375964 0.722274 -1
-0.589705 0.840371 1
-0.899287 0.197121 1
-0.129630 0.544272 -1
-0.491425 0.678377 1
-0.214070 0.445859 1
-0.503364 0.142866 -1
-0.985256 0.113198 1
-0.249157 0.186605 1
-0.608985 0.238585 -1
-0.162379 0.531840 1
-0.233282 0.572863 1
-0.695471 0.471517 1
-0.660745 0.943631 1
-0.261573 0.694782 -1
-0.159945 0.234277 1
-0.637773 0.156487 1
-0.564104 0.748510 -1
0.944309 -0.677285 -1
0.733078 -0.706846 1
0.793415 -0.839899 -1
0.149906 -0.421868 -1
0.011285 -0.732449 -1
0.129172 -0.482572 1
0.660624 -0.935168 1
0.050854 -0.943970 1
0.196895 -0.081825 1
0.746644 -0.066318 -1
0.257354 -0.528501 1
0.688318 -0.278742 1
0.422783 -0.518534 1
0.765295 -0.133824 1
0.071268 -0.638088 1
0.810289 -0.823538 -1
0.688783 -0.994676 -1
0.324973 -0.209114 1
0.962362 -0.334628 1
0.166044 -0.434281 1
0.600315 -0.937995 1
0.069645 -0.675275 1
0.047155 -0.388859 1
0.170148 -0.102695 1
0.196272 -0.896228 1
-0.282469 -0.819326 -1
-0.501965 -0.581349 1
-0.028717 -0.360254 1
-0.729639 -0.615464 1
-0.016353 -0.774531 -1
-0.950187 -0.148785 -1
-0.702773 -0.592028 1
-0.695114 -0.427093 -1
-0.801564 -0.122259 -1
-0.583355 -0.221033 -1
-0.284044 -0.203762 1
-0.873938 -0.296817 -1
-0.345410 -0.380669 1
-0.370583 -0.519098 1
-0.734144 -0.678778 1
-0.679766 -0.880319 1
-0.156972 -0.575661 -1
-0.574395 -0.592364 1
-0.183186 -0.153104 1
-0.069696 -0.355212 1
-0.390573 -0.078424 -1
-0.615032 -0.965325 1
-0.011632 -0.342890 1
-0.700066 -0.669330 1
-0.871402 -0.480514 -1
0.496437 0.688778 -1
0.673105 0.589768 -1
0.623470 0.460060 -1
0.066129 0.752675 -1
0.955592 0.190018 -1
0.439810 0.455440 -1
0.973197 0.237821 -1
0.856486 0.515683 1
0.623637 0.546366 -1
0.468211 0.626978 -1
0.129110 0.744083 1
0.534050 0.233883 1
0.070535 0.882964 1
0.798918 0.070938 -1
0.477698 0.798404 -1
0.697367 0.902762 -1
0.077674 0.628492 1
0.948615 0.325962 -1
0.186064 0.457613 1
0.436311 0.337371 -1
0.069199 0.554137 1
0.297238 0.623361 1
0.955589 0.204683 1
0.355656 0.119271 -1
0.100385 0.107350 1
