-0.103502 0.086191 -1
-0.783481 0.258528 1
-0.024700 0.029883 -1
-0.184211 0.575034 -1
-0.788866 0.293047 1
-0.673717 0.473794 1
-0.649535 0.361577 -1
-0.495217 0.536262 1
-0.564768 0.936597 -1
-0.762767 0.594043 1
-0.572389 0.687901 1
-0.997604 0.436300 1
-0.783174 0.494695 1
-0.083188 0.213426 -1
-0.099593 0.757665 1
-0.901960 0.134941 1
-0.130435 0.535069 1
-0.089260 0.332052 1
-0.710028 0.231867 1
-0.185446 0.053503 -1
-0.565246 0.369552 1
-0.162319 0.796209 1
-0.707053 0.448675 1
-0.311771 0.839571 -1
-0.173848 0.835080 1
-0.834816 0.861330 -1
-0.826828 0.499836 -1
-0.369732 0.767372 1
-0.677270 0.065880 1
-0.736961 0.705890 1
-0.126905 0.923108 -1
-0.445902 0.586351 1
-0.030639 0.613474 1
-0.924123 0.344950 -1
-0.146816 0.308921 1
-0.051828 0.416546 1
-0.951419 0.889202 1
-0.150138 0.389867 -1
-0.938091 0.396606 1
-0.358386 0.905221 -1
-0.193951 0.994905 1
-0.449163 0.642523 -1
-0.921019 0.266537 1
-0.479677 0.688027 1
-0.429973 0.338883 1
-0.095575 0.418687 -1
-0.521493 0.956554 1
-0.852726 0.335990 -1
-0.321762 0.311843 1
-0.619138 0.470731 1
-0.565413 0.570585 1
-0.469791 0.162420 1
-0.628246 0.561064 -1
-0.986087 0.209404 -1
-0.341400 0.156082 1
-0.117818 0.919294 1
-0.106005 0.124800 1
-0.795206 0.626237 -1
-0.770514 0.331652 1
-0.829168 0.950975 1
-0.421586 0.213284 1
-0.692623 0.719883 1
-0.651887 0.328058 -1
-0.451386 0.677794 1
-0.918001 0.909911 1
-0.776199 0.917512 1
-0.470592 0.250359 1
-0.002639 0.702180 1
-0.612945 0.111499 -1
-0.170924 0.999303 1
-0.874738 0.582907 1
-0.248148 0.400645 1
-0.675222 0.406958 1
-0.966134 0.849145 1
-0.255385 0.266153 1
-0.966579 0.606064 1
-0.481900 0.757887 1
-0.612074 0.331580 -1
-0.381901 0.341198 1
-0.324120 0.210397 1
-0.486710 0.084159 1
-0.015093 0.539873 -1
-0.990468 0.341231 1
-0.474772 0.821435 1
-0.666561 0.777120 1
-0.049060 0.284839 1
-0.440377 0.510686 1
-0.551256 0.344652 1
-0.055778 0.679488 -1
-0.004558 0.983610 1
-0.766703 0.150418 -1
-0.655765 0.097563 -1
-0.878606 0.652967 1
-0.955268 0.985059 -1
-0.765334 0.714195 1
-0.239728 0.223508 1
-0.629645 0.981822 1
-0.363095 0.396760 -1
-0.784212 0.790969 1
-0.132086 0.510804 1
-0.505177 0.861142 -1
-0.886752 0.874576 1
-0.707032 0.455943 1
-0.156772 0.915161 1
-0.965212 0.681290 -1
-0.583687 0.175104 1
-0.190977 0.120310 -1
-0.123985 0.818948 1
-0.624699 0.693901 1
-0.531470 0.920742 1
-0.494883 0.090867 1
-0.513748 0.476381 -1
-0.578347 0.502731 1
-0.053932 0.310302 -1
-0.281673 0.479944 -1
-0.428603 0.413499 1
-0.655494 0.755331 -1
-0.656791 0.335127 1
-0.712583 0.152606 1
-0.770128 0.294062 1
-0.978621 0.834515 1
-0.547702 0.406819 1
-0.709838 0.388507 -1
-0.585512 0.793964 1
-0.881392 0.162062 -1
-0.082554 0.901123 1
-0.672299 0.772804 -1
-0.445564 0.903121 1
-0.761937 0.766980 1
-0.170362 0.448991 1
-0.167064 0.123624 1
-0.708982 0.057078 -1
-0.920222 0.332486 1
-0.113057 0.825810 1
-0.313742 0.807671 1
-0.283194 0.840163 1
-0.089584 0.706073 1
-0.590851 0.964961 1
-0.776213 0.735572 1
-0.963279 0.590029 -1
-0.901489 0.179151 1
-0.531884 0.367299 1
-0.671032 0.138896 1
-0.821776 0.218052 -1
-0.417449 0.771432 1
-0.366598 0.832670 1
-0.692237 0.616371 1
-0.873251 0.253744 1
-0.016309 0.069063 -1
-0.752473 0.782571 -1
-0.710087 0.509473 -1
-0.855416 0.740780 -1
-0.573508 0.915206 1
-0.034476 0.205442 1
-0.506718 0.567161 -1
-0.636261 0.250006 1
-0.926270 0.662803 1
-0.309940 0.702832 1
-0.435804 0.994731 1
-0.139940 0.259118 1
-0.032107 0.921791 -1
-0.334991 0.035289 -1
-0.492319 0.198341 1
-0.304565 0.970525 1
-0.550567 0.411077 1
-0.544364 0.343069 1
-0.067460 0.825573 1
-0.596788 0.952312 1
-0.065996 0.511564 -1
-0.596820 0.027732 1
-0.083822 0.631668 1
-0.181628 0.118164 1
-0.904698 0.066278 1
-0.493972 0.479401 -1
-0.898508 0.895218 -1
-0.749734 0.760182 1
-0.928564 0.467489 1
-0.707978 0.736598 1
-0.928605 0.501528 1
-0.569986 0.593691 1
-0.343543 0.301182 1
-0.389832 0.269596 1
-0.962580 0.056205 1
-0.310101 0.961341 1
-0.968692 0.215312 1
-0.709214 0.260621 1
-0.749294 0.692913 -1
-0.329145 0.917274 1
-0.388857 0.724585 1
-0.031889 0.555164 1
-0.704321 0.185796 1
-0.042787 0.862956 1
-0.765688 0.971787 -1
-0.719329 0.240251 1
-0.953904 0.883082 -1
-0.455137 0.380470 -1
-0.175244 0.038337 1
-0.263798 0.147751 -1
-0.721081 0.998025 1
-0.582096 0.368257 1
-0.964884 0.289512 1
-0.880436 0.836594 1
-0.809683 0.545446 1
-0.880631 0.418924 1
-0.250308 0.446522 -1
-0.907529 0.397080 -1
-0.082772 0.694307 -1
-0.332587 0.851821 1
-0.796780 0.739295 1
-0.597736 0.034880 1
-0.646152 0.559161 1
-0.736322 0.577963 1
-0.994280 0.951322 1
-0.441268 0.246142 1
-0.790060 0.391037 1
-0.495386 0.150935 1
-0.283365 0.345447 1
-0.406179 0.293446 1
-0.639283 0.304228 1
-0.440455 0.680498 -1
-0.438734 0.273769 -1
-0.008618 0.535841 1
-0.351293 0.543213 1
-0.903550 0.848097 1
-0.006140 0.739515 1
-0.455666 0.658101 1
-0.543760 0.873887 1
-0.883482 0.092789 1
-0.112946 0.849782 -1
-0.656459 0.914729 1
-0.122648 0.064886 1
-0.512864 0.112131 1
-0.641673 0.498294 1
-0.928769 0.886748 1
-0.257365 0.819722 1
-0.087119 0.597426 -1
-0.807494 0.734539 1
-0.563855 0.304214 1
-0.046735 0.216351 -1
-0.259021 0.349795 1
-0.679042 0.263768 1
-0.630552 0.268156 1
-0.982621 0.894438 -1
-0.477968 0.751733 -1
-0.754329 0.450812 1
-0.122668 0.858106 1
-0.200409 0.925019 1
-0.008795 0.219018 1
-0.954421 0.069703 1
-0.321520 0.208951 1
0.567024 -0.827378 1
0.959233 -0.893497 1
0.577394 -0.865079 1
0.902288 -0.633631 -1
0.404323 -0.382216 1
0.571270 -0.841640 1
0.768331 -0.935090 1
0.407172 -0.810952 1
0.053475 -0.245434 -1
0.377457 -0.646759 1
0.648306 -0.322115 -1
0.508856 -0.302998 1
0.086439 -0.722227 1
0.237281 -0.030801 1
0.316484 -0.319137 1
0.437465 -0.470366 1
0.125737 -0.400742 1
0.955280 -0.195873 1
0.884963 -0.290281 -1
0.058537 -0.948866 1
0.349640 -0.857435 -1
0.268176 -0.030462 -1
0.742821 -0.599832 1
0.946591 -0.336487 -1
0.920912 -0.794332 1
0.060209 -0.616027 -1
0.887272 -0.775429 1
0.275131 -0.125886 1
0.586995 -0.352349 1
0.304793 -0.748013 -1
0.904789 -0.017447 1
0.073407 -0.647685 1
0.107112 -0.950976 1
0.379791 -0.716067 1
0.212535 -0.371220 -1
0.766311 -0.202593 -1
0.593030 -0.643498 1
0.639006 -0.257268 -1
0.017114 -0.381886 -1
0.269038 -0.306410 -1
0.482568 -0.055769 -1
0.264084 -0.227967 1
0.358413 -0.406881 -1
0.732017 -0.577618 1
0.332191 -0.602387 -1
0.763996 -0.557796 1
0.335916 -0.168945 1
0.376702 -0.248864 1
0.692097 -0.358647 -1
0.846132 -0.638978 1
0.950595 -0.404078 -1
0.267884 -0.978529 -1
0.714231 -0.660234 1
0.301013 -0.610321 1
0.360526 -0.931566 1
0.178181 -0.516174 1
0.693217 -0.883892 1
0.042010 -0.379244 -1
0.435807 -0.717336 1
0.374600 -0.663052 -1
0.526727 -0.463401 1
0.481392 -0.336221 1
0.211161 -0.498656 -1
0.470412 -0.125629 1
0.982353 -0.182125 1
0.330885 -0.857850 1
0.770859 -0.113322 -1
0.054874 -0.457045 1
0.868059 -0.639086 -1
0.953391 -0.625941 -1
0.620744 -0.749526 -1
0.446101 -0.110327 1
0.024017 -0.790534 -1
0.849382 -0.061049 1
0.740996 -0.160735 1
0.252862 -0.210575 -1
0.563064 -0.649999 1
0.902792 -0.608118 -1
0.793584 -0.661778 1
0.513271 -0.106197 1
0.451243 -0.056487 1
0.196208 -0.536801 1
0.403147 -0.984175 1
0.665310 -0.748463 1
0.753054 -0.279121 1
0.606460 -0.414076 1
0.767868 -0.962586 1
0.040421 -0.292030 -1
0.599397 -0.574631 -1
0.904860 -0.803588 1
0.926285 -0.859997 1
0.071365 -0.171857 1
0.924588 -0.731984 -1
0.199190 -0.031860 1
0.812762 -0.895093 1
0.227624 -0.348390 1
0.643076 -0.467983 -1
0.153343 -0.010467 1
0.720665 -0.069065 1
0.917085 -0.171563 1
0.523685 -0.409981 -1
0.442460 -0.219938 -1
0.849316 -0.521932 1
0.169192 -0.727634 1
0.283929 -0.562294 1
0.129055 -0.100639 1
0.388587 -0.255174 -1
0.158135 -0.402559 1
0.699234 -0.177932 -1
0.161852 -0.775608 -1
0.321051 -0.915219 1
0.727844 -0.194115 -1
0.230895 -0.069263 -1
0.669889 -0.887443 -1
0.171570 -0.379868 -1
0.986139 -0.269953 -1
0.202305 -0.402346 -1
0.432049 -0.847916 1
0.344636 -0.500316 1
0.956526 -0.799546 1
0.554592 -0.608919 -1
0.642886 -0.208585 -1
0.963269 -0.975424 1
0.199125 -0.796126 1
0.859130 -0.096474 -1
0.820427 -0.570084 1
0.309215 -0.264502 1
0.187625 -0.240613 1
0.971510 -0.288955 -1
0.175178 -0.810324 1
0.921236 -0.501748 -1
0.423037 -0.368906 1
0.827300 -0.276021 1
0.680866 -0.740311 1
0.182316 -0.185915 1
0.464647 -0.864931 1
0.071239 -0.628763 1
0.551099 -0.212922 -1
0.399607 -0.415592 1
0.857487 -0.109437 -1
0.805587 -0.506213 1
0.582485 -0.021236 1
0.271180 -0.861471 1
0.862317 -0.358062 1
0.680346 -0.654161 -1
0.239202 -0.662544 1
0.300444 -0.160646 1
0.474036 -0.525861 1
0.841142 -0.575116 1
0.154620 -0.318618 1
0.615028 -0.299147 -1
0.585281 -0.657180 -1
0.608210 -0.805607 -1
0.133556 -0.841721 1
0.968092 -0.983871 1
0.451330 -0.206079 1
0.544360 -0.681372 1
0.998623 -0.865140 -1
0.076673 -0.198069 1
0.347030 -0.342170 1
0.762274 -0.867417 1
0.811488 -0.948963 -1
0.728621 -0.914277 1
0.998176 -0.717228 1
0.516017 -0.604633 1
0.985086 -0.736063 1
0.738958 -0.812531 1
0.889917 -0.377877 -1
0.714707 -0.631046 1
0.351299 -0.062537 1
0.593670 -0.769397 1
0.569596 -0.585372 1
0.975992 -0.930782 1
0.425703 -0.994652 1
0.245900 -0.339437 1
0.730139 -0.757952 -1
0.644237 -0.615577 -1
0.936518 -0.854008 1
0.252464 -0.287934 1
0.273704 -0.577160 -1
0.194969 -0.493087 1
0.130468 -0.737656 1
0.217992 -0.550908 1
0.588086 -0.894289 1
0.571079 -0.856679 1
0.529975 -0.532066 -1
0.945465 -0.627519 -1
0.225938 -0.530103 -1
0.767416 -0.745419 1
0.108490 -0.449246 1
0.436066 -0.430474 1
0.424847 -0.219200 1
0.762644 -0.907542 1
0.886996 -0.942517 -1
0.354518 -0.256131 -1
0.970518 -0.916857 1
0.809267 -0.165502 1
0.212246 -0.449206 1
0.526972 -0.845552 1
0.277643 -0.703738 -1
0.212956 -0.927308 1
0.143382 -0.109073 1
0.479910 -0.714265 1
0.145289 -0.890724 1
0.003101 -0.012581 1
0.151451 -0.427821 1
0.424671 -0.925272 1
0.886857 -0.798363 1
0.570366 -0.421642 1
0.152810 -0.295636 1
0.225896 -0.291990 1
0.018405 -0.387644 -1
0.721940 -0.424055 1
0.215627 -0.954582 -1
0.062541 -0.505268 1
0.822730 -0.195002 -1
0.398936 -0.861803 1
0.085661 -0.632060 1
0.231091 -0.947836 1
0.900952 -0.036622 -1
0.003202 -0.768334 1
0.091861 -0.922258 1
0.524029 -0.455447 1
0.609083 -0.298148 1
0.748169 -0.792900 1
0.327259 -0.244747 1
0.015195 -0.523213 1
0.045037 -0.480564 1
0.781795 -0.902891 1
0.126051 -0.922679 1
0.867284 -0.438334 -1
0.750046 -0.120555 -1
0.905188 -0.297706 1
0.809356 -0.823065 -1
0.472631 -0.045459 1
0.844143 -0.505064 -1
0.350388 -0.548959 1
0.281280 -0.734840 1
0.803810 -0.960742 1
0.596231 -0.953936 -1
0.899697 -0.423247 -1
0.179930 -0.672818 -1
0.985697 -0.057790 1
0.131873 -0.331325 1
0.195385 -0.301345 1
0.428767 -0.894650 1
0.927157 -0.731699 1
0.759336 -0.756558 1
0.205794 -0.765046 -1
0.012341 -0.126716 1
-0.463832 -0.374043 1
-0.170666 -0.410462 -1
-0.604521 -0.203730 -1
-0.188493 -0.331513 -1
-0.842732 -0.204632 -1
-0.182983 -0.055888 1
-0.880589 -0.341797 -1
-0.515927 -0.697846 -1
-0.600984 -0.511282 1
-0.201725 -0.010933 -1
-0.920312 -0.111412 1
-0.828822 -0.625989 -1
-0.846379 -0.380847 -1
-0.513297 -0.822067 -1
-0.563354 -0.677752 -1
-0.532808 -0.335236 -1
-0.025645 -0.301299 -1
-0.632155 -0.314596 -1
-0.793377 -0.599282 -1
-0.773686 -0.294709 -1
-0.476261 -0.824132 -1
-0.530989 -0.723404 -1
-0.670418 -0.090530 -1
-0.695818 -0.880444 1
-0.507218 -0.066424 -1
-0.462333 -0.038964 -1
-0.292401 -0.968785 -1
-0.297000 -0.768995 1
-0.851584 -0.752122 -1
-0.236117 -0.597549 -1
-0.845731 -0.328103 -1
-0.773204 -0.813947 -1
-0.765150 -0.473687 1
-0.790582 -0.936457 -1
-0.522757 -0.365424 -1
-0.888478 -0.147473 -1
-0.776798 -0.878941 -1
-0.792173 -0.220254 -1
-0.758579 -0.258736 1
-0.586887 -0.987775 -1
-0.273266 -0.443074 1
-0.321475 -0.555034 1
-0.208572 -0.747409 1
-0.430556 -0.959913 -1
-0.931921 -0.787387 -1
-0.072654 -0.709487 -1
-0.339526 -0.401986 -1
-0.817088 -0.008547 -1
-0.756032 -0.610645 -1
-0.365120 -0.044928 -1
-0.205728 -0.550830 -1
-0.263481 -0.241000 -1
-0.342820 -0.377529 -1
-0.672353 -0.665673 -1
-0.219734 -0.898446 -1
-0.667031 -0.950462 -1
-0.897082 -0.211918 -1
-0.218572 -0.500776 -1
-0.050533 -0.870762 -1
-0.356517 -0.359624 -1
-0.772401 -0.918253 -1
-0.060003 -0.599559 1
-0.494204 -0.871947 1
-0.667635 -0.323440 -1
-0.921420 -0.022338 1
-0.080765 -0.258963 -1
-0.491829 -0.202829 -1
-0.612254 -0.749906 1
-0.705941 -0.795714 -1
-0.075011 -0.232789 1
-0.500006 -0.919106 -1
-0.216229 -0.657528 1
-0.503584 -0.952096 -1
-0.250613 -0.297132 1
-0.088381 -0.928842 1
-0.231766 -0.288343 -1
-0.724416 -0.282294 -1
-0.457981 -0.512066 -1
-0.569499 -0.620620 -1
-0.762254 -0.338635 -1
-0.527791 -0.562295 1
-0.727571 -0.116055 1
-0.827047 -0.725459 -1
-0.006291 -0.979743 -1
-0.228987 -0.874631 1
-0.711570 -0.319617 -1
-0.828874 -0.552120 1
-0.422661 -0.441704 1
-0.283148 -0.230521 -1
-0.293164 -0.186481 -1
-0.051527 -0.608894 -1
-0.668019 -0.561736 -1
-0.446306 -0.957466 -1
-0.959579 -0.755324 -1
-0.894091 -0.704619 -1
-0.609115 -0.177135 -1
-0.306817 -0.930468 -1
-0.847984 -0.135096 -1
-0.796107 -0.151779 -1
-0.167924 -0.619367 1
-0.662789 -0.993859 1
-0.243929 -0.391259 -1
-0.106203 -0.226541 1
-0.470730 -0.548326 -1
-0.662950 -0.200521 1
-0.730644 -0.452547 1
-0.675895 -0.502634 -1
-0.972744 -0.630274 -1
-0.982739 -0.752109 -1
-0.985402 -0.992297 -1
-0.629852 -0.851003 -1
-0.919565 -0.022116 1
-0.542682 -0.581425 1
-0.491790 -0.861002 1
-0.141208 -0.306419 -1
-0.334035 -0.448465 -1
-0.572100 -0.238326 -1
-0.242150 -0.916573 1
-0.727379 -0.217644 1
-0.587068 -0.035067 -1
-0.248827 -0.660404 -1
-0.126849 -0.581757 -1
-0.638525 -0.238515 -1
-0.157865 -0.082277 1
-0.205183 -0.268511 -1
-0.367255 -0.679218 -1
-0.727914 -0.485476 1
-0.778774 -0.249928 -1
-0.692059 -0.102851 -1
-0.161115 -0.433757 1
-0.375564 -0.827051 -1
-0.561841 -0.800542 -1
-0.808333 -0.404191 -1
-0.760985 -0.443623 -1
-0.776390 -0.713701 1
-0.817337 -0.799847 -1
-0.266658 -0.211691 -1
-0.460741 -0.295400 -1
-0.211807 -0.028990 -1
-0.459090 -0.414607 -1
-0.793801 -0.569077 -1
-0.840565 -0.899278 -1
-0.112013 -0.072158 -1
-0.138710 -0.657727 1
-0.381642 -0.884402 -1
-0.381182 -0.935305 -1
-0.179807 -0.454646 -1
-0.349995 -0.512562 1
-0.083822 -0.234263 -1
-0.288945 -0.114722 1
-0.466567 -0.032502 -1
-0.098595 -0.605102 1
-0.730282 -0.750009 1
-0.218597 -0.936435 -1
-0.657847 -0.448449 1
-0.962548 -0.763471 -1
-0.725315 -0.318159 -1
-0.762060 -0.923144 -1
-0.557033 -0.037732 -1
-0.793170 -0.319066 -1
-0.433495 -0.232266 -1
-0.703563 -0.443321 -1
-0.112593 -0.667522 -1
-0.084287 -0.237761 -1
-0.295910 -0.257024 1
-0.243486 -0.380563 1
-0.535858 -0.767338 -1
-0.277520 -0.739857 -1
-0.040523 -0.319641 -1
-0.515805 -0.369531 1
-0.268906 -0.114455 -1
-0.481779 -0.080935 1
-0.827339 -0.808747 1
-0.164629 -0.613198 -1
-0.933155 -0.546472 -1
-0.019998 -0.668200 -1
-0.851478 -0.986500 1
-0.002436 -0.305122 1
-0.252582 -0.417932 -1
-0.319013 -0.138405 -1
-0.024979 -0.370760 1
-0.461602 -0.340092 -1
-0.357541 -0.690435 1
-0.619522 -0.054679 -1
-0.251066 -0.847209 1
-0.669604 -0.572080 -1
-0.686997 -0.939363 -1
-0.541515 -0.400124 1
-0.388475 -0.087275 -1
-0.661376 -0.580882 1
-0.976650 -0.494363 1
-0.606600 -0.118884 -1
-0.107166 -0.523314 -1
-0.049591 -0.381239 -1
-0.919149 -0.695820 -1
-0.023543 -0.977692 -1
-0.526156 -0.246084 1
-0.672739 -0.077940 -1
-0.469213 -0.823116 1
-0.913230 -0.472168 -1
-0.300922 -0.113561 -1
-0.778828 -0.207110 -1
-0.511143 -0.707845 -1
-0.120373 -0.013700 -1
-0.620955 -0.190902 1
-0.579398 -0.002510 -1
-0.140566 -0.023809 -1
-0.187884 -0.416999 -1
-0.451790 -0.115922 -1
-0.924245 -0.607861 -1
-0.725164 -0.045405 -1
-0.766442 -0.754897 1
-0.630323 -0.220831 -1
-0.873853 -0.683607 -1
-0.399054 -0.404884 1
-0.692502 -0.789392 -1
-0.158632 -0.111737 -1
-0.019569 -0.714359 -1
-0.444313 -0.724741 1
-0.236677 -0.699097 1
-0.216056 -0.801862 1
-0.158939 -0.676146 -1
-0.225138 -0.833233 -1
-0.662533 -0.861057 1
-0.869340 -0.801114 -1
-0.204911 -0.776102 1
-0.094070 -0.373468 -1
-0.105489 -0.106592 -1
-0.758640 -0.745581 -1
-0.839380 -0.853468 -1
-0.028221 -0.543925 -1
-0.604818 -0.012063 -1
-0.900200 -0.540173 -1
-0.904478 -0.175623 -1
-0.822020 -0.003852 -1
-0.753891 -0.529357 -1
-0.820279 -0.433789 -1
-0.247611 -0.107731 -1
-0.355684 -0.934570 -1
-0.734291 -0.061790 1
-0.207355 -0.700462 1
-0.497094 -0.271426 -1
-0.449731 -0.147869 -1
-0.744173 -0.464767 -1
-0.833056 -0.978562 -1
-0.123753 -0.523641 -1
-0.302609 -0.617445 -1
-0.212186 -0.072191 -1
-0.080719 -0.722532 -1
-0.804759 -0.881410 1
0.675311 0.774843 -1
0.681010 0.516169 -1
0.533085 0.161992 -1
0.574545 0.765398 -1
0.223221 0.810189 -1
0.248839 0.660479 1
0.049368 0.038837 -1
0.631926 0.027451 -1
0.653614 0.225067 -1
0.925068 0.442505 1
0.115374 0.437736 1
0.553539 0.429096 1
0.427540 0.843468 1
0.076685 0.372910 -1
0.874051 0.764592 -1
0.021741 0.207088 1
0.239651 0.276046 -1
0.342076 0.140533 -1
0.801820 0.368092 -1
0.115875 0.993157 -1
0.360546 0.859986 1
0.878507 0.329391 1
0.048224 0.228821 1
0.979871 0.130622 -1
0.851355 0.306483 -1
0.858852 0.310497 1
0.860417 0.281041 -1
0.752484 0.859167 -1
0.173562 0.954045 1
0.036728 0.724121 -1
0.021279 0.184157 1
0.025171 0.455912 -1
0.770930 0.161570 -1
0.913566 0.194835 -1
0.090335 0.408145 -1
0.779512 0.324643 -1
0.568236 0.082189 -1
0.022526 0.644784 -1
0.547418 0.708021 -1
0.942882 0.860404 -1
0.687781 0.945494 1
0.092928 0.722892 -1
0.208674 0.044133 1
0.937293 0.603967 1
0.419733 0.693787 -1
0.511224 0.274344 -1
0.189764 0.628950 1
0.275252 0.447482 -1
0.408450 0.883060 -1
0.843882 0.746424 -1
0.296239 0.717502 1
0.765470 0.328224 -1
0.838956 0.696220 1
0.598064 0.121617 1
0.290300 0.599361 -1
0.471710 0.675275 -1
0.784538 0.119616 -1
0.584089 0.600818 -1
0.326845 0.122467 1
0.179765 0.456798 -1
0.112716 0.830520 1
0.154877 0.328365 1
0.301071 0.152332 -1
0.599646 0.394747 1
0.263875 0.126324 1
0.618620 0.892114 1
0.225270 0.992156 -1
0.214634 0.670806 1
0.626967 0.783667 -1
0.155395 0.883745 -1
0.274124 0.255264 1
0.106394 0.026027 -1
0.275169 0.716416 -1
0.548357 0.220720 -1
0.001445 0.735084 -1
0.037403 0.002601 -1
0.914408 0.775913 1
0.811240 0.084848 1
0.106159 0.497176 1
0.079478 0.904464 1
0.641132 0.126692 -1
0.749013 0.562413 -1
0.881599 0.720568 1
0.052659 0.019872 -1
0.800291 0.175766 -1
0.866837 0.535552 -1
0.950761 0.123356 -1
0.614190 0.874418 -1
0.452493 0.407639 1
0.546502 0.362213 -1
0.380374 0.336749 -1
0.869647 0.484489 -1
0.481404 0.160944 1
0.441187 0.273761 -1
0.808840 0.595506 -1
0.527975 0.195054 -1
0.149531 0.576671 1
0.896237 0.551080 -1
0.843710 0.748441 -1
0.038263 0.493069 1
0.753509 0.015424 -1
0.085145 0.779923 -1
0.474403 0.802700 -1
0.578358 0.086768 -1
0.631078 0.664512 -1
0.648053 0.507811 -1
0.884060 0.203667 -1
0.736822 0.459492 1
0.144086 0.117527 1
0.199556 0.854351 -1
0.039879 0.705364 1
0.196389 0.053177 -1
0.442390 0.157509 -1
0.321316 0.053266 -1
0.221207 0.805190 1
0.168940 0.599450 -1
0.648775 0.962616 -1
0.854908 0.260718 -1
0.378094 0.251109 -1
0.765861 0.628922 -1
0.420090 0.540565 -1
0.150014 0.506596 1
0.718977 0.612692 -1
0.831127 0.375179 -1
0.609508 0.870136 -1
0.801496 0.109290 -1
0.133885 0.626118 1
0.867197 0.912511 1
0.145977 0.120112 -1
0.406564 0.906394 -1
0.523883 0.531835 -1
0.997597 0.700563 -1
0.184777 0.719247 1
0.351311 0.875368 -1
0.409372 0.264028 -1
0.832590 0.751585 1
0.028663 0.414092 -1
0.806739 0.744028 1
0.833169 0.226985 1
0.124918 0.070865 -1
0.241067 0.836511 -1
0.465185 0.100251 1
0.972809 0.089180 -1
0.861930 0.986373 -1
0.882040 0.998437 1
0.400851 0.341521 1
0.078716 0.292177 -1
0.701362 0.860112 -1
0.951949 0.186278 -1
0.442596 0.927756 1
0.850192 0.244026 -1
0.525114 0.465484 -1
0.519312 0.779339 -1
0.368163 0.850076 1
0.321163 0.088970 -1
0.637641 0.656897 -1
0.401276 0.071395 -1
0.160992 0.937741 1
0.350738 0.420152 -1
0.747648 0.226400 -1
0.804382 0.845370 -1
0.461516 0.485350 -1
0.796340 0.366544 1
0.524056 0.511061 1
0.379370 0.272663 1
0.700937 0.948431 -1
0.355031 0.980944 -1
0.475188 0.055475 1
0.409462 0.520925 -1
0.844975 0.972019 -1
0.268572 0.781777 1
0.869193 0.193070 1
0.756930 0.266331 1
0.449265 0.046686 -1
0.709702 0.911814 1
0.726410 0.756830 1
0.925697 0.185564 -1
0.387807 0.771102 -1
0.994519 0.805425 -1
0.321737 0.140808 -1
0.963415 0.931232 -1
0.413894 0.914088 -1
0.927276 0.165588 -1
0.774465 0.882508 -1
0.139381 0.357741 1
0.703431 0.248212 -1
0.931583 0.968304 -1
0.418840 0.699784 -1
0.417051 0.708063 -1
0.299071 0.256968 -1
0.173223 0.399371 1
0.230873 0.157491 -1
0.533836 0.841223 -1
0.330435 0.492242 -1
0.398442 0.961097 -1
0.440930 0.714240 -1
0.655878 0.118598 1
0.179978 0.143016 -1
0.285039 0.499845 -1
0.790880 0.530834 -1
0.294150 0.935501 -1
0.983532 0.372776 1
0.851210 0.891400 -1
0.031214 0.435541 -1
0.495812 0.692278 -1
0.913682 0.132694 1
0.287293 0.975252 -1
0.774611 0.745698 -1
0.111935 0.816355 1
0.374765 0.905831 1
0.424263 0.714849 -1
0.458677 0.647829 -1
0.016850 0.813742 -1
0.735278 0.856858 1
0.173141 0.621803 1
0.157569 0.849092 1
0.263312 0.895442 -1
0.713684 0.246301 -1
0.036544 0.194060 -1
0.025105 0.130732 1
0.415014 0.159750 1
0.164459 0.967512 -1
0.925246 0.006179 -1
0.722127 0.393745 -1
0.706956 0.167780 -1
0.485543 0.054511 -1
0.496040 0.128169 1
0.127349 0.367004 1
0.707613 0.477776 -1
0.970533 0.359629 1
0.177964 0.988560 -1
0.236515 0.646799 -1
0.132078 0.903655 -1
0.848219 0.486805 -1
0.473524 0.433461 -1
0.021202 0.229370 -1
0.836556 0.684365 1
0.093792 0.685881 1
0.830020 0.635119 1
0.042053 0.698143 1
0.629533 0.184163 -1
0.922584 0.582087 -1
0.913045 0.314166 -1
0.686784 0.217227 1
0.829347 0.339308 -1
0.510021 0.732933 1
0.446285 0.695397 -1
0.809582 0.013545 -1
0.979576 0.463042 -1
0.749303 0.402632 -1
