-0.403954 0.850150 1
-0.960955 0.382732 1
-0.320300 0.220239 1
-0.217158 0.913996 1
-0.066648 0.001121 1
-0.580529 0.998629 1
-0.725195 0.448067 1
-0.954843 0.572716 1
-0.928737 0.747443 1
-0.847724 0.095822 1
-0.997605 0.187945 1
-0.834659 0.420575 1
-0.026925 0.122422 1
-0.547556 0.726095 1
-0.123404 0.193760 1
-0.424750 0.976881 1
-0.560117 0.148400 1
-0.058171 0.580430 1
-0.827441 0.125129 1
-0.757599 0.165421 1
-0.464091 0.560852 1
-0.669639 0.313985 1
-0.427468 0.137195 1
-0.597965 0.848644 1
-0.991209 0.208438 1
0.212346 -0.779801 1
0.283087 -0.363251 1
0.733319 -0.199235 1
0.043770 -0.777004 1
0.191358 -0.768013 1
0.542597 -0.190982 1
0.616837 -0.166544 1
0.617799 -0.087739 1
0.603896 -0.788105 1
0.025157 -0.131126 1
0.266238 -0.679099 1
0.013385 -0.822355 1
0.960478 -0.835513 1
0.515411 -0.664649 1
0.682821 -0.240673 1
0.397337 -0.763057 1
0.381651 -0.709930 1
0.661282 -0.348888 1
0.969841 -0.323325 1
0.950560 -0.606383 1
0.286892 -0.048636 1
0.439713 -0.927062 1
0.346245 -0.138202 1
0.844036 -0.781953 1
0.079691 -0.379052 1
-0.175709 -0.381190 -1
-0.182195 -0.854758 -1
-0.458956 -0.845422 -1
-0.450332 -0.677130 -1
-0.194740 -0.820256 -1
-0.226223 -0.799648 -1
-0.727419 -0.829084 -1
-0.260175 -0.933905 -1
-0.785446 -0.457864 -1
-0.312413 -0.029349 -1
-0.924583 -0.959665 -1
-0.074954 -0.535124 -1
-0.986019 -0.038345 -1
-0.019797 -0.651580 -1
-0.764564 -0.943513 -1
-0.089569 -0.342458 -1
-0.909764 -0.063758 -1
-0.334543 -0.050116 -1
-0.697377 -0.986369 -1
-0.175868 -0.258979 -1
-0.494130 -0.048477 -1
-0.923562 -0.135625 -1
-0.516686 -0.500355 -1
-0.228832 -0.877462 -1
-0.574470 -0.551761 -1
0.857565 0.471012 -1
0.439196 0.327828 -1
0.473496 0.476998 -1
0.378609 0.777225 -1
0.291974 0.867071 -1
0.479034 0.564255 -1
0.769315 0.043793 -1
0.914618 0.521766 -1
0.854926 0.592111 -1
0.239124 0.613589 -1
0.119023 0.280423 -1
0.008651 0.820390 -1
0.271185 0.160466 -1
0.044560 0.270385 -1
0.017020 0.528999 -1
0.953822 0.008327 -1
0.957618 0.687048 -1
0.192909 0.496501 -1
0.925646 0.641022 -1
0.597740 0.146009 -1
0.142934 0.775010 -1
0.048466 0.285172 -1
0.041417 0.919669 -1
0.333313 0.110450 -1
0.417225 0.767518 -1