-0.139373 0.316414 1
-0.351386 0.326023 1
-0.605907 0.662352 1
-0.527679 0.127909 1
-0.076336 0.971988 1
-0.274738 0.702338 1
-0.278658 0.458302 1
-0.628976 0.150739 1
-0.551952 0.395676 1
-0.938658 0.236314 1
-0.858384 0.124447 1
-0.928256 0.792682 1
-0.233459 0.460350 1
-0.064596 0.536395 1
-0.001417 0.444421 1
-0.584550 0.369977 1
-0.318327 0.703653 1
-0.589318 0.827461 1
-0.038632 0.533070 1
-0.714935 0.339997 1
-0.334374 0.811183 1
-0.552643 0.436037 1
-0.579175 0.662781 1
-0.807375 0.275739 1
-0.585400 0.323367 1
0.448467 -0.893205 1
0.865620 -0.363343 1
0.381685 -0.348841 1
0.449580 -0.652363 1
0.705569 -0.214756 1
0.082542 -0.990048 1
0.965962 -0.149771 1
0.772331 -0.483743 1
0.579067 -0.743855 1
0.691263 -0.034505 1
0.823077 -0.699538 1
0.060776 -0.002071 1
0.922075 -0.279776 1
0.000864 -0.138908 1
0.685790 -0.125657 1
0.047754 -0.351685 1
0.355313 -0.777357 1
0.080434 -0.148493 1
0.829790 -0.042475 1
0.044718 -0.745669 1
0.592885 -0.574225 1
0.043992 -0.388738 1
0.818213 -0.144150 1
0.561934 -0.279531 1
0.533295 -0.603831 1
-0.154955 -0.198675 -1
-0.108720 -0.212572 -1
-0.619890 -0.474392 -1
-0.316461 -0.295429 -1
-0.431243 -0.466161 -1
-0.902752 -0.800677 -1
-0.652955 -0.938415 -1
-0.059019 -0.620897 -1
-0.068140 -0.320276 -1
-0.504992 -0.326208 -1
-0.071249 -0.105430 -1
-0.002315 -0.857880 -1
-0.651534 -0.746769 -1
-0.058354 -0.009457 -1
-0.913419 -0.637856 -1
-0.404505 -0.172165 -1
-0.457470 -0.749769 -1
-0.205144 -0.394441 -1
-0.686824 -0.396375 -1
-0.955778 -0.914678 -1
-0.218461 -0.741791 -1
-0.513434 -0.426456 -1
-0.490674 -0.589904 -1
-0.752321 -0.743496 -1
-0.122034 -0.548425 -1
0.251304 0.760251 -1
0.540481 0.788545 -1
0.911927 0.150335 -1
0.500014 0.972433 -1
0.166251 0.066829 -1
0.168172 0.111745 -1
0.091232 0.654238 -1
0.250628 0.750193 -1
0.590619 0.130782 -1
0.219756 0.760847 -1
0.286002 0.417062 -1
0.626001 0.646754 -1
0.291406 0.980851 -1
0.114263 0.953150 -1
0.692456 0.328475 -1
0.240622 0.225308 -1
0.281758 0.512255 -1
0.968479 0.128063 -1
0.495417 0.252033 -1
0.061423 0.319868 -1
0.025942 0.615244 -1
0.204117 0.299558 -1
0.396491 0.000949 -1
0.313839 0.343223 -1
0.784109 0.353152 -1
