-0.000831 0.897114 -1
-0.046410 0.088696 1
-0.948323 0.573475 -1
-0.052596 0.516807 1
-0.763803 0.521535 1
-0.355553 0.903049 1
-0.035414 0.030983 1
-0.811443 0.429770 1
-0.982814 0.961052 1
-0.813789 0.034763 1
-0.132031 0.635194 -1
-0.354476 0.368459 1
-0.785738 0.937485 -1
-0.362376 0.691357 1
-0.196936 0.727109 1
-0.948292 0.737777 1
-0.155823 0.505238 1
-0.266954 0.266003 -1
-0.822709 0.549699 -1
-0.866851 0.594134 -1
-0.058258 0.800748 -1
-0.969002 0.202053 1
-0.560810 0.082149 -1
-0.109336 0.968921 -1
-0.739129 0.551333 1
0.696702 -0.371133 1
0.526854 -0.928644 1
0.266805 -0.729419 1
0.365375 -0.458348 -1
0.383200 -0.333942 1
0.531323 -0.149449 1
0.538857 -0.718740 -1
0.412786 -0.033664 -1
0.654189 -0.765672 -1
0.628025 -0.832903 1
0.559788 -0.015093 -1
0.729374 -0.410713 -1
0.367747 -0.190938 1
0.890575 -0.105400 1
0.912906 -0.062746 1
0.352204 -0.229144 -1
0.214107 -0.620801 1
0.604891 -0.073649 -1
0.557997 -0.899735 -1
0.901726 -0.359585 1
0.739330 -0.107029 1
0.424404 -0.918823 -1
0.099890 -0.537735 1
0.821936 -0.166357 1
0.150784 -0.874503 1
-0.422190 -0.189428 -1
-0.771353 -0.053338 1
-0.354077 -0.898754 -1
-0.292563 -0.995118 -1
-0.278987 -0.965528 -1
-0.089097 -0.119126 1
-0.900063 -0.828758 -1
-0.049296 -0.526155 -1
-0.209697 -0.939352 1
-0.936582 -0.240258 -1
-0.264561 -0.410456 -1
-0.989111 -0.397360 -1
-0.803383 -0.294502 -1
-0.891328 -0.906794 -1
-0.294236 -0.017075 -1
-0.037677 -0.168147 -1
-0.278066 -0.282712 -1
-0.756501 -0.960251 1
-0.058563 -0.569780 -1
-0.366564 -0.802979 1
-0.974782 -0.502100 -1
-0.057088 -0.116725 -1
-0.075854 -0.812519 -1
-0.180870 -0.880486 -1
-0.099180 -0.933842 -1
0.952487 0.340190 -1
0.197886 0.962165 -1
0.365130 0.788843 1
0.637523 0.754245 1
0.504298 0.089175 -1
0.853823 0.672922 -1
0.231390 0.790583 -1
0.822282 0.744474 -1
0.692097 0.076630 -1
0.327729 0.791198 -1
0.372381 0.999954 -1
0.545492 0.353512 -1
0.952090 0.977492 -1
0.180651 0.165074 -1
0.500072 0.203836 -1
0.197647 0.291465 -1
0.573517 0.584660 -1
0.890975 0.656842 -1
0.966414 0.688918 1
0.118112 0.159102 -1
0.434868 0.169444 1
0.641017 0.476475 -1
0.602563 0.366259 -1
0.280383 0.564814 -1
0.730152 0.840974 1
