-0.926182 0.066471 1
-0.423486 0.397350 -1
-0.623722 0.940849 1
-0.497353 0.829610 -1
-0.384395 0.287890 -1
-0.648673 0.017772 1
-0.279399 0.951118 1
-0.581224 0.982203 1
-0.281246 0.525260 1
-0.022846 0.889629 1
-0.959486 0.975777 1
-0.788106 0.405118 -1
-0.083182 0.731125 -1
-0.925578 0.226210 1
-0.903812 0.428608 1
-0.041626 0.130441 -1
-0.086422 0.015565 -1
-0.012085 0.786826 1
-0.244401 0.466047 1
-0.708452 0.061312 -1
-0.371982 0.213422 1
-0.387130 0.254636 1
-0.552760 0.110637 1
-0.886703 0.160400 1
-0.972895 0.495823 1
-0.397235 0.263589 -1
-0.194261 0.429190 1
-0.761625 0.918125 -1
-0.803017 0.251801 1
-0.348733 0.908225 1
-0.057112 0.058184 -1
-0.952636 0.618598 1
-0.274564 0.901978 -1
-0.791523 0.356333 1
-0.020998 0.641201 1
-0.213528 0.002355 1
-0.304876 0.412326 1
-0.673577 0.756585 -1
-0.288374 0.958252 1
-0.232670 0.577087 1
-0.175747 0.668476 1
-0.023679 0.928235 1
-0.006746 0.591000 1
-0.089861 0.152239 -1
-0.933547 0.985444 1
-0.849311 0.780185 1
-0.018360 0.249299 -1
-0.222050 0.573765 -1
-0.678443 0.328841 -1
-0.154874 0.797506 1
-0.791728 0.435051 1
-0.366679 0.654411 1
-0.479322 0.676169 -1
-0.571496 0.421112 1
-0.748283 0.408274 -1
-0.359045 0.644293 -1
-0.205380 0.114657 -1
-0.407939 0.181350 -1
-0.487845 0.231711 -1
-0.168455 0.807735 1
-0.785927 0.600419 1
-0.809248 0.149410 1
-0.545817 0.281850 -1
-0.812317 0.427454 1
-0.375087 0.331794 1
-0.962207 0.435783 -1
-0.900965 0.218387 1
-0.446692 0.874891 -1
-0.885042 0.924624 1
-0.961047 0.390889 1
-0.939080 0.783565 -1
-0.713617 0.643481 -1
-0.814456 0.569441 -1
-0.613662 0.457410 -1
-0.408976 0.220488 1
-0.369026 0.301273 1
-0.774383 0.918745 -1
-0.349087 0.439278 1
-0.992441 0.223914 1
-0.332212 0.721080 1
-0.314834 0.696047 1
-0.267453 0.177368 1
-0.612114 0.006769 -1
-0.185772 0.616032 1
-0.433362 0.277814 1
-0.773383 0.294474 1
-0.785676 0.461747 -1
-0.778795 0.672865 -1
-0.985832 0.676616 -1
-0.904494 0.369661 -1
-0.733883 0.097692 1
-0.664991 0.312250 1
-0.050215 0.327794 -1
-0.230075 0.126472 -1
-0.987390 0.764903 -1
-0.715516 0.189281 1
-0.584588 0.843170 -1
-0.318193 0.292172 1
-0.752739 0.853446 -1
-0.402773 0.364570 -1
-0.876469 0.930358 -1
-0.598037 0.741547 -1
-0.728412 0.837577 1
-0.122762 0.346993 -1
-0.177172 0.781032 -1
-0.398242 0.418807 1
-0.934466 0.986133 1
-0.197965 0.418623 -1
-0.983501 0.350820 -1
-0.151552 0.871643 -1
-0.361587 0.548004 -1
-0.329990 0.989718 1
-0.226753 0.876052 1
-0.339793 0.682880 1
-0.703630 0.915534 1
-0.330148 0.455665 -1
-0.879492 0.445917 1
-0.270245 0.680147 1
-0.245033 0.710796 -1
-0.764392 0.146153 -1
-0.396634 0.033204 1
-0.520783 0.065955 -1
-0.183843 0.241599 1
-0.189034 0.665346 1
-0.600655 0.499460 1
-0.908157 0.597121 1
-0.643630 0.271177 -1
-0.230329 0.074316 1
-0.292028 0.003717 1
-0.675002 0.341562 1
-0.568596 0.819758 -1
-0.842915 0.733150 -1
-0.260900 0.216386 -1
-0.943102 0.660169 -1
-0.843862 0.780854 1
-0.779192 0.942176 -1
-0.869715 0.828687 1
-0.143880 0.343578 1
-0.608971 0.973956 1
-0.999046 0.882040 -1
-0.131142 0.446388 1
-0.621134 0.727306 1
-0.155406 0.615720 1
-0.706036 0.171687 -1
-0.710329 0.489732 1
-0.429216 0.377973 -1
-0.143080 0.248276 1
-0.969495 0.435165 -1
-0.403288 0.465025 1
-0.501053 0.646557 1
-0.188447 0.413496 -1
-0.441635 0.104648 1
-0.618776 0.894149 -1
-0.820941 0.295810 1
-0.957201 0.565230 -1
-0.823389 0.701252 1
-0.539729 0.542950 -1
-0.570984 0.959226 -1
-0.983470 0.132841 1
-0.447404 0.897496 -1
-0.152276 0.577185 1
-0.212481 0.946270 1
-0.870972 0.968900 1
-0.465697 0.138689 -1
-0.817499 0.398601 -1
-0.234123 0.764956 -1
-0.840580 0.619621 1
-0.570537 0.456060 1
-0.195030 0.366440 -1
-0.663927 0.702336 1
-0.545904 0.238873 1
-0.237788 0.134554 1
-0.096196 0.645188 -1
-0.274669 0.531820 -1
-0.796030 0.039520 -1
-0.768539 0.894863 1
-0.399153 0.557113 -1
-0.644562 0.478066 1
-0.937822 0.846467 1
-0.107180 0.390982 1
-0.124685 0.600573 1
-0.660957 0.262249 1
-0.115525 0.792470 1
-0.380819 0.421447 -1
-0.018445 0.161982 1
-0.237239 0.451035 -1
-0.538032 0.646062 1
-0.471901 0.680472 1
-0.343614 0.886948 1
-0.280021 0.278782 1
-0.027909 0.453854 1
-0.141777 0.424941 1
-0.267250 0.892507 1
-0.136390 0.474430 1
-0.178635 0.979333 -1
-0.867865 0.875093 -1
-0.773897 0.520478 -1
-0.000572 0.881573 1
-0.378247 0.804011 1
-0.832443 0.352250 -1
-0.636878 0.588038 -1
-0.645277 0.737958 -1
-0.413423 0.692407 1
-0.154874 0.097806 -1
-0.142457 0.143727 -1
-0.343383 0.208031 -1
-0.463381 0.886614 1
-0.319133 0.805769 1
-0.665806 0.464242 -1
-0.740004 0.987330 -1
-0.315236 0.398341 1
-0.383700 0.978062 1
-0.293008 0.921078 -1
-0.598210 0.648269 1
-0.977972 0.245996 -1
-0.935831 0.821027 1
-0.299068 0.361421 1
-0.668213 0.924466 1
-0.742173 0.620836 -1
-0.820710 0.017761 1
-0.437168 0.050968 1
-0.777728 0.681405 1
-0.275488 0.125972 -1
-0.555656 0.605568 1
-0.124063 0.075814 1
-0.739563 0.795495 1
-0.479371 0.128292 -1
-0.404136 0.312106 1
-0.595502 0.853151 1
-0.263431 0.672842 -1
-0.587752 0.353012 1
-0.961031 0.120310 -1
-0.070990 0.907303 -1
-0.664394 0.084359 1
-0.360872 0.433310 -1
-0.015374 0.490217 1
-0.207554 0.946065 1
-0.621914 0.633306 1
-0.134070 0.140206 -1
-0.309080 0.355837 1
-0.501409 0.401473 -1
-0.968705 0.284896 1
-0.123669 0.659678 -1
-0.262206 0.524580 -1
-0.853414 0.545025 1
-0.775685 0.691991 1
-0.949341 0.382481 1
-0.556122 0.746183 -1
-0.222029 0.071791 -1
-0.869991 0.363998 1
0.212240 -0.484523 1
0.151221 -0.853705 -1
0.187618 -0.033402 -1
0.395840 -0.157802 1
0.122393 -0.580200 -1
0.580680 -0.505952 1
0.448805 -0.479985 -1
0.854963 -0.394475 1
0.873802 -0.738225 -1
0.631708 -0.993044 -1
0.301301 -0.951612 -1
0.352537 -0.779615 1
0.456448 -0.833785 1
0.664488 -0.374797 -1
0.438050 -0.348037 1
0.552693 -0.763891 1
0.060317 -0.784294 1
0.747701 -0.079542 -1
0.749102 -0.304543 1
0.170601 -0.841867 1
0.640908 -0.018291 -1
0.654836 -0.195818 -1
0.869039 -0.884861 -1
0.857806 -0.417479 1
0.902228 -0.856074 1
0.505871 -0.868170 1
0.606148 -0.049691 -1
0.175104 -0.553758 -1
0.610792 -0.190586 1
0.805652 -0.047910 -1
0.230076 -0.471799 1
0.912407 -0.563942 -1
0.445447 -0.013243 1
0.469127 -0.542642 -1
0.099133 -0.048904 -1
0.383313 -0.918172 1
0.782917 -0.851380 1
0.348112 -0.980132 -1
0.617335 -0.135948 -1
0.950807 -0.048941 -1
0.232802 -0.221048 -1
0.950965 -0.171980 1
0.327080 -0.357975 1
0.312895 -0.087616 -1
0.243694 -0.346265 -1
0.428215 -0.990425 1
0.398299 -0.799616 1
0.697286 -0.352968 -1
0.870222 -0.819487 1
0.620421 -0.891475 -1
0.871945 -0.261459 1
0.339881 -0.477780 1
0.749754 -0.546032 1
0.031239 -0.937567 1
0.968485 -0.068867 1
0.981622 -0.710156 -1
0.893753 -0.266343 -1
0.192451 -0.515570 -1
0.725122 -0.381602 -1
0.503257 -0.998814 1
0.921926 -0.888370 1
0.125354 -0.834781 -1
0.710736 -0.007267 1
0.696848 -0.094395 1
0.927562 -0.845970 1
0.223439 -0.281700 1
0.773117 -0.977652 -1
0.246360 -0.808619 -1
0.301875 -0.964791 1
0.466541 -0.864793 1
0.159554 -0.022560 1
0.723554 -0.630880 1
0.958027 -0.667693 1
0.797365 -0.662291 1
0.360124 -0.476291 1
0.166056 -0.749298 1
0.950889 -0.489342 -1
0.480577 -0.640227 -1
0.638779 -0.423256 -1
0.090681 -0.636150 1
0.700569 -0.900741 1
0.213079 -0.506271 1
0.814637 -0.014573 -1
0.567658 -0.935939 1
0.589224 -0.397223 1
0.385083 -0.457483 1
0.623084 -0.471214 1
0.288721 -0.135739 1
0.753629 -0.889509 1
0.148664 -0.274822 -1
0.046227 -0.857170 1
0.528658 -0.744090 1
0.137465 -0.523498 -1
0.351925 -0.355441 1
0.755774 -0.416474 1
0.569612 -0.951927 -1
0.260374 -0.260022 1
0.804935 -0.467195 1
0.752780 -0.938456 1
0.706227 -0.669970 1
0.532851 -0.456851 1
0.030909 -0.180094 1
0.497964 -0.772628 -1
0.497168 -0.963812 1
0.329213 -0.752612 1
0.574887 -0.952855 1
0.721976 -0.165739 1
0.507374 -0.607770 -1
0.046415 -0.742686 -1
0.967568 -0.042147 1
0.685366 -0.201957 -1
0.648993 -0.140509 1
0.101681 -0.108184 1
0.541832 -0.170647 -1
0.841083 -0.293443 1
0.964569 -0.338707 1
0.127825 -0.123118 1
0.952693 -0.214413 1
0.226272 -0.433693 1
0.750292 -0.130742 -1
0.044955 -0.518776 1
0.816160 -0.588974 -1
0.874907 -0.101206 1
0.920305 -0.053906 1
0.480904 -0.051480 -1
0.756506 -0.222760 1
0.044577 -0.518452 -1
0.064374 -0.237436 1
0.365124 -0.088385 -1
0.128012 -0.588880 1
0.619482 -0.504681 -1
0.469916 -0.243563 1
0.296701 -0.233046 -1
0.952052 -0.506496 1
0.208209 -0.326091 1
0.920260 -0.732276 1
0.283258 -0.661257 -1
0.876746 -0.325998 1
0.637504 -0.000785 1
0.866390 -0.190493 -1
0.457086 -0.113961 -1
0.540197 -0.835707 -1
0.491033 -0.390311 1
0.166928 -0.352980 1
0.769398 -0.586694 -1
0.512507 -0.979014 1
0.171033 -0.777985 -1
0.728296 -0.355723 1
0.816989 -0.331860 1
0.287254 -0.786479 1
0.208381 -0.248876 -1
0.632861 -0.091547 1
0.529276 -0.446987 1
0.790956 -0.330031 1
0.964982 -0.537223 1
0.329801 -0.870591 1
0.071670 -0.084231 -1
0.538363 -0.100164 1
0.465708 -0.919006 -1
0.143275 -0.113615 1
0.499304 -0.205844 1
0.272466 -0.434345 1
0.085089 -0.502418 -1
0.045048 -0.635892 1
0.780800 -0.562073 1
0.232791 -0.231289 -1
0.293641 -0.708369 1
0.194315 -0.214815 1
0.372229 -0.180883 1
0.842282 -0.328750 1
0.382617 -0.437365 -1
0.087787 -0.620862 -1
0.823532 -0.247236 1
0.005178 -0.466581 1
0.098089 -0.677944 1
0.576990 -0.054426 1
0.399688 -0.398574 -1
0.425352 -0.208074 1
0.047968 -0.578339 -1
0.112921 -0.712714 1
0.078300 -0.013834 -1
0.904647 -0.301636 -1
0.326483 -0.713259 1
0.676387 -0.260139 -1
0.123184 -0.008333 -1
0.676922 -0.435198 1
0.927885 -0.288894 1
0.114515 -0.421498 -1
0.180057 -0.040560 1
0.413503 -0.659666 1
0.819827 -0.271525 -1
0.326455 -0.724414 -1
0.526799 -0.930386 1
0.662373 -0.016545 -1
0.233261 -0.761828 1
0.609549 -0.676562 1
0.907219 -0.714092 -1
0.924231 -0.270876 1
0.018201 -0.074695 1
0.846831 -0.693102 1
0.246260 -0.092495 1
0.066848 -0.683539 -1
0.849727 -0.652457 1
0.343929 -0.278014 -1
0.001775 -0.562051 1
0.412117 -0.851447 1
0.276301 -0.620202 -1
0.567369 -0.395733 -1
0.789569 -0.850779 1
0.633570 -0.630904 1
0.280213 -0.055685 1
0.773981 -0.444283 1
0.533216 -0.628268 1
0.517196 -0.722659 -1
0.163288 -0.375095 -1
0.275485 -0.815613 1
0.645483 -0.291019 -1
0.231980 -0.751012 1
0.167388 -0.044307 1
0.514455 -0.024147 1
0.394724 -0.850340 1
0.865776 -0.524396 -1
0.023325 -0.339852 1
0.501360 -0.740904 1
0.812178 -0.538405 -1
0.520769 -0.526200 -1
0.380252 -0.849149 -1
0.262738 -0.088213 1
0.445362 -0.019672 1
0.738835 -0.810488 1
0.089572 -0.466851 1
0.189701 -0.951709 1
0.211393 -0.484167 1
0.452696 -0.339764 -1
0.063040 -0.456643 1
0.827487 -0.755237 1
0.200116 -0.389967 1
0.548812 -0.756392 -1
0.759308 -0.108183 1
0.062697 -0.286997 -1
0.346188 -0.728624 -1
0.746779 -0.516505 -1
0.418226 -0.765873 1
0.075640 -0.358922 1
0.204417 -0.693757 1
0.259938 -0.060224 1
0.044807 -0.872228 -1
0.241338 -0.011048 -1
0.562097 -0.976934 1
0.528271 -0.738228 -1
-0.468303 -0.711860 1
-0.531068 -0.055490 -1
-0.517462 -0.789345 -1
-0.012309 -0.336865 1
-0.764251 -0.707411 -1
-0.296045 -0.272601 -1
-0.274425 -0.581545 -1
-0.231980 -0.734365 1
-0.994627 -0.233780 -1
-0.917301 -0.894916 -1
-0.825672 -0.417099 -1
-0.311404 -0.938797 -1
-0.470069 -0.848104 -1
-0.478607 -0.821909 -1
-0.916405 -0.737858 1
-0.623926 -0.781520 -1
-0.164976 -0.677034 -1
-0.113509 -0.434067 -1
-0.719581 -0.920683 -1
-0.870489 -0.250008 -1
-0.619370 -0.151753 1
-0.842394 -0.430477 1
-0.685496 -0.557123 1
-0.608407 -0.253539 -1
-0.467806 -0.234045 -1
-0.606961 -0.238498 -1
-0.499616 -0.369724 1
-0.502562 -0.618774 1
-0.034429 -0.549449 -1
-0.489775 -0.542535 1
-0.815355 -0.180883 1
-0.215720 -0.256135 1
-0.863003 -0.613282 -1
-0.551185 -0.258693 1
-0.328678 -0.077289 1
-0.263379 -0.508422 -1
-0.669095 -0.573814 -1
-0.415725 -0.397425 -1
-0.882210 -0.927468 1
-0.098783 -0.407401 1
-0.625728 -0.671036 -1
-0.354480 -0.530468 -1
-0.252693 -0.180620 -1
-0.388771 -0.943326 -1
-0.464558 -0.883871 -1
-0.562604 -0.624132 1
-0.185070 -0.892718 -1
-0.485194 -0.780207 1
-0.057686 -0.515780 -1
-0.187182 -0.561335 -1
-0.792251 -0.759426 -1
-0.779222 -0.370539 -1
-0.054234 -0.540508 1
-0.176965 -0.298888 -1
-0.559919 -0.475605 1
-0.678711 -0.282461 1
-0.799301 -0.887936 -1
-0.437640 -0.778798 -1
-0.693004 -0.500712 -1
-0.506991 -0.929143 -1
-0.728041 -0.142797 -1
-0.663525 -0.032961 1
-0.021373 -0.276130 1
-0.777365 -0.909474 1
-0.917299 -0.841016 1
-0.661541 -0.853056 -1
-0.475477 -0.678422 -1
-0.657546 -0.636480 -1
-0.332368 -0.793219 1
-0.764845 -0.633967 -1
-0.977153 -0.433384 -1
-0.244510 -0.681815 -1
-0.283928 -0.415340 -1
-0.856007 -0.321532 -1
-0.763856 -0.257865 -1
-0.835637 -0.840523 -1
-0.097240 -0.414821 -1
-0.779809 -0.682810 1
-0.716270 -0.017747 1
-0.223287 -0.256445 -1
-0.004653 -0.879293 -1
-0.224239 -0.013065 -1
-0.574977 -0.772507 -1
-0.520669 -0.934845 -1
-0.729706 -0.113112 -1
-0.516618 -0.474737 -1
-0.027534 -0.164887 -1
-0.728938 -0.332253 1
-0.332436 -0.712511 -1
-0.851358 -0.002759 -1
-0.335983 -0.411780 -1
-0.276406 -0.838516 1
-0.275689 -0.606238 -1
-0.154265 -0.743700 -1
-0.483421 -0.539710 -1
-0.258966 -0.007816 -1
-0.766010 -0.060561 1
-0.316549 -0.710256 -1
-0.923272 -0.389519 1
-0.122482 -0.524538 1
-0.532260 -0.041607 -1
-0.525280 -0.727006 -1
-0.410496 -0.982027 -1
-0.652593 -0.853726 -1
-0.856452 -0.830036 1
-0.545158 -0.023254 -1
-0.682021 -0.424659 1
-0.664543 -0.611331 -1
-0.445737 -0.895396 1
-0.850084 -0.676575 1
-0.504733 -0.972198 1
-0.834712 -0.687109 1
-0.058911 -0.388322 -1
-0.178515 -0.301842 -1
-0.031981 -0.753687 1
-0.160120 -0.035884 1
-0.293879 -0.855055 -1
-0.591187 -0.693561 -1
-0.510821 -0.877942 -1
-0.180744 -0.672422 -1
-0.261219 -0.701017 1
-0.017049 -0.301727 1
-0.090655 -0.295150 -1
-0.939238 -0.728731 -1
-0.808278 -0.571286 -1
-0.821527 -0.591322 1
-0.224686 -0.433551 -1
-0.357404 -0.338608 -1
-0.959110 -0.843678 1
-0.038172 -0.661486 -1
-0.322046 -0.726423 -1
-0.345934 -0.129549 -1
-0.346864 -0.470543 -1
-0.513104 -0.521796 1
-0.504328 -0.287087 -1
-0.617630 -0.662188 -1
-0.138520 -0.749582 1
-0.703778 -0.081870 1
-0.331147 -0.521721 1
-0.462165 -0.941080 -1
-0.791074 -0.165118 -1
-0.971643 -0.649099 -1
-0.210345 -0.224633 1
-0.464965 -0.217425 1
-0.652370 -0.606783 -1
-0.056839 -0.240173 -1
-0.776955 -0.146732 -1
-0.889940 -0.802026 -1
-0.488270 -0.105341 1
-0.069745 -0.307076 -1
-0.753658 -0.276905 1
-0.297459 -0.280491 -1
-0.126240 -0.272994 -1
-0.827912 -0.441867 -1
-0.223850 -0.776630 -1
-0.505683 -0.193224 1
-0.865101 -0.539107 -1
-0.972910 -0.006791 1
-0.756605 -0.228550 1
-0.836753 -0.661501 1
-0.196217 -0.131788 1
-0.094055 -0.449784 -1
-0.438177 -0.166323 -1
-0.502887 -0.556891 1
-0.700210 -0.421439 -1
-0.310733 -0.877051 -1
-0.882990 -0.816866 -1
-0.184164 -0.417331 -1
-0.357918 -0.330832 -1
-0.923175 -0.322522 -1
-0.405000 -0.439694 1
-0.543308 -0.238510 -1
-0.912485 -0.035608 -1
-0.357280 -0.307917 -1
-0.734877 -0.968005 -1
-0.963089 -0.450312 1
-0.095029 -0.744589 1
-0.692762 -0.316407 1
-0.537273 -0.689580 1
-0.767900 -0.389605 1
-0.775662 -0.556556 1
-0.021717 -0.769936 1
-0.368570 -0.828397 -1
-0.208502 -0.348309 -1
-0.209326 -0.899576 -1
-0.866174 -0.539575 1
-0.548424 -0.724478 1
-0.931976 -0.408798 -1
-0.919826 -0.027355 1
-0.732175 -0.570169 1
-0.511825 -0.490389 1
-0.424127 -0.685561 1
-0.549835 -0.009190 -1
-0.839855 -0.648102 -1
-0.496201 -0.710981 -1
-0.997598 -0.796727 -1
-0.737143 -0.906652 1
-0.738984 -0.902044 1
-0.021111 -0.915519 -1
-0.236883 -0.380756 -1
-0.274162 -0.107818 -1
-0.251782 -0.730314 1
-0.774273 -0.738569 1
-0.494965 -0.811854 -1
-0.132439 -0.841980 1
-0.098110 -0.440281 1
-0.918281 -0.948198 -1
-0.755564 -0.320582 1
-0.313940 -0.029278 1
-0.445440 -0.204929 -1
-0.663113 -0.610236 -1
-0.007393 -0.611023 1
-0.949766 -0.358307 1
-0.915721 -0.165921 -1
-0.316096 -0.585028 1
-0.522319 -0.403132 -1
-0.223062 -0.574968 -1
-0.060062 -0.033802 -1
-0.601146 -0.697374 1
-0.127744 -0.022586 -1
-0.128270 -0.355562 -1
-0.640062 -0.153411 -1
-0.763882 -0.006171 1
-0.562796 -0.699282 -1
-0.156271 -0.302466 1
-0.241716 -0.927623 -1
-0.403098 -0.201558 -1
-0.512284 -0.211274 -1
-0.140406 -0.164067 -1
-0.042843 -0.096849 1
-0.212051 -0.936749 1
-0.274092 -0.132914 -1
-0.698389 -0.898004 -1
-0.148249 -0.956870 -1
-0.403845 -0.072100 1
-0.806573 -0.313684 1
-0.901978 -0.370903 1
-0.257582 -0.185750 1
-0.896290 -0.156058 -1
-0.168963 -0.670837 1
-0.113549 -0.154547 -1
-0.175442 -0.805162 1
-0.174218 -0.895412 -1
-0.792454 -0.346540 -1
-0.002271 -0.226367 1
-0.484263 -0.410060 1
-0.003272 -0.467444 1
-0.636404 -0.636567 1
-0.337058 -0.426490 1
-0.699909 -0.338488 1
0.249706 0.687541 -1
0.136572 0.796630 1
0.746165 0.269698 -1
0.669657 0.977598 -1
0.775917 0.327495 -1
0.344993 0.175358 -1
0.122579 0.431854 1
0.256778 0.076792 -1
0.067384 0.821054 -1
0.807396 0.058331 1
0.374745 0.023227 -1
0.444953 0.950068 -1
0.564310 0.382460 -1
0.241122 0.599567 1
0.178746 0.172819 -1
0.542905 0.988888 -1
0.323529 0.575439 1
0.193162 0.708356 -1
0.538141 0.971671 1
0.249367 0.972965 -1
0.516447 0.707206 -1
0.811853 0.035735 -1
0.393957 0.488154 -1
0.697727 0.321325 1
0.394802 0.273172 1
0.130782 0.729194 -1
0.492103 0.747335 1
0.298661 0.843822 -1
0.198361 0.129766 1
0.977810 0.849588 1
0.099701 0.781737 -1
0.409113 0.135826 -1
0.868348 0.991537 -1
0.581463 0.898013 -1
0.721478 0.717317 1
0.271669 0.773076 -1
0.441380 0.042574 1
0.864559 0.411271 1
0.478649 0.979606 -1
0.876091 0.371354 1
0.746746 0.462472 1
0.887125 0.182457 -1
0.642018 0.244854 1
0.937355 0.671007 -1
0.357598 0.923274 -1
0.450000 0.561190 -1
0.522226 0.836613 1
0.266408 0.010248 -1
0.596402 0.767951 1
0.134179 0.814462 -1
0.863374 0.767828 -1
0.696347 0.687745 -1
0.505705 0.379333 -1
0.162976 0.319317 1
0.027707 0.176749 -1
0.296608 0.385597 -1
0.440922 0.142894 1
0.603196 0.400467 -1
0.041451 0.950726 1
0.973120 0.878284 1
0.465093 0.402042 -1
0.721600 0.265201 -1
0.880489 0.927540 -1
0.720963 0.127631 -1
0.834892 0.626606 -1
0.362903 0.408998 1
0.239469 0.586828 1
0.186260 0.022916 -1
0.950152 0.487406 1
0.169139 0.458934 1
0.509102 0.245779 -1
0.203882 0.358408 -1
0.649846 0.529836 1
0.898380 0.374150 -1
0.639297 0.125142 -1
0.618561 0.298446 -1
0.358727 0.491931 -1
0.957980 0.396749 1
0.988653 0.940086 -1
0.570789 0.653444 -1
0.741626 0.607746 -1
0.351763 0.738184 -1
0.120106 0.179608 1
0.242652 0.072345 1
0.372887 0.012416 1
0.338572 0.265734 -1
0.084751 0.301440 -1
0.047653 0.843358 -1
0.840634 0.593065 -1
0.905787 0.031418 -1
0.347236 0.010652 1
0.421489 0.932467 -1
0.840686 0.265750 1
0.817318 0.450293 -1
0.899484 0.751029 1
0.610614 0.229607 -1
0.582213 0.453246 1
0.176858 0.400434 1
0.678498 0.872170 -1
0.705028 0.194194 -1
0.621105 0.926684 -1
0.373659 0.114896 -1
0.962146 0.001478 1
0.586783 0.030663 -1
0.660358 0.891698 1
0.806604 0.790747 -1
0.552548 0.687242 -1
0.261139 0.043079 1
0.875035 0.621499 1
0.277633 0.176942 1
0.534414 0.948086 -1
0.492159 0.141137 -1
0.627725 0.776354 -1
0.890630 0.933253 -1
0.579952 0.577579 -1
0.264850 0.540561 1
0.358843 0.550453 1
0.974439 0.040006 -1
0.164876 0.334374 1
0.567770 0.122384 -1
0.814530 0.680651 -1
0.451486 0.847909 -1
0.645854 0.800472 -1
0.901132 0.868385 -1
0.663658 0.948436 1
0.042569 0.609637 -1
0.400770 0.459995 -1
0.858994 0.379536 -1
0.039781 0.691201 -1
0.263153 0.106211 -1
0.477204 0.699869 1
0.014472 0.754173 1
0.939759 0.416910 1
0.410067 0.243385 1
0.012264 0.463587 -1
0.838788 0.435954 -1
0.082715 0.547476 1
0.820739 0.335950 1
0.766914 0.081297 -1
0.603909 0.934170 -1
0.309247 0.081396 -1
0.968960 0.895444 1
0.648698 0.693745 -1
0.713419 0.678709 1
0.707922 0.499431 1
0.474658 0.307532 -1
0.045323 0.107990 -1
0.490597 0.312961 -1
0.249362 0.217871 -1
0.859835 0.693473 -1
0.202918 0.216143 -1
0.650834 0.119149 1
0.722131 0.457871 -1
0.603036 0.111694 -1
0.141760 0.180296 -1
0.112366 0.778961 -1
0.610799 0.956868 1
0.622189 0.459717 -1
0.363105 0.315932 -1
0.488833 0.837403 -1
0.749629 0.186856 1
0.286910 0.846090 1
0.388285 0.293183 -1
0.024091 0.025823 -1
0.720703 0.299703 1
0.461393 0.043369 -1
0.813463 0.582300 1
0.769019 0.233556 -1
0.669810 0.458488 -1
0.386982 0.676011 -1
0.170684 0.747603 -1
0.768883 0.927944 1
0.728899 0.593664 -1
0.681844 0.231559 1
0.250289 0.332638 -1
0.933210 0.232550 -1
0.337664 0.936812 1
0.106001 0.701767 1
0.721511 0.353612 -1
0.490360 0.250844 -1
0.582719 0.743584 1
0.341992 0.222801 -1
0.279830 0.188443 -1
0.154281 0.197171 1
0.978756 0.292691 -1
0.766272 0.390869 -1
0.672729 0.191636 -1
0.430610 0.809658 -1
0.759149 0.213872 1
0.981730 0.738590 -1
0.036420 0.710080 -1
0.838272 0.531703 -1
0.065443 0.893343 -1
0.201137 0.019863 1
0.261210 0.505950 1
0.260702 0.793350 -1
0.337755 0.398636 -1
0.713440 0.611027 1
0.395768 0.422161 1
0.041412 0.556909 -1
0.429919 0.532201 1
0.379167 0.395549 1
0.703698 0.944194 1
0.107781 0.214127 -1
0.049982 0.804161 1
0.627001 0.470654 -1
0.054964 0.528885 -1
0.385148 0.906227 -1
0.119221 0.249218 1
0.387647 0.991946 1
0.184616 0.659667 -1
0.090521 0.894806 1
0.327145 0.873166 -1
0.368754 0.840815 1
0.193036 0.546316 -1
0.479815 0.706177 -1
0.852859 0.124155 1
0.051828 0.907867 -1
0.828903 0.189040 1
0.716440 0.736268 1
0.958745 0.599351 -1
0.988636 0.593943 1
0.247639 0.586629 1
0.784274 0.057886 1
0.034648 0.805268 1
0.667132 0.899029 -1
0.098454 0.006205 1
0.922688 0.186517 1
0.411473 0.730581 1
0.841593 0.946278 1
0.032241 0.094939 1
0.804190 0.368558 1
0.169107 0.347576 -1
0.814527 0.205213 1
0.869066 0.668089 -1
0.274236 0.286866 1
0.185349 0.561686 -1
0.081768 0.041089 -1
0.882408 0.898420 -1
0.640291 0.961584 -1
0.566818 0.642977 -1
0.556566 0.976227 -1
0.871829 0.427731 1
0.496360 0.814214 -1
0.226462 0.531200 -1
0.959668 0.410572 1
0.021582 0.398762 1
0.235812 0.816435 -1
0.258284 0.110543 -1
0.823534 0.055900 -1
