-0.726060 0.559822 1
-0.043353 0.954116 1
-0.135722 0.382624 -1
-0.173673 0.526438 1
-0.472726 0.290519 -1
-0.754877 0.766005 1
-0.012479 0.495062 -1
-0.734331 0.737662 1
-0.694358 0.298823 1
-0.445288 0.901100 -1
-0.857964 0.974621 1
-0.315632 0.565439 1
-0.557024 0.661464 1
-0.614639 0.033320 1
-0.742313 0.674961 -1
-0.143347 0.946174 1
-0.208804 0.723645 -1
-0.030800 0.813584 1
-0.672253 0.513058 -1
-0.347617 0.741158 1
-0.584242 0.116599 1
-0.599946 0.422134 1
-0.151763 0.202080 1
-0.429716 0.950739 1
-0.343695 0.836998 1
0.186984 -0.303086 -1
0.670290 -0.658005 1
0.178691 -0.409194 1
0.446908 -0.081368 -1
0.249941 -0.692196 1
0.102233 -0.069279 -1
0.860517 -0.326056 -1
0.161777 -0.208435 -1
0.621033 -0.779810 1
0.352335 -0.395909 -1
0.715271 -0.104201 1
0.129143 -0.976532 -1
0.067003 -0.491433 1
0.034622 -0.831230 -1
0.099507 -0.177037 -1
0.464411 -0.408852 1
0.498937 -0.488123 1
0.647606 -0.602763 1
0.749998 -0.383734 1
0.736155 -0.535741 1
0.459508 -0.716318 1
0.586116 -0.106932 1
0.713226 -0.250962 1
0.902061 -0.643659 1
0.760312 -0.314355 1
-0.680490 -0.903902 -1
-0.531647 -0.795344 -1
-0.856107 -0.149809 1
-0.590914 -0.799951 -1
-0.030324 -0.669087 1
-0.846790 -0.586756 -1
-0.580092 -0.724579 1
-0.583039 -0.927081 -1
-0.272327 -0.223429 -1
-0.495303 -0.412592 1
-0.462596 -0.043375 -1
-0.882358 -0.605345 1
-0.431383 -0.858939 -1
-0.924828 -0.182893 -1
-0.364553 -0.090075 1
-0.110460 -0.981035 -1
-0.503275 -0.118936 -1
-0.720969 -0.843575 -1
-0.455404 -0.372178 1
-0.698715 -0.571733 -1
-0.441590 -0.864413 -1
-0.091933 -0.067683 1
-0.454550 -0.817250 -1
-0.480921 -0.811692 -1
-0.886048 -0.981425 -1
0.194260 0.528755 -1
0.368428 0.068157 -1
0.640772 0.223393 -1
0.865869 0.974257 -1
0.153496 0.435980 1
0.661433 0.970718 -1
0.689841 0.861973 1
0.465528 0.962442 1
0.161672 0.790647 -1
0.922125 0.858628 -1
0.850780 0.862146 1
0.705697 0.558057 -1
0.775866 0.633831 -1
0.782972 0.214422 1
0.913111 0.663213 -1
0.078422 0.258966 -1
0.223153 0.092662 -1
0.846365 0.923120 -1
0.068655 0.482244 -1
0.991961 0.205380 1
0.956420 0.721491 -1
0.214014 0.804348 -1
0.122626 0.839331 -1
0.783853 0.278348 -1
0.816496 0.601987 -1
