-0.284659 0.127012 1
-0.301531 0.866304 1
-0.929708 0.637455 1
-0.883426 0.116666 1
-0.481790 0.206671 1
-0.170118 0.962051 1
-0.589869 0.991964 1
-0.311450 0.104914 1
-0.201051 0.413909 1
-0.239124 0.592535 1
-0.512627 0.624049 1
-0.129352 0.909294 1
-0.644329 0.494724 1
-0.194402 0.083684 1
-0.865439 0.659898 1
-0.949922 0.221095 1
-0.251302 0.639161 1
-0.506649 0.348985 1
-0.668499 0.666026 1
-0.836492 0.153377 1
-0.157801 0.462628 1
-0.550201 0.607495 1
-0.473737 0.154105 1
-0.943007 0.046792 1
-0.393742 0.313812 1
0.137251 -0.525080 1
0.472756 -0.855614 1
0.711573 -0.411101 1
0.316767 -0.675316 1
0.592321 -0.566782 1
0.083177 -0.662682 1
0.845874 -0.683673 1
0.303514 -0.526824 1
0.662637 -0.454358 1
0.407078 -0.640241 1
0.096297 -0.172482 1
0.367901 -0.621577 1
0.971785 -0.555331 1
0.528069 -0.955372 1
0.215292 -0.123084 1
0.887107 -0.371532 1
0.359639 -0.610948 1
0.139287 -0.591488 1
0.142477 -0.731888 1
0.526224 -0.043433 1
0.789878 -0.518868 1
0.714548 -0.797734 1
0.414684 -0.412048 1
0.228563 -0.357794 1
0.941270 -0.463222 1
-0.151805 -0.509059 -1
-0.416384 -0.671388 -1
-0.774232 -0.327839 -1
-0.142287 -0.577402 -1
-0.625502 -0.513185 -1
-0.020147 -0.487510 -1
-0.586403 -0.943140 -1
-0.058266 -0.492419 -1
-0.955093 -0.969164 -1
-0.519971 -0.251103 -1
-0.698374 -0.442334 -1
-0.297649 -0.914811 -1
-0.736326 -0.379194 -1
-0.191447 -0.495670 -1
-0.723238 -0.519927 -1
-0.961872 -0.527049 -1
-0.852175 -0.198214 -1
-0.333097 -0.629525 -1
-0.783028 -0.958414 -1
-0.897659 -0.347216 -1
-0.281105 -0.076004 -1
-0.510713 -0.433972 -1
-0.286361 -0.742249 -1
-0.876648 -0.703547 -1
-0.542687 -0.379333 -1
0.046807 0.665595 -1
0.026811 0.218817 -1
0.384707 0.411111 -1
0.211345 0.604292 -1
0.338341 0.949746 -1
0.982193 0.832598 -1
0.797582 0.544418 -1
0.636255 0.301180 -1
0.179951 0.133317 -1
0.547438 0.519591 -1
0.641351 0.938841 -1
0.902659 0.695885 -1
0.357435 0.685011 -1
0.408602 0.036168 -1
0.702459 0.478256 -1
0.963751 0.507292 -1
0.409301 0.202743 -1
0.071745 0.277895 -1
0.091278 0.179576 -1
0.350750 0.086608 -1
0.179500 0.347197 -1
0.912114 0.807061 -1
0.725305 0.783432 -1
0.933628 0.752568 -1
0.604729 0.539678 -1
