-0.242979 0.060195 1
-0.366518 0.009126 1
-0.913722 0.636809 1
-0.267799 0.091951 -1
-0.329954 0.995888 -1
-0.110067 0.158258 -1
-0.893347 0.884941 1
-0.920082 0.772751 -1
-0.509594 0.811182 1
-0.538410 0.365198 1
-0.397223 0.977513 -1
-0.088749 0.759792 1
-0.498889 0.639345 1
-0.122956 0.851387 1
-0.763716 0.627897 -1
-0.153243 0.658093 1
-0.115485 0.597681 1
-0.522316 0.839098 1
-0.147023 0.702216 -1
-0.800543 0.984367 1
-0.989885 0.351860 -1
-0.026428 0.656712 -1
-0.347448 0.006417 1
-0.327118 0.932999 -1
-0.966738 0.647747 1
0.655069 -0.105936 1
0.536175 -0.340806 -1
0.911954 -0.359458 -1
0.810045 -0.259677 1
0.963306 -0.077079 1
0.937597 -0.165063 1
0.322962 -0.810172 1
0.886136 -0.856072 1
0.073834 -0.689053 1
0.879702 -0.705156 -1
0.290590 -0.094938 1
0.324441 -0.730489 1
0.153194 -0.947965 -1
0.212389 -0.835209 1
0.883655 -0.814104 1
0.196169 -0.270162 -1
0.426649 -0.782646 -1
0.801664 -0.579891 1
0.224361 -0.560725 1
0.807005 -0.229201 1
0.373290 -0.117978 1
0.753853 -0.878271 1
0.933907 -0.497207 -1
0.822012 -0.279348 1
0.185185 -0.452235 1
-0.996527 -0.056949 1
-0.017682 -0.127604 1
-0.654796 -0.211244 1
-0.371266 -0.989693 -1
-0.196413 -0.354471 -1
-0.489292 -0.080819 -1
-0.692861 -0.761473 -1
-0.071911 -0.881834 -1
-0.499664 -0.359794 -1
-0.829758 -0.254035 1
-0.533942 -0.558676 1
-0.960112 -0.216589 -1
-0.960904 -0.020405 1
-0.389346 -0.273748 1
-0.268664 -0.402289 -1
-0.656872 -0.337376 1
-0.304646 -0.838459 1
-0.399538 -0.122853 -1
-0.993325 -0.745151 1
-0.262887 -0.274611 -1
-0.946867 -0.369438 1
-0.411383 -0.145320 -1
-0.778427 -0.543538 1
-0.709405 -0.357678 1
-0.638805 -0.752304 -1
0.904991 0.465086 1
0.555917 0.796149 1
0.751818 0.791225 -1
0.815340 0.713255 -1
0.049272 0.341210 -1
0.886123 0.294417 1
0.832694 0.159329 -1
0.130859 0.729526 1
0.010384 0.234215 1
0.920432 0.035487 1
0.891640 0.775050 -1
0.549083 0.494186 -1
0.425350 0.027990 -1
0.309076 0.755387 1
0.657802 0.286265 -1
0.522758 0.192096 -1
0.882911 0.718925 -1
0.546616 0.936309 -1
0.549518 0.241045 -1
0.177535 0.376745 1
0.086581 0.109954 1
0.928277 0.922181 -1
0.026602 0.295316 -1
0.422770 0.492843 1
0.173821 0.151012 -1
