-0.487196 0.969880 1
-0.028332 0.666348 1
-0.163971 0.625752 1
-0.678214 0.834359 1
-0.754413 0.846296 1
-0.087069 0.506769 1
-0.675450 0.955623 1
-0.284680 0.778368 1
-0.435941 0.822870 1
-0.666766 0.043967 1
-0.446153 0.155020 -1
-0.126365 0.617506 1
-0.237616 0.601468 1
-0.150368 0.596497 1
-0.177282 0.744712 1
-0.789651 0.415043 1
-0.118314 0.095648 1
-0.667488 0.510410 1
-0.033963 0.805685 1
-0.850992 0.043191 1
-0.489836 0.166791 1
-0.556290 0.182625 1
-0.181524 0.671102 1
-0.551374 0.141240 1
-0.639475 0.552978 1
-0.041538 0.549226 1
-0.467650 0.788965 -1
-0.660671 0.972258 1
-0.239174 0.506983 1
-0.541183 0.010218 1
-0.375054 0.537437 1
-0.601382 0.968971 1
-0.992539 0.515502 1
-0.691218 0.920121 1
-0.127653 0.182390 1
-0.357509 0.348492 -1
-0.128017 0.584679 1
-0.039158 0.532054 1
-0.925531 0.065130 1
-0.642211 0.065221 1
-0.128976 0.385976 1
-0.082783 0.550992 1
-0.026097 0.471198 1
-0.809564 0.865167 1
-0.701978 0.857354 1
-0.275870 0.450442 1
-0.329982 0.636010 1
-0.897429 0.932215 1
-0.839726 0.522353 1
-0.478149 0.365114 -1
-0.472886 0.743164 -1
-0.154974 0.311536 -1
-0.063589 0.491478 -1
-0.467349 0.089124 1
-0.919605 0.911165 1
-0.924388 0.450258 1
-0.184954 0.523102 1
-0.971140 0.284041 1
-0.336015 0.739689 1
-0.418159 0.623721 1
-0.549566 0.650380 -1
-0.639975 0.340338 1
-0.430714 0.841058 1
-0.404019 0.436141 1
-0.931950 0.089717 1
-0.096394 0.381780 1
-0.464633 0.554016 1
-0.802713 0.459905 1
-0.604177 0.015407 1
-0.778091 0.275862 -1
-0.221874 0.142438 1
-0.514055 0.830357 1
-0.198162 0.713316 1
-0.337615 0.702294 1
-0.854925 0.910882 1
-0.964474 0.390918 1
-0.441936 0.418683 1
-0.769392 0.352594 1
-0.279590 0.299050 1
-0.649622 0.798733 1
-0.655084 0.852293 1
-0.263253 0.894653 1
-0.422173 0.596010 -1
-0.026516 0.387550 1
-0.962695 0.185162 -1
-0.169089 0.788621 1
-0.780388 0.007693 1
-0.580722 0.916994 1
-0.813571 0.589470 1
-0.273791 0.331923 1
-0.595373 0.620692 1
-0.181414 0.159657 1
-0.569548 0.849438 1
-0.048158 0.012258 1
-0.329525 0.976283 1
-0.711744 0.466467 1
-0.911939 0.020833 1
-0.336622 0.224851 1
-0.666267 0.101120 1
-0.007731 0.545083 1
-0.184165 0.547343 -1
-0.200448 0.948029 1
-0.157118 0.103007 -1
-0.318643 0.966550 1
-0.731052 0.958066 -1
-0.028100 0.539719 1
-0.657208 0.155000 1
-0.464337 0.685311 1
-0.647815 0.602917 1
-0.095219 0.394732 1
-0.577843 0.673475 1
-0.184849 0.229649 1
-0.413805 0.437731 1
-0.100489 0.812754 1
-0.971610 0.672075 1
-0.717456 0.337171 -1
-0.088786 0.396711 1
-0.624008 0.635618 1
-0.080374 0.321078 1
-0.642003 0.884806 1
-0.879673 0.743953 1
-0.736328 0.449989 1
-0.035463 0.552875 1
-0.450495 0.547519 1
-0.571620 0.670099 1
-0.633198 0.876308 1
-0.840483 0.628719 1
-0.526647 0.093807 1
-0.897416 0.253822 1
-0.274102 0.879029 1
-0.595476 0.479996 -1
-0.545324 0.362604 -1
-0.760384 0.917129 1
-0.246089 0.446962 1
-0.290729 0.842390 1
-0.416082 0.508174 1
-0.779559 0.260569 1
-0.277080 0.465017 1
-0.549069 0.699933 1
-0.776109 0.804108 1
-0.091534 0.390986 1
-0.476556 0.556645 1
-0.277566 0.768074 1
-0.695431 0.440166 1
-0.258284 0.254497 1
-0.329883 0.648784 1
-0.320666 0.139522 1
-0.514394 0.169134 1
-0.631175 0.405724 1
-0.384994 0.112454 1
-0.052269 0.760629 1
-0.517478 0.983000 1
-0.759882 0.264912 1
-0.647403 0.664605 1
-0.216301 0.416839 1
-0.798863 0.288220 1
-0.466569 0.403727 1
-0.925731 0.395778 1
-0.763601 0.527285 1
-0.714109 0.820017 1
-0.773301 0.520045 1
-0.788253 0.761715 1
-0.860074 0.358367 1
-0.301525 0.844813 1
-0.458345 0.373122 1
-0.118670 0.374320 1
-0.506875 0.031424 1
-0.994257 0.746850 1
-0.845173 0.644267 1
-0.323131 0.328107 1
-0.811403 0.000907 1
-0.401421 0.183357 1
-0.914549 0.211222 1
-0.586714 0.688044 1
-0.333186 0.487777 1
-0.989328 0.102672 1
-0.233376 0.518791 1
-0.758580 0.288108 1
-0.157430 0.053196 1
-0.207654 0.678548 1
-0.578352 0.020440 1
-0.468660 0.584488 1
-0.853356 0.383773 -1
-0.260484 0.458696 1
-0.272165 0.000463 1
-0.212398 0.887266 1
-0.816969 0.500251 1
-0.232746 0.450221 1
-0.511572 0.334968 1
-0.119340 0.907002 1
-0.670950 0.997028 1
-0.010039 0.409391 1
-0.048107 0.423043 1
-0.756073 0.117199 1
-0.266495 0.537364 1
-0.657147 0.377688 1
-0.640543 0.885036 1
-0.223562 0.551318 1
-0.248095 0.218847 1
-0.668012 0.917006 1
-0.353445 0.460977 1
-0.387262 0.736077 1
-0.194012 0.088281 1
-0.442616 0.764808 1
-0.239923 0.783983 1
-0.291092 0.793041 1
-0.137999 0.030633 -1
-0.895825 0.474783 1
-0.536782 0.350449 1
-0.053173 0.933983 1
-0.154736 0.007465 1
-0.931185 0.808887 1
-0.865104 0.140654 1
-0.690038 0.143275 1
-0.908053 0.234617 1
-0.546050 0.201817 1
-0.550790 0.327350 1
-0.354955 0.724441 -1
-0.712580 0.311045 1
-0.094777 0.903412 1
-0.240431 0.600795 1
-0.649186 0.982759 -1
-0.480927 0.768648 1
-0.581390 0.443400 1
-0.561459 0.413187 1
-0.479508 0.093473 1
-0.947298 0.632582 1
-0.544736 0.818288 1
-0.729732 0.261314 1
-0.014755 0.946328 1
-0.951571 0.164032 1
-0.233401 0.784854 1
-0.637808 0.249550 1
-0.552380 0.420088 1
-0.425234 0.027575 1
-0.632037 0.558622 1
-0.934967 0.909093 1
-0.564649 0.494486 -1
-0.097927 0.010438 1
-0.528767 0.770009 -1
-0.274551 0.450016 1
-0.072026 0.091875 1
-0.050390 0.512424 1
-0.145260 0.740645 1
-0.316633 0.569560 -1
-0.550767 0.894716 1
-0.180339 0.391511 1
-0.896996 0.190737 1
-0.653419 0.932460 1
-0.328218 0.263159 1
0.540816 -0.987927 1
0.675823 -0.590544 1
0.705346 -0.369763 1
0.570321 -0.744148 1
0.422848 -0.711516 1
0.220374 -0.862008 1
0.154598 -0.353504 1
0.619542 -0.930972 1
0.721443 -0.670155 1
0.677156 -0.924749 1
0.671018 -0.920214 -1
0.842616 -0.549242 1
0.326264 -0.105162 1
0.682388 -0.598636 1
0.213036 -0.189347 1
0.330914 -0.744865 1
0.384385 -0.833492 1
0.870225 -0.138805 1
0.305326 -0.165455 -1
0.747703 -0.148661 -1
0.822984 -0.050650 1
0.443451 -0.321610 1
0.471748 -0.266944 1
0.002298 -0.801182 -1
0.487939 -0.940591 -1
0.893528 -0.669333 1
0.993895 -0.034493 1
0.951225 -0.221518 1
0.221696 -0.538414 1
0.704406 -0.054995 1
0.426522 -0.725327 1
0.611187 -0.971688 1
0.929070 -0.799776 1
0.997016 -0.701625 1
0.242103 -0.244574 1
0.220718 -0.894388 1
0.512018 -0.670646 1
0.870972 -0.091876 1
0.152239 -0.036733 1
0.318412 -0.364336 -1
0.203256 -0.756315 1
0.267310 -0.704617 1
0.935375 -0.054577 1
0.094684 -0.396712 1
0.682397 -0.645690 1
0.062329 -0.717661 1
0.952644 -0.612253 1
0.068999 -0.523525 1
0.594116 -0.577822 1
0.811152 -0.023921 -1
0.001356 -0.331018 1
0.513798 -0.276082 1
0.324510 -0.668939 1
0.256894 -0.075026 1
0.109500 -0.914772 1
0.626414 -0.352641 1
0.026810 -0.336706 1
0.855373 -0.197506 1
0.307842 -0.706802 1
0.803361 -0.500663 1
0.709867 -0.362493 1
0.432622 -0.556966 1
0.331939 -0.795053 1
0.347993 -0.646744 1
0.438674 -0.849533 1
0.183436 -0.584217 1
0.590914 -0.404184 1
0.800980 -0.187840 1
0.875642 -0.876538 1
0.832100 -0.502715 1
0.290933 -0.886540 1
0.228528 -0.800351 1
0.314633 -0.216764 1
0.999671 -0.248468 1
0.249135 -0.199917 1
0.089626 -0.763795 1
0.878901 -0.027125 1
0.754568 -0.813383 1
0.180764 -0.982517 1
0.356453 -0.204399 1
0.902021 -0.811703 1
0.689491 -0.867792 1
0.338912 -0.788181 1
0.758407 -0.034918 1
0.849087 -0.892156 1
0.382132 -0.544357 1
0.757389 -0.691615 1
0.872507 -0.095883 1
0.443438 -0.142242 1
0.470708 -0.670928 1
0.886714 -0.306767 1
0.553367 -0.162406 1
0.538868 -0.188175 1
0.776066 -0.470877 1
0.556427 -0.941529 1
0.474600 -0.633121 1
0.419770 -0.855715 1
0.580440 -0.896233 -1
0.602080 -0.966456 1
0.873467 -0.051934 1
0.888862 -0.115597 1
0.741753 -0.029843 1
0.886850 -0.639268 1
0.032624 -0.228192 1
0.878814 -0.207668 1
0.441295 -0.064001 1
0.148276 -0.274612 1
0.022932 -0.815046 -1
0.449380 -0.012700 1
0.002760 -0.081835 1
0.919342 -0.892813 1
0.544726 -0.904795 1
0.676308 -0.288983 1
0.320715 -0.153114 1
0.046071 -0.287634 1
0.230331 -0.865859 1
0.442914 -0.869255 1
0.243209 -0.436029 1
0.325337 -0.546405 1
0.782681 -0.217283 1
0.339363 -0.174934 1
0.544967 -0.809755 1
0.889263 -0.676445 1
0.996085 -0.197493 1
0.245223 -0.251250 1
0.011345 -0.112929 1
0.119450 -0.676027 1
0.065399 -0.798489 1
0.312960 -0.894999 1
0.104932 -0.248024 1
0.952907 -0.126725 1
0.259060 -0.359915 -1
0.156590 -0.908256 1
0.036001 -0.745471 1
0.533644 -0.609175 1
0.255608 -0.928987 1
0.047914 -0.931941 -1
0.963263 -0.627243 1
0.321058 -0.817670 1
0.747832 -0.100792 1
0.339031 -0.977388 1
0.726668 -0.062461 1
0.600443 -0.957575 -1
0.664534 -0.066321 1
0.849035 -0.015369 1
0.622715 -0.308576 1
0.950539 -0.776562 -1
0.411045 -0.291319 1
0.288039 -0.789367 1
0.727539 -0.264343 1
0.362429 -0.303806 1
0.830335 -0.081145 1
0.896357 -0.876348 1
0.164685 -0.257328 1
0.255202 -0.122338 1
0.686153 -0.169414 1
0.333006 -0.476792 -1
0.987226 -0.190501 1
0.691902 -0.170687 1
0.495098 -0.630871 1
0.018097 -0.720414 -1
0.829239 -0.019676 1
0.519991 -0.229132 1
0.209137 -0.408947 1
0.114029 -0.933626 -1
0.748353 -0.081440 1
0.268677 -0.261194 1
0.269396 -0.605775 1
0.524294 -0.206614 1
0.293201 -0.714638 1
0.928119 -0.560460 1
0.629493 -0.470581 1
0.047757 -0.283589 -1
0.542808 -0.316406 1
0.093274 -0.907300 -1
0.929259 -0.086638 1
0.567485 -0.653078 1
0.770964 -0.504336 1
0.964896 -0.653454 1
0.069857 -0.167213 1
0.916558 -0.450215 -1
0.928488 -0.053491 1
0.435429 -0.210432 1
0.855629 -0.481553 1
0.930021 -0.359051 1
0.815357 -0.479259 1
0.100693 -0.430428 1
0.239962 -0.112916 1
0.810862 -0.663685 -1
0.238807 -0.947068 1
0.427182 -0.317858 1
0.776612 -0.431386 1
0.172744 -0.727797 1
0.397259 -0.170889 1
0.512931 -0.803819 1
0.138242 -0.773439 1
0.684489 -0.092397 1
0.123684 -0.265486 1
0.976784 -0.401082 1
0.076613 -0.727617 1
0.629565 -0.985703 1
0.156281 -0.520055 -1
0.283721 -0.956359 1
0.573808 -0.881799 1
0.910697 -0.364138 1
0.768317 -0.033919 1
0.847910 -0.723217 1
0.610560 -0.502148 1
0.247445 -0.556751 1
0.229034 -0.004839 -1
0.716649 -0.359301 -1
0.114660 -0.949097 1
0.068690 -0.560254 1
0.490614 -0.448379 1
0.645467 -0.494835 -1
0.450783 -0.672659 1
0.357059 -0.210181 1
0.775193 -0.459391 1
0.806160 -0.445719 1
0.058154 -0.796862 1
0.120875 -0.142643 1
0.557341 -0.653487 1
0.241512 -0.517896 1
0.566546 -0.939131 1
0.403908 -0.392967 1
0.093967 -0.601795 1
0.945189 -0.842965 1
0.787215 -0.784491 1
0.267836 -0.430437 1
0.985178 -0.097031 1
0.728083 -0.532510 1
0.776824 -0.833723 1
0.859533 -0.041319 -1
0.766460 -0.594932 1
0.077532 -0.479627 1
0.674816 -0.092819 1
0.499406 -0.129525 1
0.282688 -0.484916 1
0.518726 -0.146186 1
0.746560 -0.277352 -1
0.199326 -0.712561 1
0.310358 -0.166994 1
0.499879 -0.617646 1
0.641380 -0.888356 1
0.758412 -0.619214 1
0.289098 -0.450782 1
0.659166 -0.476886 1
0.079264 -0.083344 1
0.571276 -0.704224 1
0.529085 -0.050698 1
-0.822900 -0.697302 -1
-0.255091 -0.701942 1
-0.191681 -0.102956 -1
-0.491360 -0.429863 -1
-0.637376 -0.771056 -1
-0.555744 -0.894491 -1
-0.482965 -0.328092 1
-0.013646 -0.480911 -1
-0.096734 -0.247793 -1
-0.073843 -0.349791 -1
-0.731304 -0.694009 -1
-0.269304 -0.975890 -1
-0.137049 -0.551674 -1
-0.744032 -0.348595 -1
-0.139694 -0.905494 1
-0.087712 -0.585147 -1
-0.195831 -0.504440 -1
-0.919158 -0.152366 -1
-0.416134 -0.670498 -1
-0.433132 -0.091619 -1
-0.200190 -0.337536 -1
-0.347186 -0.318401 -1
-0.924950 -0.667738 -1
-0.007416 -0.720104 -1
-0.242357 -0.825830 -1
-0.210960 -0.359858 -1
-0.802062 -0.595531 -1
-0.307098 -0.822274 -1
-0.970686 -0.359582 -1
-0.849806 -0.179834 -1
-0.248831 -0.947346 -1
-0.664182 -0.763379 -1
-0.917598 -0.119642 -1
-0.150172 -0.913382 -1
-0.710111 -0.136634 -1
-0.739794 -0.999950 -1
-0.545830 -0.105265 -1
-0.914727 -0.654727 -1
-0.036991 -0.819225 -1
-0.366710 -0.427868 -1
-0.649140 -0.962188 1
-0.866292 -0.384506 -1
-0.902440 -0.664646 -1
-0.693317 -0.419887 -1
-0.981780 -0.962911 1
-0.590697 -0.462700 -1
-0.809533 -0.587371 -1
-0.019727 -0.195603 -1
-0.152226 -0.938121 -1
-0.836861 -0.932024 -1
-0.303602 -0.414109 -1
-0.686966 -0.744567 -1
-0.498263 -0.463549 -1
-0.002417 -0.620992 -1
-0.748174 -0.806851 -1
-0.863089 -0.269446 -1
-0.365182 -0.443917 -1
-0.057768 -0.406036 -1
-0.012787 -0.043751 -1
-0.703547 -0.136048 -1
-0.888966 -0.656435 -1
-0.358390 -0.504964 -1
-0.686218 -0.647096 -1
-0.826575 -0.572585 -1
-0.650518 -0.930893 -1
-0.250839 -0.375549 -1
-0.043555 -0.210273 -1
-0.959928 -0.919856 1
-0.658728 -0.479870 -1
-0.569794 -0.979157 -1
-0.480674 -0.857026 -1
-0.312029 -0.896995 -1
-0.977330 -0.091131 1
-0.343905 -0.675967 -1
-0.045465 -0.094739 -1
-0.737195 -0.031043 -1
-0.539092 -0.701731 -1
-0.374019 -0.675469 -1
-0.791474 -0.248116 -1
-0.736111 -0.733234 1
-0.809928 -0.503280 1
-0.227990 -0.657712 -1
-0.973682 -0.373746 -1
-0.104378 -0.013261 1
-0.134285 -0.237844 -1
-0.949480 -0.358105 -1
-0.590867 -0.985494 -1
-0.709401 -0.629518 -1
-0.781914 -0.917076 -1
-0.668391 -0.612630 -1
-0.000650 -0.281369 -1
-0.336231 -0.451599 -1
-0.609847 -0.813790 -1
-0.262501 -0.395584 -1
-0.048501 -0.702874 -1
-0.500301 -0.297628 -1
-0.248865 -0.961733 -1
-0.594027 -0.397226 1
-0.566729 -0.180229 -1
-0.487612 -0.900156 -1
-0.859251 -0.834527 -1
-0.694237 -0.217048 -1
-0.057114 -0.438588 1
-0.960748 -0.449092 -1
-0.605576 -0.892163 -1
-0.887428 -0.832494 -1
-0.326645 -0.681570 -1
-0.451154 -0.444089 -1
-0.831423 -0.437382 -1
-0.165387 -0.176677 -1
-0.548928 -0.107760 -1
-0.327688 -0.490105 -1
-0.970528 -0.472761 -1
-0.329975 -0.642252 -1
-0.321591 -0.026057 -1
-0.299549 -0.918982 -1
-0.455569 -0.019317 1
-0.484674 -0.691611 -1
-0.282760 -0.612306 -1
-0.397863 -0.339811 -1
-0.162532 -0.995222 -1
-0.581959 -0.523899 -1
-0.111261 -0.201109 -1
-0.399057 -0.469091 -1
-0.565845 -0.762598 -1
-0.411281 -0.342130 1
-0.419263 -0.744504 -1
-0.545699 -0.234017 -1
-0.191253 -0.567409 -1
-0.930991 -0.635242 -1
-0.831572 -0.556306 -1
-0.660387 -0.442912 1
-0.965611 -0.091888 -1
-0.587529 -0.066390 1
-0.422787 -0.516540 -1
-0.458014 -0.078032 -1
-0.372595 -0.589707 -1
-0.879066 -0.021538 -1
-0.109303 -0.409729 -1
-0.060820 -0.305162 -1
-0.562998 -0.464430 -1
-0.161277 -0.093457 -1
-0.770640 -0.278224 -1
-0.654658 -0.715588 -1
-0.394290 -0.229271 -1
-0.682310 -0.196768 -1
-0.099784 -0.481499 -1
-0.901286 -0.835308 -1
-0.524735 -0.648019 1
-0.175845 -0.925740 -1
-0.674134 -0.986406 -1
-0.392600 -0.151747 -1
-0.951641 -0.386244 -1
-0.925722 -0.734724 -1
-0.201014 -0.563877 -1
-0.515953 -0.603671 -1
-0.090945 -0.075928 -1
-0.316357 -0.600505 -1
-0.500405 -0.418163 -1
-0.167507 -0.110321 -1
-0.152761 -0.457217 -1
-0.978454 -0.205985 -1
-0.787373 -0.912186 -1
-0.701600 -0.030560 -1
-0.897297 -0.264654 -1
-0.206543 -0.884321 -1
-0.924841 -0.868926 -1
-0.328252 -0.851775 -1
-0.854088 -0.256676 -1
-0.456051 -0.381070 -1
-0.012423 -0.898167 -1
-0.459459 -0.600474 -1
-0.480240 -0.309746 -1
-0.455303 -0.302433 -1
-0.831871 -0.126307 -1
-0.084153 -0.341092 -1
-0.892056 -0.079146 -1
-0.819997 -0.468020 1
-0.172879 -0.189462 -1
-0.627916 -0.528212 1
-0.672504 -0.228409 -1
-0.519751 -0.995567 -1
-0.729603 -0.499011 -1
-0.938641 -0.013716 -1
-0.657839 -0.372552 -1
-0.570561 -0.821238 -1
-0.393889 -0.473756 -1
-0.005286 -0.472352 -1
-0.197281 -0.635802 -1
-0.029083 -0.899047 -1
-0.916757 -0.289355 -1
-0.415962 -0.992594 -1
-0.872068 -0.440969 -1
-0.078847 -0.067346 -1
-0.576252 -0.944830 -1
-0.404171 -0.388010 -1
-0.205561 -0.500732 -1
-0.424453 -0.823518 1
-0.074821 -0.129198 -1
-0.864180 -0.094058 -1
-0.700382 -0.719481 -1
-0.515831 -0.507310 -1
-0.401810 -0.976843 -1
-0.719848 -0.433924 -1
-0.684588 -0.173357 -1
-0.356304 -0.796008 -1
-0.147643 -0.482728 -1
-0.420224 -0.011261 -1
-0.269850 -0.019497 -1
-0.292835 -0.375008 -1
-0.199126 -0.876530 -1
-0.050644 -0.554090 -1
-0.393351 -0.015435 -1
-0.804387 -0.370569 -1
-0.100200 -0.836711 -1
-0.800615 -0.598180 1
-0.480344 -0.209237 -1
-0.361766 -0.301590 -1
-0.267159 -0.270453 -1
-0.685674 -0.422447 -1
-0.453234 -0.792165 -1
-0.609076 -0.221464 1
-0.770179 -0.666941 -1
-0.362479 -0.562664 -1
-0.952352 -0.319949 -1
-0.920566 -0.441074 -1
-0.040780 -0.567115 -1
-0.007585 -0.027596 -1
-0.181332 -0.259245 -1
-0.807123 -0.889649 -1
-0.623605 -0.985907 -1
-0.560184 -0.863551 -1
-0.274280 -0.496336 -1
-0.600537 -0.267819 1
-0.747253 -0.911838 -1
-0.771112 -0.630238 -1
-0.186918 -0.636429 -1
-0.335640 -0.999936 -1
-0.645245 -0.511789 -1
-0.472584 -0.388727 -1
-0.052472 -0.650319 -1
-0.420786 -0.978305 -1
-0.525872 -0.163287 -1
-0.136250 -0.534267 -1
-0.820667 -0.621892 -1
-0.151424 -0.899571 1
-0.883924 -0.034029 -1
-0.261238 -0.984731 -1
-0.889134 -0.702349 -1
-0.170023 -0.138587 -1
0.420747 0.713382 -1
0.165540 0.693738 -1
0.507702 0.836792 -1
0.305769 0.085423 1
0.093380 0.644400 -1
0.262806 0.411675 -1
0.037465 0.844023 -1
0.372987 0.761230 -1
0.484961 0.234688 -1
0.184371 0.495128 -1
0.983917 0.994668 -1
0.288705 0.777027 -1
0.159659 0.133039 -1
0.923050 0.576539 -1
0.269403 0.207695 1
0.641182 0.130705 -1
0.286218 0.251035 -1
0.616801 0.967061 -1
0.895045 0.422624 -1
0.430754 0.225850 -1
0.280893 0.767869 -1
0.885905 0.713111 -1
0.621672 0.327366 -1
0.510607 0.218658 -1
0.525312 0.494902 -1
0.753794 0.446960 -1
0.783557 0.775896 -1
0.295074 0.783915 -1
0.912640 0.256648 -1
0.908880 0.790248 -1
0.714820 0.095692 -1
0.083040 0.805134 -1
0.364560 0.026531 1
0.370623 0.872152 1
0.580923 0.093668 -1
0.081327 0.960458 -1
0.852425 0.145047 -1
0.808427 0.894223 -1
0.782494 0.523508 -1
0.402067 0.871431 -1
0.297898 0.237199 -1
0.412374 0.244139 -1
0.548349 0.005999 -1
0.898919 0.335660 1
0.767877 0.114329 -1
0.305532 0.653206 -1
0.722259 0.176924 -1
0.536577 0.717063 -1
0.762880 0.343332 -1
0.225856 0.214292 -1
0.850749 0.677746 -1
0.523076 0.056169 -1
0.436859 0.790940 -1
0.328593 0.488040 -1
0.604578 0.193640 -1
0.258427 0.114975 -1
0.330837 0.502431 -1
0.661308 0.624246 -1
0.532805 0.191395 -1
0.728982 0.198585 -1
0.991160 0.805359 -1
0.600448 0.951104 -1
0.152928 0.734416 -1
0.220900 0.666732 -1
0.782858 0.094896 1
0.968282 0.802638 -1
0.248104 0.817148 -1
0.677883 0.986221 -1
0.268350 0.245123 -1
0.155532 0.925933 -1
0.794233 0.912046 -1
0.794952 0.128919 1
0.540569 0.560927 1
0.977951 0.532088 -1
0.308725 0.741371 -1
0.948431 0.207357 -1
0.235176 0.529586 -1
0.436820 0.297130 -1
0.373239 0.541665 -1
0.112877 0.387170 -1
0.975139 0.456068 -1
0.023551 0.226841 -1
0.093630 0.548870 -1
0.327189 0.696659 1
0.887523 0.052859 -1
0.320976 0.002664 -1
0.646922 0.994896 -1
0.722890 0.751370 -1
0.187947 0.808624 -1
0.590900 0.665661 -1
0.304245 0.180832 -1
0.710701 0.136259 -1
0.958869 0.514626 -1
0.006849 0.997597 -1
0.108412 0.795127 -1
0.783393 0.576718 -1
0.579699 0.594302 -1
0.586653 0.393010 1
0.744260 0.813397 -1
0.142082 0.607376 -1
0.244396 0.107100 -1
0.559552 0.821039 1
0.746337 0.041040 -1
0.271489 0.053897 -1
0.490303 0.447379 -1
0.467494 0.543985 -1
0.078099 0.781878 -1
0.964503 0.472307 -1
0.534537 0.120267 -1
0.815849 0.212471 1
0.291359 0.912149 -1
0.445505 0.801278 1
0.210907 0.553909 -1
0.422718 0.257254 -1
0.079072 0.598072 -1
0.182732 0.395855 -1
0.224827 0.592086 1
0.595654 0.698900 -1
0.815280 0.508891 -1
0.498519 0.537568 -1
0.464209 0.915542 -1
0.336358 0.075878 -1
0.109867 0.974147 -1
0.970580 0.359310 -1
0.264367 0.455437 -1
0.576255 0.401949 -1
0.395702 0.115769 -1
0.035845 0.696467 -1
0.558435 0.617073 -1
0.908080 0.001644 -1
0.457296 0.758626 -1
0.350999 0.360159 1
0.595559 0.156536 -1
0.148520 0.651022 -1
0.817858 0.519405 -1
0.246128 0.538451 -1
0.945356 0.988833 -1
0.563162 0.357066 -1
0.653948 0.092590 -1
0.866811 0.612154 1
0.196600 0.720082 -1
0.961502 0.649382 1
0.995370 0.136336 -1
0.803107 0.879100 -1
0.287951 0.211949 -1
0.394909 0.949910 -1
0.685086 0.801171 -1
0.463441 0.751005 -1
0.093009 0.026925 -1
0.477872 0.037035 -1
0.785134 0.532293 -1
0.355502 0.864930 -1
0.672335 0.217309 -1
0.777587 0.396546 1
0.023325 0.385137 -1
0.175207 0.445009 -1
0.041257 0.496474 -1
0.085681 0.761289 -1
0.654373 0.379385 -1
0.508657 0.679746 -1
0.318381 0.848718 1
0.606515 0.072233 -1
0.151487 0.168718 -1
0.022330 0.775974 -1
0.333629 0.415131 1
0.180473 0.666435 -1
0.780000 0.985984 -1
0.230361 0.099764 -1
0.224637 0.476338 -1
0.587657 0.021688 1
0.287545 0.785501 -1
0.424754 0.088471 -1
0.797677 0.583590 -1
0.449647 0.652294 -1
0.577052 0.788703 -1
0.601215 0.083428 -1
0.970378 0.467141 -1
0.256125 0.239466 -1
0.983352 0.284368 -1
0.075453 0.503394 -1
0.948236 0.730354 -1
0.616073 0.088681 -1
0.236847 0.900530 1
0.184066 0.100873 -1
0.930255 0.061163 -1
0.481131 0.015620 -1
0.518006 0.334106 -1
0.324309 0.523240 -1
0.216645 0.054860 -1
0.401401 0.547235 -1
0.681110 0.926663 -1
0.468875 0.096660 -1
0.079322 0.503018 -1
0.428459 0.937249 -1
0.158233 0.423529 -1
0.006800 0.970935 -1
0.279858 0.052650 -1
0.130466 0.271005 -1
0.770133 0.281906 -1
0.043007 0.557726 -1
0.383210 0.817980 -1
0.740878 0.179340 -1
0.320372 0.862062 -1
0.148891 0.315835 -1
0.384092 0.784447 -1
0.325579 0.375255 -1
0.529144 0.364168 -1
0.735022 0.496420 -1
0.008945 0.924513 -1
0.435013 0.054330 -1
0.335554 0.512890 1
0.552568 0.285507 -1
0.894968 0.880234 -1
0.615313 0.625771 -1
0.973190 0.144824 -1
0.927446 0.991493 -1
0.251915 0.924541 -1
0.115096 0.800266 -1
0.945189 0.087041 1
0.929246 0.514925 -1
0.486618 0.590086 -1
0.781333 0.852280 -1
0.451279 0.483805 -1
0.487426 0.186577 -1
0.913049 0.309889 -1
0.659260 0.769374 -1
0.565210 0.271614 -1
0.513431 0.316276 -1
0.572081 0.469294 -1
0.877085 0.113611 -1
0.841693 0.317927 -1
0.020829 0.871577 -1
0.886241 0.535912 -1
0.385247 0.376503 -1
0.630307 0.138866 -1
0.391005 0.918552 -1
0.990774 0.947865 1
0.080589 0.015080 -1
0.410999 0.959891 1
0.969047 0.491507 -1
0.045482 0.596116 -1
0.470563 0.033120 -1
0.924280 0.409394 -1
0.304884 0.684747 -1
0.904461 0.518540 -1
0.152721 0.601296 -1
0.995777 0.298857 -1
0.718209 0.362019 -1
0.558356 0.172667 -1
0.716557 0.724719 -1
