-0.900796 0.626148 1
-0.993824 0.944111 -1
-0.806133 0.528321 -1
-0.507250 0.340496 1
-0.164167 0.835414 1
-0.709337 0.044362 -1
-0.299764 0.862432 1
-0.526845 0.656570 1
-0.926079 0.488734 -1
-0.748355 0.941226 1
-0.004782 0.961595 -1
-0.772641 0.785723 1
-0.593635 0.028361 -1
-0.399414 0.423991 1
-0.505337 0.745970 -1
-0.447453 0.598759 1
-0.663775 0.882630 -1
-0.720719 0.172686 1
-0.021899 0.137917 1
-0.485020 0.506678 1
-0.285275 0.161209 1
-0.691121 0.726760 -1
-0.400231 0.217472 1
-0.738870 0.630478 1
-0.854729 0.746915 1
-0.816123 0.151883 -1
-0.785792 0.848318 1
-0.658662 0.505113 1
-0.913053 0.896991 -1
-0.043111 0.427915 1
-0.779150 0.106582 1
-0.444246 0.072816 1
-0.317219 0.769955 -1
-0.742965 0.888685 1
-0.147957 0.273201 1
-0.914831 0.170323 1
-0.661569 0.618376 1
-0.481530 0.142653 1
-0.580195 0.326514 1
-0.233166 0.609289 -1
-0.437117 0.844143 1
-0.532226 0.924908 -1
-0.653588 0.372676 -1
-0.275246 0.775604 1
-0.927103 0.050650 1
-0.081635 0.389801 1
-0.224400 0.989292 -1
-0.366586 0.943950 -1
-0.388599 0.199553 -1
-0.060541 0.997431 1
-0.002379 0.167634 -1
-0.321325 0.488743 1
-0.021718 0.554419 1
-0.926994 0.249883 1
-0.914716 0.193977 -1
-0.150778 0.835826 1
-0.006022 0.539193 -1
-0.405199 0.760790 -1
-0.285436 0.441447 1
-0.848869 0.353328 -1
-0.785405 0.867341 1
-0.991246 0.923872 1
-0.153265 0.535873 -1
-0.501557 0.031667 1
-0.178867 0.627880 1
-0.011821 0.912829 1
-0.333935 0.634535 1
-0.678600 0.534751 -1
-0.828690 0.025416 -1
-0.394599 0.110510 1
-0.711070 0.392155 1
-0.862568 0.974982 1
-0.063811 0.522031 -1
-0.679329 0.613170 -1
-0.244283 0.274456 1
-0.183738 0.081610 -1
-0.410754 0.997187 1
-0.784396 0.426526 1
-0.779785 0.180737 1
-0.801463 0.061409 1
-0.619321 0.174576 -1
-0.488628 0.218986 1
-0.660027 0.218841 1
-0.048883 0.339699 1
-0.416603 0.626339 1
-0.686037 0.674572 1
-0.456621 0.506744 1
-0.162184 0.725602 1
-0.370230 0.544269 1
-0.096983 0.099670 1
-0.530640 0.654778 1
-0.806311 0.818945 1
-0.462821 0.086843 1
-0.344106 0.315187 1
-0.789786 0.556619 1
-0.125247 0.506692 -1
-0.917764 0.145377 1
-0.083366 0.269720 1
-0.571945 0.606318 1
-0.984092 0.593879 1
-0.436284 0.901324 1
-0.545259 0.839493 1
-0.253658 0.302715 1
-0.249074 0.335452 1
-0.423898 0.933811 -1
-0.888862 0.965195 1
-0.548593 0.980076 1
-0.185820 0.696133 1
-0.386982 0.738859 -1
-0.457058 0.371079 1
-0.093616 0.997444 1
-0.665056 0.318494 1
-0.672579 0.827503 -1
-0.954137 0.414884 1
-0.655741 0.318782 1
-0.588091 0.139193 -1
-0.372662 0.613367 1
-0.411618 0.516453 1
-0.159079 0.405770 1
-0.166832 0.605121 1
-0.529955 0.836019 1
-0.927499 0.536576 1
-0.597230 0.897964 1
-0.070019 0.612195 1
-0.660350 0.130198 1
-0.272509 0.157961 1
-0.108467 0.866632 1
-0.078742 0.468002 -1
-0.994726 0.751688 1
-0.127671 0.507745 1
-0.446916 0.581874 -1
-0.666723 0.929143 1
-0.261223 0.594775 -1
-0.651512 0.445019 1
-0.891135 0.274816 1
-0.584228 0.559200 1
-0.617665 0.483414 1
-0.390816 0.180515 1
-0.838523 0.261973 -1
-0.098810 0.175079 1
-0.512231 0.945301 1
-0.809650 0.611812 1
-0.809244 0.654311 1
-0.511581 0.956310 1
-0.989188 0.578509 1
-0.645182 0.183542 1
-0.056925 0.065895 1
-0.413285 0.411126 1
-0.912195 0.298994 1
-0.605277 0.513509 1
-0.295622 0.478386 1
-0.936195 0.178363 1
-0.390197 0.365760 -1
-0.533071 0.258580 1
-0.259209 0.334327 1
-0.431011 0.196907 1
-0.799468 0.021121 1
-0.379460 0.058821 1
-0.397630 0.525815 -1
-0.243582 0.973780 1
-0.217154 0.882583 1
-0.598184 0.368718 1
-0.531358 0.375594 1
-0.334411 0.750576 1
-0.447506 0.651578 1
-0.111954 0.879749 1
-0.739389 0.646398 1
-0.090408 0.212578 1
-0.701938 0.926272 1
-0.369285 0.034570 1
-0.602538 0.265339 -1
-0.236456 0.350733 -1
-0.479936 0.529887 -1
-0.968944 0.323111 -1
-0.324184 0.185638 1
-0.112110 0.280395 1
-0.287872 0.243719 1
-0.620781 0.964084 1
-0.745323 0.385684 1
-0.124177 0.381328 1
-0.095738 0.528927 1
-0.421316 0.796687 -1
-0.461214 0.657793 1
-0.327389 0.185677 1
-0.941766 0.147368 -1
-0.556765 0.935896 1
-0.382571 0.698897 1
-0.189091 0.138825 -1
-0.981138 0.902720 -1
-0.549058 0.015556 1
-0.892634 0.711622 -1
-0.180371 0.161204 1
-0.231289 0.558678 1
-0.565027 0.156962 1
-0.988942 0.130103 1
-0.830939 0.859130 -1
-0.254680 0.296202 1
-0.744050 0.432174 1
-0.819191 0.346680 1
-0.831589 0.787108 -1
-0.334897 0.561046 1
-0.687762 0.693219 -1
-0.741008 0.398194 1
-0.130378 0.571499 1
-0.015336 0.113963 -1
-0.382463 0.144563 -1
-0.034811 0.660730 1
-0.534915 0.272558 -1
-0.125349 0.123082 1
-0.376441 0.010080 -1
-0.484636 0.936620 -1
-0.412151 0.989085 1
-0.292681 0.371207 -1
-0.435021 0.454027 1
-0.098272 0.534029 1
-0.502595 0.075397 1
-0.897870 0.774425 -1
-0.582848 0.147052 1
-0.098487 0.505340 1
-0.431335 0.953885 -1
-0.419938 0.113124 -1
-0.459690 0.978591 1
-0.235060 0.079122 -1
-0.860457 0.499848 1
-0.215500 0.979373 -1
-0.645352 0.497200 1
-0.469039 0.946053 -1
-0.022394 0.928166 1
-0.432856 0.774028 -1
-0.402119 0.361077 1
-0.060039 0.355186 1
-0.498433 0.265467 1
-0.352151 0.314119 1
-0.113165 0.276490 1
-0.362261 0.563170 1
-0.764128 0.111020 1
-0.044882 0.230153 -1
-0.237607 0.540089 1
-0.777297 0.163243 1
-0.176058 0.470493 -1
-0.206171 0.107209 -1
-0.885838 0.382536 1
-0.009708 0.308443 -1
-0.904280 0.984432 -1
-0.454837 0.393549 1
-0.106277 0.302431 -1
-0.657935 0.958215 -1
-0.649454 0.223552 1
-0.367316 0.405064 1
-0.993412 0.422455 1
0.745504 -0.586614 1
0.699422 -0.545568 -1
0.671957 -0.486259 1
0.912790 -0.234551 1
0.960682 -0.236704 -1
0.242960 -0.227481 1
0.668476 -0.589629 1
0.875242 -0.927251 1
0.676214 -0.495767 1
0.719941 -0.946692 -1
0.810346 -0.518519 -1
0.275919 -0.362414 1
0.163481 -0.787169 -1
0.994962 -0.632601 1
0.801430 -0.448988 1
0.260429 -0.387157 1
0.413583 -0.229507 1
0.524886 -0.114612 1
0.757173 -0.167313 1
0.233877 -0.471365 1
0.639445 -0.313305 -1
0.546743 -0.608476 -1
0.409520 -0.934209 1
0.840874 -0.795985 1
0.564957 -0.645423 1
0.538728 -0.759770 1
0.166460 -0.627533 1
0.715194 -0.098454 -1
0.957034 -0.631845 1
0.806980 -0.165398 1
0.887375 -0.329699 -1
0.665715 -0.779749 -1
0.610550 -0.285179 1
0.669385 -0.401986 1
0.091246 -0.777904 -1
0.259047 -0.581997 -1
0.640047 -0.731664 1
0.394493 -0.664086 1
0.453507 -0.158520 1
0.025876 -0.382709 -1
0.888479 -0.876418 -1
0.610584 -0.132222 1
0.316837 -0.364139 1
0.608170 -0.235597 1
0.298184 -0.325533 -1
0.060779 -0.033327 1
0.090319 -0.713051 -1
0.796303 -0.828752 -1
0.982498 -0.155095 1
0.269272 -0.288687 1
0.496571 -0.672034 -1
0.689871 -0.247414 1
0.505545 -0.677023 1
0.830953 -0.129476 -1
0.492012 -0.110081 1
0.734800 -0.418947 -1
0.980133 -0.030004 -1
0.774435 -0.460645 1
0.795063 -0.327952 1
0.216709 -0.280128 1
0.664394 -0.570523 -1
0.679138 -0.945214 -1
0.930954 -0.648582 1
0.914784 -0.297729 1
0.098928 -0.089003 1
0.509767 -0.903923 1
0.120075 -0.454330 1
0.130587 -0.298989 1
0.063576 -0.090754 1
0.807300 -0.247403 1
0.500107 -0.317833 1
0.790282 -0.566414 -1
0.755187 -0.970031 -1
0.034767 -0.023502 1
0.072194 -0.971802 1
0.110678 -0.872192 -1
0.015358 -0.286276 -1
0.260937 -0.541182 -1
0.660040 -0.339495 1
0.821008 -0.544472 1
0.830338 -0.388180 1
0.453605 -0.401287 -1
0.041843 -0.050377 1
0.991387 -0.117565 1
0.151120 -0.342746 1
0.622958 -0.587562 1
0.788763 -0.937837 1
0.654181 -0.943056 1
0.281057 -0.102071 1
0.204308 -0.434755 1
0.215439 -0.196091 1
0.571171 -0.862171 1
0.981698 -0.719056 1
0.294313 -0.194243 -1
0.465517 -0.234565 -1
0.002107 -0.591003 1
0.800602 -0.725569 1
0.320404 -0.534316 -1
0.078757 -0.680309 1
0.607786 -0.588932 1
0.826485 -0.940172 1
0.286731 -0.166798 1
0.699658 -0.795175 -1
0.876834 -0.938896 -1
0.348541 -0.249971 -1
0.601468 -0.021061 1
0.656102 -0.783753 1
0.332104 -0.312180 1
0.268772 -0.096053 1
0.842307 -0.021827 1
0.081259 -0.324605 -1
0.694710 -0.619672 1
0.610185 -0.712426 1
0.311676 -0.503750 1
0.503440 -0.996427 1
0.491734 -0.981433 -1
0.467833 -0.148484 1
0.945027 -0.456548 -1
0.844887 -0.542881 1
0.649135 -0.992873 1
0.750147 -0.268591 1
0.172793 -0.359896 -1
0.017006 -0.314410 1
0.514191 -0.424567 1
0.485380 -0.161322 1
0.980219 -0.172499 1
0.454001 -0.360348 1
0.682692 -0.884409 1
0.437564 -0.039502 1
0.949143 -0.335963 -1
0.239754 -0.512880 -1
0.315938 -0.749279 1
0.184317 -0.637746 1
0.089076 -0.852706 -1
0.946266 -0.434633 1
0.648766 -0.767469 -1
0.305138 -0.771756 -1
0.802301 -0.613970 -1
0.112560 -0.534182 -1
0.245173 -0.650438 1
0.972800 -0.596098 1
0.016619 -0.696632 1
0.655407 -0.535514 1
0.943740 -0.811872 1
0.593059 -0.441038 1
0.801080 -0.090456 1
0.589727 -0.983482 1
0.359706 -0.618077 1
0.690900 -0.679629 -1
0.797277 -0.961804 1
0.660962 -0.857792 1
0.082761 -0.173727 1
0.297146 -0.655427 1
0.993653 -0.346812 1
0.325112 -0.969708 1
0.882603 -0.839033 1
0.321878 -0.903469 -1
0.927259 -0.753817 1
0.553325 -0.215339 1
0.559081 -0.516622 1
0.049654 -0.058941 1
0.871767 -0.314888 1
0.027777 -0.572936 -1
0.385042 -0.538282 -1
0.610661 -0.601233 1
0.556625 -0.633959 1
0.080469 -0.195101 1
0.669584 -0.765160 1
0.506700 -0.996115 -1
0.814558 -0.045340 1
0.824160 -0.681601 1
0.794046 -0.256257 1
0.483600 -0.344118 -1
0.143149 -0.465588 -1
0.519838 -0.249485 1
0.769012 -0.459580 1
0.985484 -0.535435 1
0.550599 -0.933699 -1
0.154910 -0.142309 1
0.854184 -0.636576 1
0.247144 -0.740870 1
0.871164 -0.844209 1
0.105306 -0.676378 1
0.889975 -0.546025 1
0.197637 -0.721395 1
0.567604 -0.864732 1
0.731467 -0.793063 1
0.180033 -0.529498 1
0.988668 -0.454511 -1
0.109021 -0.334694 1
0.273989 -0.287149 1
0.890662 -0.102219 -1
0.875456 -0.075833 1
0.324019 -0.758698 -1
0.589390 -0.729708 1
0.522398 -0.489837 1
0.636935 -0.645405 1
0.225756 -0.062967 1
0.145021 -0.465579 1
0.384275 -0.198603 1
0.205686 -0.619963 1
0.987085 -0.685584 1
0.649845 -0.146914 -1
0.420137 -0.354061 1
0.770354 -0.446305 -1
0.217634 -0.069996 1
0.780663 -0.694678 1
0.743469 -0.781139 -1
0.340382 -0.592413 1
0.835238 -0.284868 1
0.973282 -0.492982 1
0.924231 -0.469452 -1
0.836236 -0.887579 -1
0.849673 -0.572078 1
0.985417 -0.907408 1
0.879077 -0.036993 1
0.084545 -0.241179 -1
0.246522 -0.701542 1
0.962828 -0.601981 1
0.208923 -0.595481 -1
0.742254 -0.928336 1
0.952133 -0.327171 1
0.381482 -0.217552 -1
0.589735 -0.403210 1
0.277369 -0.062993 1
0.396445 -0.225042 -1
0.687690 -0.317095 -1
0.922024 -0.413200 -1
0.575639 -0.662049 1
0.603528 -0.540651 -1
0.321027 -0.092386 1
0.968809 -0.014965 1
0.863963 -0.962015 1
0.560673 -0.027059 1
0.583754 -0.557190 -1
0.612794 -0.969421 -1
0.252684 -0.695904 1
0.435750 -0.133624 -1
0.155289 -0.300140 1
0.199340 -0.116783 1
0.337701 -0.418117 1
0.563183 -0.607319 -1
0.246816 -0.338325 1
0.778763 -0.684315 1
0.790863 -0.459201 1
0.979661 -0.251728 1
0.290297 -0.184108 1
0.397644 -0.609329 1
0.885812 -0.478324 1
0.772103 -0.431278 1
-0.197924 -0.268621 1
-0.554841 -0.576227 1
-0.974608 -0.633448 -1
-0.000078 -0.351041 1
-0.477201 -0.036782 -1
-0.025557 -0.897120 -1
-0.311138 -0.242014 1
-0.862069 -0.628820 -1
-0.686239 -0.274506 1
-0.921160 -0.285046 1
-0.472378 -0.815691 -1
-0.001178 -0.069388 1
-0.744016 -0.264160 -1
-0.950405 -0.419273 -1
-0.422372 -0.565254 -1
-0.465319 -0.169972 -1
-0.210649 -0.776471 1
-0.745135 -0.145366 -1
-0.982178 -0.412160 1
-0.829830 -0.740714 -1
-0.156234 -0.286606 -1
-0.196610 -0.870440 -1
-0.262055 -0.705424 -1
-0.008568 -0.057627 -1
-0.922978 -0.489041 -1
-0.536799 -0.969530 1
-0.611356 -0.762881 -1
-0.875742 -0.560130 1
-0.594814 -0.919945 -1
-0.826392 -0.852916 1
-0.563600 -0.252109 -1
-0.268839 -0.197561 1
-0.787942 -0.493273 -1
-0.613407 -0.003495 1
-0.331719 -0.430504 -1
-0.790991 -0.353763 -1
-0.099175 -0.294011 1
-0.844729 -0.928251 -1
-0.713971 -0.181451 1
-0.842666 -0.298235 -1
-0.332479 -0.413707 1
-0.953008 -0.506691 -1
-0.325291 -0.801372 -1
-0.929135 -0.153076 -1
-0.686524 -0.695518 1
-0.521777 -0.102607 -1
-0.167734 -0.569118 -1
-0.044418 -0.918452 -1
-0.123311 -0.087789 1
-0.337315 -0.245192 -1
-0.754655 -0.596617 -1
-0.728790 -0.687891 -1
-0.064638 -0.594204 -1
-0.124689 -0.379306 1
-0.804772 -0.609833 -1
-0.945671 -0.486899 -1
-0.686443 -0.903876 -1
-0.154372 -0.880526 -1
-0.771653 -0.373308 -1
-0.325842 -0.967110 -1
-0.875246 -0.768344 1
-0.770068 -0.235946 1
-0.752575 -0.260469 -1
-0.792374 -0.103514 -1
-0.524286 -0.182545 -1
-0.774755 -0.283982 -1
-0.141207 -0.797792 1
-0.414352 -0.245075 -1
-0.425133 -0.437519 1
-0.316068 -0.986795 -1
-0.719130 -0.974141 1
-0.715325 -0.569916 1
-0.566602 -0.724622 -1
-0.819915 -0.557329 -1
-0.304659 -0.475927 -1
-0.178110 -0.918505 -1
-0.994982 -0.576056 1
-0.431516 -0.798069 -1
-0.255176 -0.308906 -1
-0.469879 -0.093253 -1
-0.946681 -0.425384 -1
-0.150502 -0.172733 -1
-0.524079 -0.121912 -1
-0.828714 -0.519930 -1
-0.224876 -0.133681 1
-0.839902 -0.540525 -1
-0.887235 -0.164722 -1
-0.393484 -0.454686 -1
-0.499637 -0.906381 -1
-0.819069 -0.422758 -1
-0.048124 -0.058421 -1
-0.754890 -0.920637 -1
-0.216690 -0.558496 -1
-0.297248 -0.644663 1
-0.868772 -0.049150 1
-0.443398 -0.407084 -1
-0.639869 -0.291653 -1
-0.657834 -0.056198 -1
-0.967411 -0.837052 1
-0.429108 -0.662924 1
-0.203483 -0.670121 1
-0.107522 -0.976709 -1
-0.491383 -0.788090 1
-0.877608 -0.075869 -1
-0.550549 -0.247827 -1
-0.146028 -0.247664 -1
-0.640635 -0.828995 -1
-0.933026 -0.948918 -1
-0.099942 -0.248145 -1
-0.815404 -0.218573 1
-0.055886 -0.187858 -1
-0.774427 -0.205217 -1
-0.513795 -0.713486 1
-0.843548 -0.931385 -1
-0.363216 -0.661926 -1
-0.834430 -0.265272 1
-0.263578 -0.616252 -1
-0.527610 -0.457451 1
-0.864387 -0.976959 1
-0.300789 -0.386179 -1
-0.184082 -0.149849 -1
-0.790093 -0.930683 -1
-0.926435 -0.253519 1
-0.308377 -0.987589 -1
-0.195151 -0.740020 -1
-0.993739 -0.734733 -1
-0.770541 -0.664827 1
-0.176021 -0.143327 1
-0.375809 -0.959515 -1
-0.643926 -0.837445 1
-0.668220 -0.450784 -1
-0.386073 -0.929730 -1
-0.645800 -0.186595 -1
-0.237677 -0.410441 -1
-0.518407 -0.647836 1
-0.001923 -0.147154 -1
-0.015932 -0.808771 -1
-0.402442 -0.622230 -1
-0.522345 -0.220415 -1
-0.504769 -0.273318 -1
-0.053816 -0.911982 -1
-0.415223 -0.843524 1
-0.550503 -0.845962 -1
-0.846640 -0.198740 1
-0.870878 -0.529198 -1
-0.374957 -0.749996 -1
-0.816042 -0.709165 -1
-0.764269 -0.109790 -1
-0.224785 -0.655946 -1
-0.395398 -0.403982 1
-0.826680 -0.484329 -1
-0.916517 -0.538686 -1
-0.216894 -0.094550 1
-0.207337 -0.439715 1
-0.532093 -0.595882 -1
-0.799157 -0.405819 -1
-0.832622 -0.129730 -1
-0.879166 -0.935237 1
-0.752475 -0.096080 1
-0.520045 -0.896530 -1
-0.958722 -0.150243 -1
-0.704266 -0.473163 -1
-0.581717 -0.180472 -1
-0.562705 -0.538788 -1
-0.284547 -0.099221 -1
-0.281105 -0.063963 1
-0.811377 -0.222973 -1
-0.394783 -0.219025 -1
-0.440358 -0.846326 -1
-0.929683 -0.271362 1
-0.923402 -0.357681 1
-0.935979 -0.443486 1
-0.291173 -0.121844 -1
-0.536620 -0.971687 1
-0.991100 -0.733662 1
-0.018942 -0.903197 1
-0.941198 -0.898169 -1
-0.742732 -0.628680 1
-0.259978 -0.324918 -1
-0.340855 -0.071411 -1
-0.841195 -0.553425 -1
-0.474049 -0.777088 -1
-0.633619 -0.554571 -1
-0.638727 -0.103801 -1
-0.929098 -0.940609 -1
-0.263618 -0.772485 -1
-0.569041 -0.192433 -1
-0.975463 -0.476638 -1
-0.885125 -0.699453 -1
-0.185078 -0.884674 -1
-0.865626 -0.747612 1
-0.461402 -0.274796 -1
-0.275396 -0.788372 -1
-0.265183 -0.689423 1
-0.615458 -0.884811 -1
-0.249824 -0.230528 -1
-0.621878 -0.733940 -1
-0.239282 -0.833720 -1
-0.838099 -0.376661 -1
-0.857627 -0.155056 -1
-0.314705 -0.582382 -1
-0.273346 -0.958179 -1
-0.575758 -0.852109 1
-0.688127 -0.023363 1
-0.025409 -0.253780 -1
-0.582205 -0.404580 -1
-0.767326 -0.138499 -1
-0.196187 -0.433882 1
-0.306677 -0.968714 1
-0.850495 -0.413257 -1
-0.998142 -0.728892 1
-0.324556 -0.210699 -1
-0.161555 -0.482874 -1
-0.938263 -0.172957 -1
-0.940198 -0.433766 -1
-0.479242 -0.398569 -1
-0.305209 -0.964033 -1
-0.302134 -0.743562 -1
-0.112656 -0.321256 1
-0.128825 -0.865371 -1
-0.496198 -0.470989 -1
-0.380888 -0.846906 -1
-0.164127 -0.171692 -1
-0.367347 -0.154747 1
-0.380380 -0.717094 -1
-0.267942 -0.089014 -1
-0.666941 -0.866927 1
-0.289803 -0.719875 -1
-0.455446 -0.320545 1
-0.794650 -0.839033 -1
-0.004593 -0.623424 -1
-0.462254 -0.601267 -1
-0.833576 -0.279373 -1
-0.234483 -0.472163 1
-0.411278 -0.066312 1
-0.709442 -0.908865 1
-0.874334 -0.109279 -1
-0.168206 -0.435324 -1
-0.599168 -0.252708 1
-0.005715 -0.295806 -1
-0.613301 -0.532946 -1
-0.806668 -0.925894 -1
-0.265787 -0.886925 -1
-0.115145 -0.834085 -1
-0.283555 -0.332907 -1
-0.761397 -0.206018 -1
-0.759398 -0.933634 -1
-0.141220 -0.198063 1
-0.724507 -0.401248 1
-0.698280 -0.270325 1
0.719189 0.081049 -1
0.871536 0.940744 1
0.608816 0.669381 -1
0.113716 0.028226 -1
0.367156 0.289736 -1
0.140349 0.114832 -1
0.727910 0.121772 1
0.860848 0.160409 1
0.675969 0.983748 -1
0.283286 0.969184 -1
0.341545 0.625213 -1
0.184940 0.124678 -1
0.512086 0.068324 -1
0.624638 0.833010 1
0.614033 0.012004 -1
0.925230 0.101669 1
0.696296 0.857891 -1
0.386388 0.159886 1
0.254278 0.429065 1
0.867636 0.913277 -1
0.671772 0.178620 1
0.019856 0.336042 1
0.070040 0.659638 -1
0.408784 0.154346 -1
0.061574 0.926031 -1
0.675676 0.521751 -1
0.224830 0.410729 -1
0.859082 0.243777 -1
0.155079 0.150495 1
0.100736 0.447257 -1
0.422947 0.626120 -1
0.344897 0.513185 -1
0.826638 0.190169 -1
0.987240 0.238895 1
0.384807 0.090560 -1
0.229873 0.556730 1
0.296133 0.195132 1
0.869686 0.092777 -1
0.212618 0.384233 -1
0.587233 0.948583 -1
0.907001 0.960733 -1
0.269987 0.937718 -1
0.993647 0.139066 1
0.268375 0.184818 1
0.277397 0.511066 -1
0.799625 0.182786 -1
0.925884 0.570893 1
0.138323 0.641782 -1
0.235079 0.686429 1
0.592099 0.501370 1
0.983856 0.140433 1
0.730994 0.673013 -1
0.558411 0.646688 -1
0.252616 0.344407 -1
0.416249 0.205778 1
0.250258 0.974622 -1
0.081340 0.624962 -1
0.680085 0.373469 -1
0.957757 0.428252 1
0.902980 0.285030 -1
0.813741 0.752442 1
0.237286 0.808207 1
0.829814 0.397611 1
0.960208 0.995391 -1
0.373304 0.990674 -1
0.005837 0.593986 -1
0.037088 0.561302 1
0.028181 0.327524 -1
0.863740 0.800688 -1
0.163714 0.274702 -1
0.719579 0.748935 1
0.844859 0.582741 1
0.460763 0.085669 -1
0.150259 0.381345 -1
0.507542 0.380040 1
0.943760 0.753272 -1
0.351368 0.040484 1
0.340987 0.341830 1
0.609535 0.344158 -1
0.060420 0.280178 1
0.568024 0.747441 -1
0.642238 0.880076 -1
0.114882 0.449897 -1
0.326793 0.386789 1
0.614902 0.093732 -1
0.068370 0.997859 1
0.702925 0.530480 1
0.269590 0.587358 -1
0.872011 0.691764 -1
0.443325 0.416554 -1
0.072917 0.225180 -1
0.216446 0.425761 1
0.547333 0.156862 1
0.412981 0.520085 -1
0.955918 0.497749 -1
0.819640 0.131129 -1
0.992618 0.165936 -1
0.879857 0.259434 -1
0.747012 0.037746 -1
0.759848 0.871589 1
0.001946 0.601108 -1
0.284306 0.038101 -1
0.461518 0.578470 -1
0.159452 0.571877 -1
0.025832 0.725496 -1
0.313905 0.892028 -1
0.736687 0.471745 1
0.091037 0.116030 -1
0.348615 0.985935 -1
0.845665 0.854517 -1
0.983492 0.922577 -1
0.520282 0.130646 -1
0.490723 0.315212 -1
0.158663 0.386630 -1
0.453896 0.767303 1
0.018497 0.866065 1
0.071365 0.430377 -1
0.327057 0.058096 -1
0.911792 0.777939 -1
0.383093 0.740770 -1
0.348608 0.397215 -1
0.599958 0.028519 -1
0.884555 0.227901 -1
0.106800 0.727034 -1
0.876734 0.073351 -1
0.927980 0.784501 1
0.165079 0.234041 -1
0.109136 0.954560 1
0.562687 0.889284 -1
0.709378 0.228158 -1
0.672693 0.166800 -1
0.906420 0.238239 -1
0.625558 0.295010 -1
0.454394 0.489427 -1
0.413877 0.929641 -1
0.773556 0.981142 1
0.407178 0.295212 -1
0.531318 0.031323 1
0.923027 0.906259 1
0.375101 0.687952 -1
0.554249 0.460538 1
0.514523 0.678634 -1
0.672285 0.275445 -1
0.426117 0.172413 1
0.654382 0.422873 1
0.315500 0.812778 -1
0.400460 0.010839 1
0.193999 0.016540 1
0.443300 0.244613 -1
0.071562 0.079701 -1
0.863506 0.030825 -1
0.114807 0.526160 -1
0.510309 0.659689 -1
0.742212 0.308950 -1
0.262872 0.558837 1
0.883280 0.583297 -1
0.565223 0.939400 -1
0.145650 0.198851 -1
0.462764 0.479843 -1
0.257762 0.903966 -1
0.785774 0.264816 1
0.786550 0.637865 -1
0.559145 0.141630 -1
0.802441 0.576640 -1
0.947078 0.671514 1
0.633567 0.684944 -1
0.367406 0.728683 1
0.455566 0.490551 -1
0.438559 0.968667 1
0.714501 0.677898 -1
0.224378 0.119709 -1
0.927483 0.116531 -1
0.105261 0.042643 -1
0.059355 0.835194 -1
0.997418 0.095655 -1
0.988401 0.964270 -1
0.686012 0.589764 1
0.890209 0.781081 -1
0.138196 0.515515 -1
0.963174 0.895483 -1
0.265472 0.220659 -1
0.364110 0.978756 1
0.581705 0.198734 -1
0.180798 0.619249 -1
0.985366 0.039174 -1
0.082692 0.347458 1
0.842434 0.237583 -1
0.800384 0.656089 1
0.384863 0.891076 1
0.821927 0.987171 -1
0.679704 0.775953 -1
0.883740 0.736266 1
0.951448 0.369390 -1
0.319910 0.674098 -1
0.614143 0.330251 -1
0.788432 0.826683 -1
0.706180 0.445851 -1
0.906751 0.711343 -1
0.960294 0.360726 -1
0.241492 0.085793 -1
0.493234 0.919168 -1
0.680506 0.655392 -1
0.628636 0.211220 -1
0.539703 0.272462 1
0.724294 0.740049 -1
0.336682 0.017779 1
0.519930 0.704151 -1
0.797226 0.981187 1
0.617059 0.856650 -1
0.359754 0.474516 -1
0.241574 0.245501 -1
0.614839 0.703101 -1
0.473116 0.355697 -1
0.409819 0.264283 1
0.959888 0.299731 1
0.133745 0.548886 -1
0.669974 0.678854 -1
0.864596 0.002996 -1
0.770496 0.170199 -1
0.934336 0.254258 -1
0.017802 0.357891 -1
0.436154 0.856136 -1
0.737965 0.377463 -1
0.328864 0.482304 1
0.496579 0.828400 1
0.832812 0.028600 1
0.257654 0.597210 -1
0.676368 0.967824 1
0.255960 0.615603 -1
0.996956 0.335602 -1
0.143673 0.209126 -1
0.007305 0.714089 1
0.697185 0.605333 1
0.534909 0.439974 1
0.360302 0.838626 1
0.914347 0.061609 -1
0.830258 0.271863 1
0.046086 0.224211 -1
0.143896 0.582494 1
0.073416 0.663310 -1
0.181904 0.769380 -1
0.805828 0.563594 -1
0.982610 0.607203 -1
0.904436 0.955518 -1
0.240937 0.802214 -1
0.822663 0.785411 -1
0.401238 0.931006 -1
0.592845 0.076152 1
0.560172 0.565915 -1
0.197605 0.579457 -1
