-0.286208 0.572254 1
-0.675428 0.356123 1
-0.661567 0.779667 1
-0.620007 0.318541 1
-0.171256 0.408698 1
-0.567455 0.232486 1
-0.128323 0.673487 -1
-0.767843 0.362354 1
-0.050391 0.505368 1
-0.891564 0.034705 1
-0.926365 0.096662 1
-0.088399 0.469071 1
-0.446917 0.954499 1
-0.860132 0.004172 1
-0.816934 0.118294 1
-0.368148 0.444017 1
-0.327698 0.592897 1
-0.495288 0.437656 1
-0.046844 0.263496 1
-0.993123 0.987299 1
-0.454665 0.488882 1
-0.872760 0.051419 1
-0.462617 0.024677 1
-0.059375 0.617354 1
-0.344792 0.252640 1
-0.714542 0.346797 1
-0.053468 0.777036 1
-0.036769 0.282222 -1
-0.674977 0.925280 1
-0.573561 0.450600 1
-0.153285 0.942181 -1
-0.558312 0.829114 1
-0.519258 0.730788 1
-0.766749 0.191144 1
-0.275374 0.324795 1
-0.945550 0.089431 1
-0.214402 0.646054 1
-0.318109 0.351391 1
-0.133010 0.677484 1
-0.582357 0.139263 -1
-0.834154 0.880171 1
-0.553164 0.152055 1
-0.249188 0.326516 1
-0.886433 0.419187 1
-0.859384 0.412892 1
-0.554017 0.598516 1
-0.800289 0.478401 -1
-0.991324 0.082433 -1
-0.252669 0.170289 1
-0.190487 0.272152 -1
-0.181541 0.484293 -1
-0.212088 0.487886 1
-0.909937 0.610292 1
-0.363710 0.204616 1
-0.180668 0.698722 1
-0.246493 0.670066 1
-0.192061 0.090142 1
-0.090410 0.344827 1
-0.848898 0.235528 1
-0.785782 0.869102 -1
-0.306474 0.234462 1
-0.964039 0.011946 1
-0.180397 0.034633 1
-0.441036 0.509413 1
-0.416134 0.471663 1
-0.823557 0.348438 1
-0.482486 0.031369 1
-0.184083 0.011546 1
-0.293619 0.041693 1
-0.830851 0.149911 1
-0.775462 0.860147 1
-0.253564 0.573112 1
-0.326744 0.594311 1
-0.941330 0.429300 -1
-0.251724 0.864585 1
-0.494828 0.561740 1
-0.063067 0.495121 -1
-0.466310 0.240168 -1
-0.574572 0.989704 -1
-0.954283 0.531365 1
-0.233775 0.967451 1
-0.768787 0.818140 1
-0.112026 0.224603 1
-0.791811 0.915776 -1
-0.069812 0.791292 1
-0.144070 0.412081 1
-0.085216 0.773013 -1
-0.442210 0.214841 1
-0.002654 0.270130 -1
-0.244760 0.644929 1
-0.904478 0.029268 1
-0.844607 0.583557 1
-0.954186 0.462435 1
-0.447099 0.882876 1
-0.389158 0.507935 1
-0.106435 0.050730 1
-0.018686 0.702301 1
-0.773104 0.327995 1
-0.878418 0.916868 1
-0.684444 0.667988 -1
-0.937546 0.971374 1
-0.513029 0.220090 1
-0.489309 0.318878 1
-0.764887 0.888104 1
-0.666690 0.593076 1
-0.365672 0.080751 1
-0.385070 0.641360 1
-0.966594 0.637924 1
-0.095746 0.779353 1
-0.958134 0.111187 1
-0.536525 0.452400 1
-0.935049 0.431718 1
-0.257020 0.005074 1
-0.844012 0.701022 -1
-0.642063 0.232005 1
-0.824552 0.896797 1
-0.173865 0.850551 1
-0.540927 0.550895 1
-0.705515 0.691168 1
-0.482585 0.921690 1
-0.207166 0.027135 1
-0.610156 0.077676 1
-0.359515 0.818285 1
-0.769884 0.342880 -1
-0.200939 0.703527 1
-0.135048 0.702463 1
-0.487132 0.565089 -1
-0.115524 0.820425 1
-0.543379 0.163901 1
-0.878146 0.223241 1
-0.958894 0.627691 1
-0.085325 0.521018 1
-0.684036 0.678198 1
-0.717868 0.442409 1
-0.351088 0.887392 1
-0.743790 0.625256 1
-0.622230 0.444939 1
-0.242570 0.220986 -1
-0.266768 0.743907 -1
-0.017115 0.806795 1
-0.609637 0.199196 1
-0.995066 0.922924 1
-0.844916 0.545442 1
-0.993228 0.115907 1
-0.329425 0.801358 -1
-0.617107 0.902168 1
-0.762776 0.148341 1
-0.085555 0.272966 -1
-0.178942 0.881111 -1
-0.892621 0.963561 1
-0.596285 0.878973 1
-0.651202 0.342089 1
-0.393423 0.115175 1
-0.653191 0.345218 1
-0.314375 0.499214 -1
-0.292887 0.529568 1
-0.906574 0.765170 -1
-0.647096 0.187912 1
-0.178805 0.927502 1
-0.963589 0.386678 -1
-0.457952 0.577458 1
-0.092262 0.300586 -1
-0.277143 0.729100 -1
-0.285492 0.482883 -1
-0.126296 0.078835 1
-0.069954 0.301857 1
-0.750965 0.245956 -1
-0.434513 0.029743 1
-0.095746 0.517048 1
-0.904718 0.881873 1
-0.878455 0.631609 1
-0.077797 0.514844 1
-0.476138 0.168740 1
-0.744121 0.298047 1
-0.927773 0.831468 1
-0.351913 0.924141 1
-0.231030 0.288022 -1
-0.726832 0.083293 1
-0.028582 0.439037 1
-0.034697 0.304901 1
-0.770385 0.072306 1
-0.627891 0.127186 1
-0.440063 0.190160 1
-0.450975 0.290822 1
-0.648760 0.724291 1
-0.970414 0.305891 1
-0.094271 0.151671 1
-0.335857 0.008875 -1
-0.468517 0.748921 1
-0.250904 0.999762 1
-0.870787 0.520781 -1
-0.928933 0.407138 1
-0.965791 0.905277 1
-0.906795 0.901688 1
-0.183684 0.699369 1
-0.360461 0.955321 -1
-0.328697 0.993674 1
-0.972819 0.757575 1
-0.118655 0.469552 1
-0.175105 0.695616 1
-0.990143 0.455106 1
-0.129890 0.335655 1
-0.975328 0.257969 1
-0.365074 0.483984 1
-0.161607 0.543759 1
-0.798337 0.224801 1
-0.304367 0.449607 1
-0.252827 0.858236 1
-0.718398 0.082055 1
-0.626366 0.176559 1
-0.424057 0.880313 -1
-0.297864 0.653499 1
-0.009393 0.705657 1
-0.554439 0.440460 1
-0.299437 0.567666 1
-0.203453 0.257723 1
-0.989545 0.765807 1
-0.080966 0.635660 1
-0.994968 0.941515 1
-0.204127 0.605318 -1
-0.710042 0.535698 1
-0.125578 0.661765 1
-0.700409 0.318514 -1
-0.538981 0.160997 1
-0.109586 0.594122 1
-0.490391 0.887727 1
-0.831206 0.382762 1
-0.390274 0.462218 1
-0.272678 0.418872 1
-0.135574 0.290119 -1
-0.808982 0.922821 1
-0.023149 0.318517 1
-0.029211 0.346581 1
-0.552292 0.211397 1
-0.366451 0.066196 -1
-0.927014 0.307715 1
-0.560259 0.878627 1
-0.814886 0.623563 1
-0.554201 0.955391 -1
-0.085903 0.613028 1
-0.372715 0.493061 1
-0.562011 0.793481 1
-0.459196 0.776601 1
-0.338360 0.428136 1
-0.701034 0.563720 -1
-0.736832 0.956045 -1
-0.239823 0.790434 1
-0.715881 0.053478 1
-0.273437 0.707912 1
-0.855515 0.483001 -1
0.553952 -0.353226 1
0.981479 -0.456277 -1
0.960289 -0.576638 1
0.419191 -0.113225 1
0.653950 -0.465862 1
0.913046 -0.289261 1
0.053946 -0.210723 1
0.359348 -0.475754 1
0.975387 -0.152406 -1
0.041895 -0.053506 1
0.084726 -0.533540 1
0.442694 -0.341393 1
0.014544 -0.946882 1
0.271760 -0.300503 1
0.314330 -0.783081 1
0.549403 -0.790023 1
0.794681 -0.804316 1
0.748837 -0.622169 -1
0.596531 -0.911669 1
0.020241 -0.742957 1
0.148543 -0.201512 1
0.254064 -0.983245 1
0.888741 -0.182749 1
0.412211 -0.149719 1
0.068889 -0.721988 1
0.074371 -0.100029 1
0.833393 -0.644665 1
0.466981 -0.301853 -1
0.144236 -0.311782 1
0.983777 -0.842436 1
0.046423 -0.295947 1
0.958954 -0.175709 1
0.973078 -0.134271 1
0.932790 -0.291590 1
0.438627 -0.814153 1
0.071866 -0.204857 -1
0.669976 -0.734457 1
0.872121 -0.605293 -1
0.332165 -0.595072 1
0.395044 -0.572509 1
0.921473 -0.103023 -1
0.122180 -0.933695 1
0.304502 -0.710259 1
0.546129 -0.261065 -1
0.459355 -0.456699 1
0.883426 -0.406338 -1
0.903144 -0.601278 1
0.940298 -0.471515 1
0.396370 -0.540634 1
0.986568 -0.785523 1
0.743216 -0.164511 1
0.719600 -0.814648 1
0.747274 -0.050734 -1
0.116951 -0.321502 1
0.637199 -0.509525 1
0.304462 -0.374900 1
0.992106 -0.940001 1
0.259894 -0.991071 -1
0.243331 -0.026031 1
0.938350 -0.500308 1
0.483916 -0.799739 1
0.927145 -0.353497 1
0.854286 -0.558693 1
0.693128 -0.286546 1
0.022445 -0.604543 1
0.210031 -0.757366 1
0.492976 -0.608709 1
0.917791 -0.502764 1
0.175710 -0.153138 1
0.625701 -0.258443 1
0.677956 -0.966113 1
0.899884 -0.532749 -1
0.775245 -0.873454 1
0.870769 -0.957843 1
0.848955 -0.780915 1
0.711627 -0.276753 1
0.312280 -0.897369 1
0.044201 -0.974356 1
0.357659 -0.669249 1
0.705382 -0.209878 1
0.959859 -0.820658 1
0.742330 -0.526472 -1
0.603676 -0.658595 1
0.980882 -0.404590 -1
0.283309 -0.327908 1
0.140529 -0.794228 1
0.458247 -0.507373 1
0.324736 -0.814269 1
0.946274 -0.378713 1
0.362813 -0.797885 1
0.155280 -0.550056 1
0.893828 -0.701595 1
0.047696 -0.121715 1
0.722452 -0.908516 1
0.864451 -0.649415 1
0.073722 -0.659840 1
0.406502 -0.678976 -1
0.979142 -0.903531 1
0.058003 -0.400528 1
0.936726 -0.292014 1
0.611636 -0.743152 1
0.376578 -0.435703 -1
0.497692 -0.603124 1
0.866310 -0.515801 1
0.525244 -0.008742 1
0.906179 -0.759758 -1
0.208049 -0.193636 1
0.282725 -0.622748 1
0.156991 -0.156652 1
0.228946 -0.304478 1
0.694814 -0.364396 -1
0.487156 -0.873287 -1
0.347575 -0.021448 1
0.390227 -0.751265 -1
0.437535 -0.389643 -1
0.678576 -0.578938 1
0.591643 -0.988473 1
0.476240 -0.676745 1
0.455081 -0.904168 -1
0.793898 -0.322588 1
0.314187 -0.006985 -1
0.816389 -0.899850 -1
0.954588 -0.955195 1
0.110558 -0.658114 1
0.357108 -0.422544 1
0.177659 -0.603051 -1
0.830312 -0.887819 1
0.503300 -0.693966 1
0.645499 -0.100814 -1
0.998670 -0.516395 1
0.609056 -0.227546 1
0.135719 -0.050917 -1
0.872000 -0.317599 -1
0.656314 -0.630749 1
0.663325 -0.978084 1
0.934572 -0.382357 -1
0.712358 -0.985957 -1
0.799022 -0.458523 -1
0.880977 -0.107556 1
0.370210 -0.586227 1
0.165621 -0.243532 1
0.577806 -0.514700 -1
0.991624 -0.956274 1
0.170504 -0.985820 1
0.703093 -0.870726 1
0.256451 -0.082618 1
0.282590 -0.442887 1
0.524217 -0.508805 1
0.577089 -0.245001 -1
0.357808 -0.654293 1
0.220393 -0.686349 1
0.129427 -0.810598 1
0.668824 -0.729782 1
0.738412 -0.285961 1
0.195104 -0.540136 -1
0.866650 -0.010366 1
0.969921 -0.027506 1
0.312310 -0.889113 1
0.419498 -0.930544 1
0.015905 -0.812472 1
0.305057 -0.985916 1
0.896678 -0.945960 -1
0.317677 -0.952774 -1
0.684693 -0.559991 1
0.683030 -0.677303 1
0.750412 -0.068929 1
0.858603 -0.534546 1
0.996109 -0.574824 1
0.077376 -0.450001 1
0.939504 -0.606410 1
0.556912 -0.311359 1
0.248409 -0.200738 1
0.688924 -0.029385 1
0.083157 -0.102829 1
0.955212 -0.948456 1
0.277236 -0.691612 -1
0.996696 -0.538268 -1
0.460244 -0.370869 -1
0.175487 -0.906790 -1
0.265001 -0.348814 1
0.361934 -0.673107 1
0.712003 -0.035450 -1
0.304309 -0.963451 1
0.574075 -0.244104 -1
0.586411 -0.759977 1
0.858000 -0.971213 1
0.011228 -0.438630 1
0.247855 -0.020879 1
0.770178 -0.602653 1
0.794565 -0.821519 -1
0.678451 -0.466676 -1
0.194203 -0.702920 1
0.783693 -0.249129 1
0.562284 -0.427185 1
0.081403 -0.415060 1
0.664888 -0.022313 -1
0.439910 -0.994867 1
0.038215 -0.738670 1
0.021131 -0.784897 1
0.395674 -0.005201 1
0.865447 -0.779874 1
0.948768 -0.891391 -1
0.297429 -0.931894 -1
0.844192 -0.778858 1
0.717153 -0.970977 1
0.138417 -0.339558 1
0.492762 -0.354094 -1
0.558982 -0.934708 1
0.581338 -0.431351 1
0.120924 -0.560635 1
0.470156 -0.936464 1
0.886180 -0.491881 -1
0.699725 -0.905101 -1
0.523377 -0.297645 1
0.296558 -0.068999 1
0.197297 -0.689046 1
0.372456 -0.804376 1
0.774673 -0.659424 -1
0.437221 -0.596021 1
0.905962 -0.973175 1
0.499399 -0.835419 1
0.276638 -0.681368 1
0.662036 -0.981563 -1
0.381784 -0.040241 1
0.350096 -0.800168 1
0.750518 -0.384066 1
0.067647 -0.128001 -1
0.472002 -0.501351 1
0.050807 -0.062608 1
0.922609 -0.955225 1
0.642086 -0.910736 1
0.496060 -0.254988 1
0.504373 -0.402590 1
0.580482 -0.638337 1
0.715669 -0.107821 1
0.444395 -0.491188 -1
0.190592 -0.684195 1
0.332570 -0.175949 1
0.191337 -0.796402 -1
0.523526 -0.137280 -1
0.216635 -0.913297 1
0.178631 -0.534824 1
0.735752 -0.221718 1
0.358551 -0.774866 -1
0.187552 -0.438835 1
0.977874 -0.581790 1
0.677507 -0.984364 1
0.045590 -0.581234 1
0.774671 -0.629747 1
0.771404 -0.503313 1
-0.619850 -0.433887 -1
-0.907463 -0.613389 1
-0.077494 -0.569017 -1
-0.667724 -0.603836 1
-0.474852 -0.390799 1
-0.287333 -0.285585 -1
-0.041242 -0.201056 -1
-0.556077 -0.733244 -1
-0.305767 -0.323079 -1
-0.612570 -0.870927 -1
-0.691147 -0.146225 -1
-0.949164 -0.655749 -1
-0.891921 -0.953481 1
-0.273952 -0.459310 1
-0.103606 -0.876172 -1
-0.151909 -0.454979 -1
-0.529818 -0.603542 -1
-0.452332 -0.109385 -1
-0.772505 -0.782420 1
-0.737072 -0.914280 -1
-0.151783 -0.405218 -1
-0.099226 -0.456322 -1
-0.994019 -0.556470 -1
-0.666265 -0.414160 -1
-0.735288 -0.808551 -1
-0.658304 -0.893997 -1
-0.032001 -0.441381 -1
-0.687104 -0.440116 -1
-0.830786 -0.936128 -1
-0.782541 -0.571815 -1
-0.614838 -0.960296 -1
-0.436364 -0.170059 -1
-0.075194 -0.146421 -1
-0.515373 -0.994205 -1
-0.179119 -0.891866 -1
-0.315716 -0.013788 1
-0.827700 -0.264277 -1
-0.159065 -0.277879 -1
-0.344636 -0.304556 -1
-0.360334 -0.655644 -1
-0.247518 -0.995191 -1
-0.327476 -0.648106 -1
-0.127812 -0.518542 -1
-0.397228 -0.626077 -1
-0.925535 -0.103415 -1
-0.231823 -0.458472 -1
-0.230838 -0.747545 -1
-0.684623 -0.956892 -1
-0.683016 -0.933793 -1
-0.963072 -0.494702 -1
-0.471851 -0.205259 -1
-0.567362 -0.584331 -1
-0.501827 -0.393176 -1
-0.879320 -0.513213 -1
-0.759917 -0.202989 -1
-0.839709 -0.099881 -1
-0.543105 -0.221005 1
-0.055421 -0.184870 -1
-0.780790 -0.312878 -1
-0.310611 -0.668268 -1
-0.854697 -0.816243 -1
-0.865981 -0.318484 -1
-0.280562 -0.263443 -1
-0.023479 -0.652848 -1
-0.338045 -0.857404 1
-0.164907 -0.148412 -1
-0.768680 -0.963732 -1
-0.292684 -0.396995 -1
-0.677644 -0.557192 -1
-0.108707 -0.597644 -1
-0.183980 -0.268958 -1
-0.620341 -0.154773 1
-0.394272 -0.059944 -1
-0.139036 -0.213902 -1
-0.628149 -0.877719 -1
-0.233188 -0.399917 -1
-0.206763 -0.232003 -1
-0.563011 -0.424624 -1
-0.425672 -0.306318 1
-0.912530 -0.898623 -1
-0.508954 -0.401838 1
-0.592115 -0.524536 -1
-0.102835 -0.325610 -1
-0.382388 -0.055887 -1
-0.817425 -0.610297 -1
-0.712263 -0.157038 -1
-0.951446 -0.073048 -1
-0.613515 -0.135155 -1
-0.751244 -0.700472 -1
-0.592717 -0.266787 -1
-0.023186 -0.684465 -1
-0.740572 -0.695232 -1
-0.498771 -0.313523 1
-0.280195 -0.984467 -1
-0.460317 -0.371345 1
-0.165617 -0.940974 1
-0.025535 -0.968636 -1
-0.914358 -0.222603 -1
-0.706135 -0.409025 1
-0.648877 -0.788814 -1
-0.552342 -0.206946 -1
-0.671188 -0.435232 -1
-0.112059 -0.988614 -1
-0.423021 -0.336871 1
-0.483356 -0.330758 -1
-0.910731 -0.834138 -1
-0.844582 -0.980231 -1
-0.992306 -0.171011 -1
-0.321048 -0.262126 -1
-0.571601 -0.732040 1
-0.491929 -0.883003 -1
-0.999952 -0.892463 -1
-0.056010 -0.895513 -1
-0.301067 -0.565360 -1
-0.911519 -0.981818 -1
-0.624114 -0.027704 -1
-0.938144 -0.857304 -1
-0.796203 -0.538828 1
-0.909683 -0.206781 -1
-0.802183 -0.276184 -1
-0.364036 -0.345763 -1
-0.243460 -0.841988 -1
-0.227715 -0.890844 -1
-0.993546 -0.750909 -1
-0.413199 -0.976174 -1
-0.378749 -0.454827 -1
-0.841804 -0.817927 -1
-0.774380 -0.936334 -1
-0.905498 -0.343727 1
-0.465390 -0.249448 -1
-0.441512 -0.588403 -1
-0.005940 -0.072822 -1
-0.849481 -0.675750 -1
-0.025036 -0.794396 -1
-0.753654 -0.056298 -1
-0.053498 -0.344427 -1
-0.877192 -0.019849 -1
-0.909680 -0.205135 -1
-0.101901 -0.696953 -1
-0.689967 -0.631996 -1
-0.859478 -0.084285 -1
-0.407764 -0.170182 1
-0.076822 -0.061312 1
-0.094964 -0.407267 -1
-0.506369 -0.778757 -1
-0.581116 -0.297018 1
-0.976629 -0.653238 -1
-0.520708 -0.412409 -1
-0.150913 -0.447877 -1
-0.319492 -0.096876 1
-0.158330 -0.640144 -1
-0.784308 -0.697543 -1
-0.745152 -0.204633 -1
-0.734999 -0.646350 -1
-0.652108 -0.630475 -1
-0.610803 -0.668836 1
-0.677168 -0.174972 -1
-0.963305 -0.898995 1
-0.402560 -0.116684 -1
-0.250929 -0.683504 -1
-0.796648 -0.038476 -1
-0.720969 -0.087564 1
-0.702794 -0.600686 -1
-0.271964 -0.509972 -1
-0.718116 -0.843198 1
-0.682367 -0.022941 -1
-0.270515 -0.795228 1
-0.010457 -0.514866 -1
-0.661057 -0.614588 1
-0.645535 -0.214792 -1
-0.306174 -0.915741 -1
-0.377576 -0.422216 -1
-0.517763 -0.852842 -1
-0.853017 -0.717380 -1
-0.781151 -0.247090 -1
-0.593008 -0.552025 -1
-0.920607 -0.211191 -1
-0.446701 -0.118685 -1
-0.775256 -0.596556 -1
-0.368810 -0.371248 -1
-0.092333 -0.287535 -1
-0.118682 -0.122323 -1
-0.507225 -0.688689 -1
-0.470956 -0.529780 -1
-0.282604 -0.466105 -1
-0.497173 -0.393373 -1
-0.989504 -0.508033 1
-0.756045 -0.035042 -1
-0.721549 -0.076618 -1
-0.322470 -0.147471 -1
-0.859093 -0.363102 -1
-0.725777 -0.249678 -1
-0.324127 -0.932372 -1
-0.408519 -0.228972 -1
-0.115653 -0.131783 -1
-0.872983 -0.281981 -1
-0.469257 -0.960253 1
-0.184287 -0.705120 1
-0.079229 -0.448978 -1
-0.461829 -0.371647 1
-0.158207 -0.267531 -1
-0.952800 -0.657056 1
-0.773446 -0.119333 -1
-0.588319 -0.457786 -1
-0.147552 -0.246296 -1
-0.307077 -0.393885 1
-0.467216 -0.165188 1
-0.505264 -0.717730 1
-0.559159 -0.599927 -1
-0.279527 -0.034644 -1
-0.692020 -0.242567 -1
-0.773700 -0.595966 -1
-0.940972 -0.722868 -1
-0.286957 -0.556313 -1
-0.149952 -0.817096 -1
-0.598833 -0.092376 -1
-0.333809 -0.014275 -1
-0.117218 -0.364069 -1
-0.118299 -0.120791 -1
-0.048138 -0.024893 1
-0.786903 -0.626285 -1
-0.578373 -0.153599 -1
-0.232706 -0.822187 -1
-0.120406 -0.000774 -1
-0.741779 -0.487242 1
-0.526548 -0.441523 -1
-0.247590 -0.722556 1
-0.045914 -0.150540 -1
-0.977993 -0.005771 -1
-0.585566 -0.611970 1
-0.218158 -0.228950 -1
-0.824896 -0.273754 -1
-0.772954 -0.687998 -1
-0.724533 -0.015582 -1
-0.442374 -0.699781 -1
-0.056824 -0.425883 -1
-0.946597 -0.133469 -1
-0.301478 -0.791998 -1
-0.261720 -0.998217 -1
-0.074103 -0.895644 -1
-0.943328 -0.603515 -1
-0.681030 -0.965618 -1
-0.308505 -0.159303 1
-0.365672 -0.943795 -1
-0.315437 -0.508345 -1
-0.057750 -0.538937 1
-0.285136 -0.633905 -1
-0.609441 -0.880035 -1
-0.347647 -0.912727 1
-0.780432 -0.899411 -1
0.400507 0.580319 -1
0.764820 0.295562 -1
0.330064 0.598971 -1
0.430525 0.408263 -1
0.205582 0.096780 -1
0.115866 0.419718 -1
0.495125 0.943252 -1
0.467365 0.074761 -1
0.201321 0.850793 1
0.791306 0.341534 1
0.665017 0.611032 -1
0.302309 0.600937 -1
0.700249 0.706652 -1
0.644868 0.695130 1
0.731863 0.804112 -1
0.866731 0.773686 -1
0.513324 0.557913 -1
0.125444 0.555895 -1
0.623529 0.045678 -1
0.532961 0.490723 -1
0.058081 0.571930 -1
0.489318 0.326949 -1
0.849403 0.476542 -1
0.399324 0.900514 1
0.438824 0.236901 -1
0.776424 0.406667 -1
0.153621 0.223613 -1
0.869393 0.755523 -1
0.361025 0.538111 -1
0.604438 0.851371 -1
0.461780 0.678629 -1
0.837440 0.169916 -1
0.005044 0.134199 -1
0.278755 0.201298 1
0.420585 0.400330 -1
0.151041 0.455448 1
0.591397 0.171476 -1
0.961596 0.590188 -1
0.571409 0.035055 -1
0.401617 0.710762 -1
0.128426 0.359428 -1
0.201513 0.293846 -1
0.731107 0.958988 -1
0.865878 0.695459 -1
0.741293 0.322561 1
0.083952 0.709607 -1
0.373872 0.535915 -1
0.848474 0.269884 -1
0.202292 0.112848 -1
0.423251 0.352905 -1
0.874285 0.568202 -1
0.075327 0.852326 -1
0.769602 0.075345 1
0.228884 0.429159 1
0.739072 0.105065 -1
0.919717 0.037487 -1
0.727609 0.761924 -1
0.174948 0.527611 -1
0.970904 0.263670 1
0.630593 0.157157 -1
0.094777 0.121955 -1
0.887935 0.260257 1
0.095957 0.049960 1
0.148106 0.146519 -1
0.304637 0.221973 -1
0.645747 0.083412 -1
0.987822 0.318092 -1
0.889581 0.053449 -1
0.365251 0.665640 -1
0.147915 0.524104 -1
0.480437 0.129918 -1
0.180175 0.299609 -1
0.259822 0.809157 -1
0.881274 0.181810 -1
0.936721 0.261014 -1
0.478132 0.776551 -1
0.039078 0.901965 -1
0.289841 0.555671 1
0.054300 0.157630 -1
0.871959 0.662246 -1
0.039309 0.235299 -1
0.173475 0.090804 1
0.481903 0.484954 -1
0.415551 0.706400 -1
0.904476 0.658884 1
0.228895 0.366263 -1
0.793986 0.160557 -1
0.790773 0.241315 -1
0.999405 0.701824 -1
0.937998 0.955063 -1
0.323898 0.147752 -1
0.686787 0.814401 -1
0.455741 0.623417 -1
0.391720 0.804916 1
0.791186 0.902259 -1
0.103760 0.634326 -1
0.383780 0.828626 -1
0.425804 0.960347 -1
0.019035 0.520468 -1
0.674352 0.825567 -1
0.342172 0.291065 -1
0.172472 0.184866 1
0.595299 0.637312 1
0.531223 0.576616 -1
0.326893 0.804713 -1
0.722598 0.402724 1
0.384599 0.201597 1
0.760907 0.365670 -1
0.441658 0.596102 -1
0.695140 0.003269 -1
0.726308 0.522659 -1
0.822188 0.403213 1
0.722909 0.318304 -1
0.444071 0.136222 -1
0.702256 0.443331 -1
0.344439 0.163107 1
0.680479 0.115315 -1
0.767236 0.834298 -1
0.793879 0.601213 -1
0.045042 0.845018 -1
0.481075 0.089122 -1
0.313090 0.476525 -1
0.039144 0.278203 -1
0.779887 0.667841 -1
0.302019 0.540280 -1
0.656376 0.954165 -1
0.217706 0.621715 -1
0.054591 0.225176 -1
0.283151 0.074900 -1
0.801455 0.614720 1
0.908512 0.079511 1
0.593861 0.147859 1
0.219296 0.770762 -1
0.407884 0.582461 -1
0.777057 0.336843 -1
0.796736 0.913909 1
0.223819 0.514679 -1
0.554790 0.588416 -1
0.779903 0.903787 -1
0.444498 0.212086 -1
0.181580 0.695524 -1
0.123041 0.376858 -1
0.273437 0.989726 1
0.548195 0.457377 1
0.332468 0.233014 1
0.952813 0.098291 -1
0.542118 0.395679 1
0.827919 0.812545 -1
0.984305 0.465425 -1
0.978602 0.869966 -1
0.632561 0.516137 -1
0.254481 0.628632 -1
0.879753 0.279312 -1
0.415420 0.962979 -1
0.679823 0.693814 1
0.550906 0.214534 1
0.358282 0.051395 -1
0.595035 0.744155 -1
0.581886 0.394173 -1
0.674423 0.228367 -1
0.529187 0.527555 -1
0.120392 0.001627 1
0.134378 0.521172 -1
0.996541 0.307085 -1
0.825665 0.191456 -1
0.551964 0.131058 -1
0.247923 0.868202 1
0.884457 0.221443 -1
0.174342 0.861959 -1
0.962331 0.424081 -1
0.780974 0.744286 -1
0.353106 0.999401 -1
0.732026 0.870591 -1
0.077602 0.929568 -1
0.435091 0.490727 -1
0.981422 0.785153 -1
0.173517 0.113966 1
0.420859 0.531849 -1
0.057333 0.617164 -1
0.924757 0.819632 -1
0.129025 0.488566 1
0.737718 0.947674 -1
0.781734 0.790550 1
0.369464 0.130239 -1
0.767139 0.189747 -1
0.275756 0.397781 -1
0.037650 0.620712 -1
0.168584 0.752488 -1
0.897033 0.228429 -1
0.892656 0.769909 1
0.511816 0.396023 -1
0.397472 0.836293 -1
0.326081 0.350764 -1
0.862643 0.127336 1
0.717273 0.499561 -1
0.915283 0.465273 -1
0.395880 0.021822 1
0.336420 0.553492 1
0.240317 0.418549 -1
0.030748 0.990821 -1
0.660553 0.398984 -1
0.712590 0.435531 -1
0.842920 0.020279 -1
0.443143 0.305057 1
0.899822 0.477306 -1
0.571891 0.332106 -1
0.671588 0.859248 -1
0.420081 0.547718 -1
0.006733 0.562411 -1
0.484273 0.191103 -1
0.726856 0.557416 -1
0.433622 0.448650 -1
0.273049 0.199604 1
0.674437 0.366003 -1
0.084796 0.688265 -1
0.109870 0.719093 -1
0.207884 0.622115 1
0.250599 0.235167 -1
0.272743 0.646462 -1
0.506444 0.246236 -1
0.902254 0.222100 1
0.675066 0.904318 -1
0.450416 0.920222 -1
0.800033 0.416724 -1
0.407197 0.985843 -1
0.532667 0.314965 -1
0.856662 0.338297 -1
0.364576 0.602499 -1
0.642819 0.041190 -1
0.813535 0.585380 -1
0.155949 0.220507 1
0.213866 0.238498 -1
0.400433 0.842107 -1
0.691292 0.841945 -1
0.293796 0.988779 1
0.063890 0.576878 -1
0.654279 0.890342 1
0.624423 0.316153 1
0.174668 0.033016 1
0.245546 0.895717 -1
0.871563 0.097859 1
0.432959 0.769953 1
0.828668 0.335778 -1
0.151844 0.388285 -1
0.832334 0.167036 -1
0.693548 0.152302 -1
0.416900 0.250350 -1
0.890696 0.953117 -1
0.722677 0.625618 1
0.178779 0.166845 -1
