-0.513772 0.125516 1
-0.383853 0.308595 1
-0.467382 0.986418 1
-0.892642 0.422218 1
-0.880894 0.391158 1
-0.475802 0.538676 1
-0.987572 0.277573 1
-0.865958 0.138182 1
-0.904710 0.329013 1
-0.562527 0.764353 1
-0.850002 0.121883 1
-0.692472 0.772530 1
-0.477316 0.410995 1
-0.881548 0.630758 1
-0.004287 0.365157 1
-0.689527 0.116716 1
-0.224575 0.934152 1
-0.766844 0.897919 1
-0.878789 0.480047 1
-0.734098 0.423906 1
-0.577560 0.767147 1
-0.060258 0.488622 1
-0.912614 0.282706 1
-0.846863 0.157584 1
-0.214330 0.032053 1
-0.440998 0.494623 1
-0.560510 0.249773 1
-0.540826 0.521270 1
-0.904934 0.479722 1
-0.828727 0.358208 1
-0.949005 0.949777 1
-0.631003 0.551566 1
-0.949588 0.846816 1
-0.610647 0.123889 1
-0.873245 0.641751 1
-0.419567 0.087083 1
-0.343853 0.337606 1
-0.938169 0.179637 1
-0.510190 0.290410 1
-0.067070 0.521847 1
-0.676352 0.567585 1
-0.972022 0.699019 1
-0.609425 0.839454 1
-0.441475 0.706989 1
-0.706055 0.700025 1
-0.915631 0.696182 1
-0.644635 0.643721 1
-0.073300 0.004187 1
-0.281634 0.264423 1
-0.975136 0.758960 1
-0.505430 0.350070 1
-0.505965 0.428849 1
-0.490365 0.291463 1
-0.225968 0.166125 1
-0.072651 0.125478 1
-0.558292 0.485817 1
-0.326218 0.953039 1
-0.241074 0.193858 1
-0.466253 0.952707 1
-0.009835 0.556911 1
-0.796991 0.319577 1
-0.992260 0.156013 1
-0.768077 0.120973 1
-0.271456 0.195600 1
-0.528422 0.247458 1
-0.802292 0.281162 1
-0.260490 0.650938 1
-0.684120 0.836078 1
-0.111316 0.509525 1
-0.634290 0.403389 1
-0.210768 0.408694 1
-0.968282 0.404430 1
-0.750869 0.862645 1
-0.314558 0.478964 1
-0.641613 0.386348 1
-0.678275 0.686291 1
-0.783460 0.399842 1
-0.930880 0.628399 1
-0.697215 0.055652 1
-0.865307 0.545434 1
-0.047117 0.719282 1
-0.875922 0.541746 1
-0.400332 0.427150 1
-0.794380 0.698038 1
-0.810045 0.867387 1
-0.956401 0.144992 1
-0.500338 0.335153 1
-0.982900 0.298897 1
-0.759558 0.656127 1
-0.272994 0.909293 1
-0.422376 0.532201 1
-0.561101 0.326153 1
-0.095762 0.170547 1
-0.009344 0.674451 1
-0.668278 0.558055 1
-0.216250 0.268582 1
-0.909531 0.225532 1
-0.608179 0.721050 1
-0.337030 0.410572 1
-0.598974 0.285518 1
-0.871398 0.675776 1
-0.785016 0.387651 1
-0.727083 0.558135 1
-0.871467 0.074137 1
-0.298858 0.504726 1
-0.904798 0.310140 1
-0.697993 0.196640 1
-0.775719 0.211031 1
-0.194073 0.932605 1
-0.054199 0.527759 1
-0.837269 0.789250 1
-0.095323 0.338714 1
-0.381651 0.710683 1
-0.511287 0.084766 1
-0.827530 0.317330 1
-0.893256 0.049773 1
-0.461322 0.462394 1
-0.808206 0.454633 1
-0.747251 0.168939 1
-0.253005 0.000828 1
-0.647999 0.771308 1
-0.772483 0.583818 1
-0.679554 0.660942 1
-0.712691 0.092348 1
-0.253434 0.132543 1
-0.830473 0.539583 1
-0.347940 0.417197 1
-0.333237 0.955506 1
-0.030636 0.613540 1
-0.750482 0.103011 1
-0.155074 0.357451 1
-0.194944 0.226508 1
-0.731224 0.118361 1
-0.089924 0.809823 1
-0.509178 0.712579 1
-0.726770 0.049566 1
-0.615853 0.791573 1
-0.716471 0.682360 1
-0.551569 0.950110 1
-0.213595 0.384077 1
-0.369245 0.215555 1
-0.796377 0.381832 1
-0.863748 0.119693 1
-0.663501 0.670809 1
-0.237530 0.175498 1
-0.516950 0.334936 1
-0.591753 0.995843 1
-0.549980 0.612470 1
-0.554954 0.827933 1
-0.675111 0.352757 1
-0.073197 0.152099 1
-0.276913 0.706578 1
-0.039839 0.158506 1
-0.299181 0.760834 1
-0.960842 0.156892 1
-0.040432 0.112232 1
-0.477611 0.196877 1
-0.321861 0.205653 1
-0.268293 0.930076 1
-0.262168 0.554141 1
-0.905337 0.469784 1
-0.949327 0.897289 1
-0.865078 0.023049 1
-0.448940 0.348037 1
-0.540166 0.238602 1
-0.420335 0.164117 1
-0.290528 0.681469 1
-0.547394 0.135060 1
-0.415703 0.313409 1
-0.807033 0.841975 1
-0.462155 0.539415 1
-0.779266 0.175760 1
-0.965550 0.699046 1
-0.474360 0.121830 1
-0.277873 0.119253 1
-0.909898 0.005246 1
-0.833776 0.087579 1
-0.827434 0.409124 1
-0.698301 0.911316 1
-0.023216 0.592902 1
-0.163540 0.948088 1
-0.744941 0.630300 1
-0.141733 0.454576 1
-0.387058 0.918255 1
-0.284200 0.493971 1
-0.000742 0.298286 1
-0.430866 0.518464 1
-0.640366 0.370747 1
-0.316076 0.643852 1
-0.800594 0.423761 1
-0.633629 0.039047 1
-0.151229 0.378606 1
-0.047475 0.527163 1
-0.550909 0.089313 1
-0.111371 0.259711 1
-0.603373 0.674778 1
-0.617123 0.819525 1
-0.124356 0.661936 1
-0.222636 0.139669 1
-0.103402 0.954888 1
-0.527267 0.817580 1
-0.623251 0.582418 1
-0.531664 0.259052 1
-0.156432 0.983647 1
-0.690560 0.976755 1
-0.615271 0.434371 1
-0.434010 0.821366 1
-0.717523 0.377014 1
-0.107470 0.834322 1
-0.962069 0.012758 1
-0.468107 0.943410 1
-0.404643 0.440227 1
-0.901565 0.414118 1
-0.266101 0.153889 1
-0.325590 0.705157 1
-0.296050 0.736700 1
-0.338529 0.987102 1
-0.373753 0.461320 1
-0.182536 0.788342 1
-0.530833 0.754471 1
-0.655727 0.668862 1
-0.442160 0.968931 1
-0.697382 0.059132 1
-0.899566 0.263029 1
-0.519790 0.684085 1
-0.427369 0.989823 1
-0.040237 0.036278 1
-0.224225 0.921426 1
-0.612659 0.250000 1
-0.025211 0.094180 1
-0.075344 0.182601 1
-0.366889 0.065867 1
-0.808309 0.452855 1
-0.727360 0.159030 1
-0.950116 0.994627 1
-0.382452 0.482942 1
-0.718514 0.192773 1
-0.723675 0.690211 1
-0.873088 0.887381 1
-0.678776 0.170486 1
-0.748544 0.898986 1
-0.231929 0.911800 1
-0.947289 0.177123 1
-0.544102 0.036809 1
-0.860673 0.153852 1
-0.440685 0.652626 1
-0.477923 0.162984 1
-0.850677 0.498981 1
-0.837238 0.108103 1
-0.994213 0.935416 1
0.500008 -0.561265 1
0.334988 -0.299236 1
0.304234 -0.925535 1
0.493518 -0.820262 1
0.562477 -0.376090 1
0.277361 -0.697674 1
0.710922 -0.611532 1
0.364252 -0.889658 1
0.544409 -0.153526 1
0.770071 -0.496546 1
0.799835 -0.624354 1
0.209186 -0.442244 1
0.392927 -0.245195 1
0.736384 -0.075755 1
0.220432 -0.879867 1
0.552344 -0.050833 1
0.486530 -0.617270 1
0.915001 -0.836966 1
0.114202 -0.391828 1
0.206806 -0.663524 1
0.775192 -0.364324 1
0.107581 -0.547996 1
0.794969 -0.002661 1
0.510615 -0.544685 1
0.229840 -0.108654 1
0.233113 -0.261453 1
0.153358 -0.473686 1
0.263079 -0.896077 1
0.994074 -0.701867 1
0.803819 -0.304463 1
0.489606 -0.093612 1
0.331021 -0.036800 1
0.912497 -0.937800 1
0.562761 -0.789055 1
0.793151 -0.087132 1
0.297139 -0.425633 1
0.201750 -0.233985 1
0.663589 -0.797656 1
0.710776 -0.494623 1
0.666988 -0.080203 1
0.610479 -0.337107 1
0.024504 -0.349573 1
0.005487 -0.265334 1
0.493763 -0.797975 1
0.797546 -0.702872 1
0.108538 -0.362351 1
0.091398 -0.834809 1
0.219144 -0.255471 1
0.689012 -0.891696 1
0.234411 -0.204750 1
0.442223 -0.286323 1
0.835540 -0.800998 1
0.499030 -0.282989 1
0.014439 -0.416779 1
0.372102 -0.780378 1
0.064306 -0.417711 1
0.636030 -0.742313 1
0.375868 -0.149138 1
0.639745 -0.943045 1
0.829268 -0.188510 1
0.885368 -0.259737 1
0.472834 -0.630420 1
0.820484 -0.987719 1
0.888747 -0.155622 1
0.900760 -0.804888 1
0.148132 -0.619429 1
0.153561 -0.605145 1
0.474411 -0.306003 1
0.408044 -0.044543 1
0.184476 -0.531639 1
0.994400 -0.737884 1
0.774257 -0.324140 1
0.508920 -0.245408 1
0.122235 -0.586302 1
0.307399 -0.588944 1
0.287075 -0.150428 1
0.732495 -0.307438 1
0.775639 -0.159159 1
0.441606 -0.693303 1
0.833609 -0.352548 1
0.228499 -0.967930 1
0.250016 -0.893593 1
0.225119 -0.004103 1
0.966864 -0.965504 1
0.259408 -0.311953 1
0.524098 -0.399823 1
0.029491 -0.154630 1
0.167392 -0.748765 1
0.569369 -0.650905 1
0.649204 -0.333328 1
0.319386 -0.141520 1
0.114769 -0.153506 1
0.780332 -0.864930 1
0.975621 -0.863297 1
0.383894 -0.289289 1
0.501096 -0.082402 1
0.848183 -0.968299 1
0.548261 -0.835806 1
0.605356 -0.707201 1
0.651214 -0.048725 1
0.369768 -0.770517 1
0.174407 -0.926712 1
0.375627 -0.194424 1
0.763152 -0.879417 1
0.817911 -0.354183 1
0.009277 -0.504353 1
0.209954 -0.378103 1
0.744368 -0.872657 1
0.975583 -0.307671 1
0.094278 -0.185770 1
0.498048 -0.719368 1
0.935379 -0.306788 1
0.376901 -0.897482 1
0.082331 -0.797638 1
0.952010 -0.713492 1
0.751399 -0.154291 1
0.256394 -0.989399 1
0.906683 -0.782119 1
0.780809 -0.647485 1
0.778600 -0.223178 1
0.397384 -0.511873 1
0.712667 -0.178765 1
0.891812 -0.896360 1
0.839633 -0.897291 1
0.274599 -0.422061 1
0.864073 -0.514393 1
0.641814 -0.041946 1
0.066669 -0.756118 1
0.925022 -0.193436 1
0.303355 -0.044123 1
0.085642 -0.283123 1
0.334031 -0.930323 1
0.120977 -0.908451 1
0.814946 -0.667871 1
0.299413 -0.282874 1
0.323106 -0.289774 1
0.307801 -0.899983 1
0.741879 -0.692345 1
0.704622 -0.129060 1
0.418154 -0.765052 1
0.020073 -0.726788 1
0.765089 -0.691660 1
0.106368 -0.885798 1
0.583686 -0.995162 1
0.128880 -0.207185 1
0.814543 -0.388461 1
0.917876 -0.970819 1
0.501385 -0.476150 1
0.172532 -0.784541 1
0.126888 -0.492497 1
0.583725 -0.357302 1
0.851937 -0.682248 1
0.934154 -0.750929 1
0.018481 -0.155751 1
0.666099 -0.821414 1
0.948774 -0.782328 1
0.838543 -0.115302 1
0.710444 -0.449940 1
0.540995 -0.379001 1
0.478156 -0.129045 1
0.661148 -0.167101 1
0.974410 -0.211908 1
0.251125 -0.173537 1
0.576349 -0.269121 1
0.600349 -0.912751 1
0.093553 -0.921961 1
0.601244 -0.554998 1
0.550838 -0.201366 1
0.908707 -0.704367 1
0.096614 -0.484260 1
0.027627 -0.497751 1
0.345828 -0.848575 1
0.310605 -0.830260 1
0.993949 -0.024468 1
0.262919 -0.064943 1
0.872727 -0.536126 1
0.853989 -0.033152 1
0.841472 -0.825450 1
0.640546 -0.343521 1
0.205039 -0.827174 1
0.753819 -0.589541 1
0.919270 -0.574188 1
0.107797 -0.741795 1
0.095174 -0.010976 1
0.586420 -0.294125 1
0.230618 -0.913006 1
0.773191 -0.908330 1
0.180951 -0.286407 1
0.918461 -0.659021 1
0.354556 -0.592991 1
0.605139 -0.346942 1
0.116120 -0.211678 1
0.601791 -0.561133 1
0.352058 -0.639737 1
0.981380 -0.480430 1
0.747360 -0.901445 1
0.377462 -0.009868 1
0.647250 -0.816916 1
0.598137 -0.915240 1
0.972326 -0.815632 1
0.286878 -0.057171 1
0.338039 -0.685531 1
0.407231 -0.787100 1
0.121696 -0.046424 1
0.185522 -0.305565 1
0.274358 -0.020146 1
0.310512 -0.052907 1
0.588997 -0.530459 1
0.378113 -0.293888 1
0.006497 -0.784065 1
0.102718 -0.052441 1
0.045204 -0.593950 1
0.178301 -0.390209 1
0.767140 -0.351998 1
0.981533 -0.830841 1
0.402935 -0.374757 1
0.635221 -0.051296 1
0.716689 -0.288597 1
0.795374 -0.917916 1
0.405525 -0.539853 1
0.249621 -0.140881 1
0.197501 -0.854609 1
0.610976 -0.456324 1
0.653878 -0.640967 1
0.947790 -0.564637 1
0.562997 -0.294005 1
0.980795 -0.530075 1
0.051250 -0.704348 1
0.205348 -0.075434 1
0.223033 -0.511290 1
0.821471 -0.383508 1
0.621129 -0.356993 1
0.161457 -0.032422 1
0.193181 -0.112933 1
0.914880 -0.385774 1
0.328022 -0.887101 1
0.301194 -0.898023 1
0.043664 -0.753067 1
0.639984 -0.693679 1
0.963439 -0.773673 1
0.228709 -0.367421 1
0.327340 -0.602537 1
0.242712 -0.475310 1
0.455211 -0.986526 1
0.940516 -0.409435 1
0.159714 -0.019984 1
0.454772 -0.344217 1
0.203464 -0.924263 1
0.573023 -0.949478 1
0.400162 -0.542551 1
-0.070614 -0.131394 -1
-0.816043 -0.793800 -1
-0.250129 -0.750273 -1
-0.265513 -0.424715 -1
-0.095360 -0.532083 -1
-0.639793 -0.295468 -1
-0.074241 -0.608405 -1
-0.357827 -0.827036 -1
-0.026790 -0.967218 -1
-0.689316 -0.244869 -1
-0.837667 -0.308309 -1
-0.352070 -0.519209 -1
-0.411807 -0.511604 -1
-0.161568 -0.802602 -1
-0.939286 -0.879408 -1
-0.605363 -0.257589 -1
-0.455016 -0.382155 -1
-0.545971 -0.596323 -1
-0.786381 -0.859488 -1
-0.396318 -0.027650 -1
-0.329080 -0.153313 -1
-0.739642 -0.960544 -1
-0.942214 -0.860420 -1
-0.887832 -0.429605 -1
-0.995630 -0.549386 -1
-0.251751 -0.894545 -1
-0.307399 -0.016651 -1
-0.898087 -0.575587 -1
-0.320726 -0.357259 -1
-0.125898 -0.432126 -1
-0.000953 -0.259883 -1
-0.278301 -0.221200 -1
-0.642362 -0.745283 -1
-0.248816 -0.505839 -1
-0.866432 -0.910505 -1
-0.175553 -0.754580 -1
-0.895575 -0.460938 -1
-0.509400 -0.105437 -1
-0.296551 -0.812218 -1
-0.264464 -0.749306 -1
-0.315014 -0.432724 -1
-0.521257 -0.253306 -1
-0.858780 -0.025531 -1
-0.064326 -0.328382 -1
-0.365853 -0.162658 -1
-0.822830 -0.135678 -1
-0.293440 -0.063979 -1
-0.431710 -0.405887 -1
-0.344799 -0.802234 -1
-0.527063 -0.086474 -1
-0.561885 -0.049626 -1
-0.326957 -0.428508 -1
-0.666947 -0.807152 -1
-0.111024 -0.638934 -1
-0.232120 -0.042771 -1
-0.775021 -0.077021 -1
-0.956589 -0.151586 -1
-0.658336 -0.964727 -1
-0.017650 -0.610622 -1
-0.373981 -0.071252 -1
-0.852898 -0.404026 -1
-0.865784 -0.256820 -1
-0.283186 -0.741976 -1
-0.789306 -0.174669 -1
-0.961586 -0.643276 -1
-0.764702 -0.385349 -1
-0.771730 -0.143871 -1
-0.423511 -0.858275 -1
-0.496585 -0.954962 -1
-0.161776 -0.056504 -1
-0.536029 -0.345242 -1
-0.853800 -0.882633 -1
-0.882531 -0.331839 -1
-0.641747 -0.263652 -1
-0.841281 -0.082410 -1
-0.211604 -0.437833 -1
-0.508076 -0.025740 -1
-0.251843 -0.116388 -1
-0.303719 -0.528588 -1
-0.154046 -0.948462 -1
-0.771479 -0.841618 -1
-0.707895 -0.665361 -1
-0.217661 -0.141380 -1
-0.297545 -0.191581 -1
-0.777523 -0.818177 -1
-0.559480 -0.714770 -1
-0.440128 -0.525178 -1
-0.319982 -0.836590 -1
-0.416496 -0.576151 -1
-0.776704 -0.268356 -1
-0.838223 -0.551686 -1
-0.601975 -0.255030 -1
-0.940242 -0.439064 -1
-0.342438 -0.646145 -1
-0.224849 -0.647261 -1
-0.817388 -0.439086 -1
-0.149701 -0.171809 -1
-0.900845 -0.443760 -1
-0.508490 -0.019116 -1
-0.611919 -0.054900 -1
-0.171239 -0.930792 -1
-0.808316 -0.884004 -1
-0.196781 -0.417631 -1
-0.411759 -0.250438 -1
-0.548085 -0.911454 -1
-0.308321 -0.355849 -1
-0.489572 -0.513029 -1
-0.084925 -0.314077 -1
-0.844618 -0.273545 -1
-0.446654 -0.830017 -1
-0.717562 -0.605637 -1
-0.204200 -0.827368 -1
-0.535965 -0.118559 -1
-0.647860 -0.298258 -1
-0.118145 -0.513328 -1
-0.109942 -0.297678 -1
-0.562160 -0.135564 -1
-0.339902 -0.146093 -1
-0.508480 -0.674627 -1
-0.178758 -0.558772 -1
-0.925753 -0.095743 -1
-0.727796 -0.357353 -1
-0.192050 -0.784662 -1
-0.150379 -0.921259 -1
-0.044102 -0.401560 -1
-0.714488 -0.572769 -1
-0.165147 -0.008711 -1
-0.120399 -0.332898 -1
-0.722733 -0.800055 -1
-0.201704 -0.751550 -1
-0.020874 -0.802011 -1
-0.533607 -0.209594 -1
-0.348349 -0.049015 -1
-0.118810 -0.552582 -1
-0.104608 -0.039757 -1
-0.797569 -0.020746 -1
-0.598238 -0.029410 -1
-0.559925 -0.694397 -1
-0.076153 -0.610647 -1
-0.008929 -0.884190 -1
-0.755257 -0.467747 -1
-0.794591 -0.049426 -1
-0.552033 -0.028713 -1
-0.647107 -0.351777 -1
-0.022606 -0.915386 -1
-0.457027 -0.456907 -1
-0.634331 -0.057754 -1
-0.005033 -0.684156 -1
-0.049897 -0.156739 -1
-0.343106 -0.543907 -1
-0.656516 -0.566966 -1
-0.877317 -0.496746 -1
-0.374855 -0.003960 -1
-0.714758 -0.602963 -1
-0.884045 -0.731980 -1
-0.872530 -0.951124 -1
-0.812389 -0.458345 -1
-0.268111 -0.917917 -1
-0.286843 -0.133412 -1
-0.866581 -0.557367 -1
-0.343170 -0.529827 -1
-0.908936 -0.937503 -1
-0.931847 -0.412902 -1
-0.957280 -0.637565 -1
-0.859263 -0.863167 -1
-0.721038 -0.696899 -1
-0.976282 -0.672962 -1
-0.082101 -0.043822 -1
-0.778624 -0.190446 -1
-0.178732 -0.068331 -1
-0.375947 -0.398526 -1
-0.414190 -0.239673 -1
-0.766857 -0.460347 -1
-0.630271 -0.441129 -1
-0.432506 -0.544095 -1
-0.097913 -0.170916 -1
-0.135851 -0.805358 -1
-0.142339 -0.649679 -1
-0.214089 -0.642639 -1
-0.051928 -0.514733 -1
-0.839904 -0.822061 -1
-0.449491 -0.778891 -1
-0.540917 -0.048225 -1
-0.548255 -0.910746 -1
-0.062895 -0.710378 -1
-0.948762 -0.764794 -1
-0.630731 -0.957133 -1
-0.565944 -0.598916 -1
-0.999002 -0.435028 -1
-0.172990 -0.562499 -1
-0.516027 -0.478300 -1
-0.276605 -0.102406 -1
-0.549535 -0.415625 -1
-0.805047 -0.476024 -1
-0.186263 -0.886341 -1
-0.972468 -0.409692 -1
-0.824374 -0.027724 -1
-0.999040 -0.814828 -1
-0.073698 -0.036147 -1
-0.001699 -0.859256 -1
-0.709373 -0.754156 -1
-0.730087 -0.266200 -1
-0.659777 -0.655332 -1
-0.135384 -0.225950 -1
-0.207444 -0.392252 -1
-0.299815 -0.472619 -1
-0.932708 -0.497804 -1
-0.724938 -0.589439 -1
-0.612959 -0.088161 -1
-0.561695 -0.263539 -1
-0.187339 -0.266242 -1
-0.940082 -0.695519 -1
-0.185824 -0.522553 -1
-0.338515 -0.939164 -1
-0.040802 -0.204922 -1
-0.115950 -0.922928 -1
-0.176786 -0.536241 -1
-0.037588 -0.300894 -1
-0.045304 -0.860871 -1
-0.078115 -0.463301 -1
-0.530610 -0.537491 -1
-0.842816 -0.883217 -1
-0.618571 -0.737869 -1
-0.119583 -0.843079 -1
-0.429701 -0.457654 -1
-0.276018 -0.736518 -1
-0.242825 -0.525298 -1
-0.997114 -0.210133 -1
-0.460551 -0.899550 -1
-0.555185 -0.426039 -1
-0.398159 -0.039868 -1
-0.411400 -0.218431 -1
-0.543229 -0.082542 -1
-0.840749 -0.197969 -1
-0.228193 -0.031822 -1
-0.311475 -0.850048 -1
-0.698077 -0.732968 -1
-0.743144 -0.034093 -1
-0.685620 -0.793206 -1
-0.493171 -0.579696 -1
-0.443806 -0.270708 -1
-0.925981 -0.559263 -1
-0.676748 -0.163381 -1
-0.033151 -0.481563 -1
-0.128172 -0.758027 -1
-0.254846 -0.199858 -1
-0.206993 -0.759862 -1
-0.727645 -0.391156 -1
-0.532090 -0.285619 -1
-0.182487 -0.002889 -1
0.779447 0.706390 -1
0.927716 0.194712 -1
0.326347 0.187625 -1
0.026956 0.009887 -1
0.075370 0.959394 -1
0.935699 0.056362 -1
0.250429 0.944350 -1
0.118514 0.025811 -1
0.113821 0.233870 -1
0.986195 0.008173 -1
0.159075 0.474940 -1
0.452581 0.528769 -1
0.530768 0.894599 -1
0.069231 0.123311 -1
0.183640 0.458121 -1
0.925586 0.652162 -1
0.456448 0.011379 -1
0.937699 0.062526 -1
0.856888 0.501860 -1
0.610020 0.821637 -1
0.514736 0.243810 -1
0.166216 0.711260 -1
0.684540 0.162479 -1
0.933980 0.779330 -1
0.508750 0.614956 -1
0.222500 0.158108 -1
0.648213 0.989979 -1
0.887871 0.999629 -1
0.885932 0.454333 -1
0.966192 0.114681 -1
0.976012 0.874878 -1
0.895954 0.223605 -1
0.665369 0.034382 -1
0.942333 0.134564 -1
0.098446 0.693627 -1
0.798542 0.678375 -1
0.707462 0.267300 -1
0.868720 0.314259 -1
0.744055 0.400586 -1
0.233810 0.585249 -1
0.265434 0.821350 -1
0.267434 0.570358 -1
0.401134 0.625840 -1
0.937458 0.155311 -1
0.920230 0.900831 -1
0.704427 0.984776 -1
0.675271 0.808877 -1
0.646884 0.131895 -1
0.959459 0.989315 -1
0.539600 0.752639 -1
0.071233 0.503457 -1
0.364335 0.914364 -1
0.558800 0.047046 -1
0.643962 0.784123 -1
0.171901 0.381647 -1
0.283458 0.976296 -1
0.950411 0.184075 -1
0.892043 0.479908 -1
0.653625 0.723632 -1
0.564633 0.609845 -1
0.915435 0.824721 -1
0.870921 0.349889 -1
0.457944 0.389974 -1
0.801500 0.437440 -1
0.128175 0.921873 -1
0.192212 0.866811 -1
0.350899 0.312947 -1
0.119364 0.115059 -1
0.920098 0.174464 -1
0.226063 0.068224 -1
0.056024 0.781707 -1
0.080770 0.748117 -1
0.604830 0.238619 -1
0.812536 0.142704 -1
0.967317 0.297086 -1
0.064030 0.077237 -1
0.976727 0.596078 -1
0.723753 0.811689 -1
0.241085 0.399861 -1
0.940362 0.424573 -1
0.676842 0.226482 -1
0.303606 0.939462 -1
0.180603 0.106591 -1
0.261575 0.170320 -1
0.717406 0.535826 -1
0.566655 0.516600 -1
0.323569 0.366270 -1
0.646482 0.335214 -1
0.496339 0.864492 -1
0.478021 0.964019 -1
0.242091 0.656974 -1
0.039198 0.692370 -1
0.997448 0.302196 -1
0.182959 0.930727 -1
0.995485 0.398228 -1
0.403664 0.796814 -1
0.305966 0.821339 -1
0.825631 0.865630 -1
0.093273 0.699889 -1
0.786492 0.733925 -1
0.456886 0.850885 -1
0.519129 0.434964 -1
0.181450 0.456897 -1
0.201276 0.750769 -1
0.931257 0.171539 -1
0.678152 0.937568 -1
0.085101 0.366135 -1
0.740250 0.012595 -1
0.997220 0.449596 -1
0.874342 0.918488 -1
0.282024 0.391121 -1
0.409927 0.584764 -1
0.860339 0.807616 -1
0.693868 0.230565 -1
0.639650 0.752497 -1
0.082817 0.431363 -1
0.943449 0.211378 -1
0.911566 0.246403 -1
0.934730 0.506572 -1
0.826575 0.284161 -1
0.780314 0.791000 -1
0.357050 0.746205 -1
0.939229 0.014224 -1
0.996091 0.064082 -1
0.475927 0.487191 -1
0.937676 0.302000 -1
0.129823 0.747759 -1
0.492697 0.090036 -1
0.848328 0.580807 -1
0.499053 0.725815 -1
0.018428 0.008493 -1
0.189689 0.169660 -1
0.027218 0.622665 -1
0.397483 0.415940 -1
0.851656 0.271644 -1
0.932477 0.748943 -1
0.685246 0.730459 -1
0.022190 0.424854 -1
0.672463 0.200305 -1
0.051696 0.650104 -1
0.970592 0.577118 -1
0.740756 0.809324 -1
0.929954 0.450155 -1
0.835136 0.844174 -1
0.673227 0.369483 -1
0.120035 0.985586 -1
0.766366 0.741369 -1
0.798182 0.933502 -1
0.074095 0.798315 -1
0.354910 0.310934 -1
0.847162 0.907715 -1
0.545386 0.134785 -1
0.801828 0.915994 -1
0.727998 0.076576 -1
0.731202 0.475043 -1
0.396716 0.557487 -1
0.514392 0.295726 -1
0.591449 0.916220 -1
0.869118 0.414746 -1
0.022137 0.992623 -1
0.867455 0.211399 -1
0.943002 0.985934 -1
0.290072 0.948223 -1
0.648891 0.640546 -1
0.098866 0.626216 -1
0.351244 0.594410 -1
0.844931 0.951967 -1
0.613000 0.700529 -1
0.205857 0.180601 -1
0.979348 0.787755 -1
0.216345 0.869856 -1
0.580059 0.347468 -1
0.688544 0.381190 -1
0.858647 0.580349 -1
0.294760 0.917293 -1
0.732658 0.745212 -1
0.779271 0.702393 -1
0.593777 0.951184 -1
0.303787 0.470458 -1
0.901073 0.249440 -1
0.607277 0.289174 -1
0.243817 0.767646 -1
0.910676 0.997812 -1
0.153137 0.517146 -1
0.557191 0.660340 -1
0.651867 0.524033 -1
0.801715 0.033780 -1
0.725000 0.748031 -1
0.603197 0.540421 -1
0.317773 0.664044 -1
0.324407 0.236226 -1
0.634061 0.728398 -1
0.734591 0.261221 -1
0.763255 0.051003 -1
0.447437 0.416058 -1
0.766851 0.820029 -1
0.845818 0.985826 -1
0.218664 0.505770 -1
0.045955 0.645559 -1
0.470061 0.688742 -1
0.503472 0.043265 -1
0.281862 0.095237 -1
0.074491 0.465809 -1
0.764250 0.371814 -1
0.977486 0.647705 -1
0.351021 0.863631 -1
0.559180 0.500367 -1
0.846752 0.829058 -1
0.330326 0.529462 -1
0.086522 0.985923 -1
0.933614 0.726261 -1
0.536267 0.760838 -1
0.899356 0.822852 -1
0.376555 0.470022 -1
0.062968 0.557155 -1
0.062141 0.471906 -1
0.603528 0.240111 -1
0.998534 0.431260 -1
0.094118 0.758222 -1
0.169796 0.842583 -1
0.458838 0.814615 -1
0.281209 0.971049 -1
0.551335 0.913548 -1
0.511755 0.975892 -1
0.343622 0.824752 -1
0.472990 0.121089 -1
0.053252 0.775917 -1
0.899783 0.548285 -1
0.077610 0.188473 -1
0.466475 0.828693 -1
0.217065 0.152553 -1
0.525265 0.471717 -1
0.403130 0.285694 -1
0.119635 0.734165 -1
0.533985 0.735014 -1
0.224948 0.636439 -1
0.828753 0.033866 -1
0.738320 0.266165 -1
0.846965 0.725128 -1
0.806181 0.461813 -1
0.000109 0.779689 -1
0.153025 0.286262 -1
0.823961 0.350313 -1
0.119280 0.207525 -1
0.151005 0.440454 -1
0.329155 0.961251 -1
0.573067 0.837089 -1
0.597677 0.837419 -1
0.464161 0.054817 -1
0.499305 0.238686 -1
