-0.191496 0.002283 -1
-0.221108 0.385644 -1
-0.665017 0.644077 1
-0.909323 0.783622 -1
-0.913241 0.266084 1
-0.557188 0.505205 1
-0.560588 0.149816 -1
-0.510125 0.181520 -1
-0.617937 0.236369 1
-0.187240 0.790753 -1
-0.433038 0.663998 1
-0.681515 0.222325 -1
-0.210973 0.808643 1
-0.234215 0.985729 1
-0.262486 0.953875 1
-0.920996 0.204398 1
-0.376857 0.518397 1
-0.535032 0.025973 1
-0.934991 0.127045 -1
-0.714978 0.988306 1
-0.601359 0.247592 1
-0.987733 0.109514 1
-0.053818 0.568211 1
-0.885002 0.687256 1
-0.840959 0.406519 1
-0.851587 0.183266 -1
-0.623123 0.613115 1
-0.216370 0.439776 1
-0.278038 0.143111 1
-0.886779 0.187621 1
-0.067143 0.049815 1
-0.189833 0.717343 1
-0.026459 0.859785 1
-0.494699 0.211058 1
-0.056605 0.975973 1
-0.248820 0.403661 1
-0.849258 0.609883 1
-0.562304 0.515461 1
-0.434298 0.271682 1
-0.592119 0.721720 1
-0.484369 0.112732 -1
-0.056414 0.658842 1
-0.363210 0.187671 -1
-0.409113 0.655896 1
-0.137312 0.708758 1
-0.164244 0.259262 1
-0.507070 0.867915 1
-0.415255 0.778964 1
-0.913925 0.545790 -1
-0.634184 0.651247 1
-0.844729 0.494833 1
-0.395968 0.095602 -1
-0.414939 0.788526 1
-0.737821 0.070372 1
-0.679743 0.043771 1
-0.062564 0.109127 1
-0.378680 0.670164 1
-0.098502 0.751847 1
-0.436645 0.485527 -1
-0.486032 0.877466 1
-0.818535 0.799415 1
-0.960244 0.575435 1
-0.999070 0.420659 1
-0.356917 0.577660 -1
-0.765543 0.847160 1
-0.237254 0.523296 -1
-0.207394 0.610157 -1
-0.739415 0.437930 1
-0.667992 0.618977 1
-0.098198 0.437210 1
-0.518262 0.858300 -1
-0.357470 0.647080 1
-0.381239 0.476596 1
-0.319366 0.787579 1
-0.038386 0.851290 1
-0.654065 0.743198 -1
-0.253430 0.636972 1
-0.575057 0.210644 -1
-0.948977 0.326077 1
-0.769173 0.117542 -1
-0.909913 0.882226 1
-0.693241 0.120141 -1
-0.240547 0.170095 -1
-0.493158 0.669655 1
-0.396223 0.119259 1
-0.747465 0.528630 1
-0.900572 0.392296 -1
-0.851705 0.655176 1
-0.444498 0.264328 1
-0.105007 0.048435 1
-0.283796 0.518950 1
-0.146393 0.627970 1
-0.742568 0.249796 1
-0.194788 0.245618 -1
-0.495113 0.043010 1
-0.527765 0.719349 -1
-0.229343 0.922692 1
-0.372613 0.889040 1
-0.500341 0.471283 -1
-0.687211 0.522788 1
-0.014082 0.638533 -1
-0.121085 0.950593 1
-0.590631 0.858946 -1
-0.679478 0.781001 1
-0.573886 0.698158 1
-0.250061 0.154292 1
-0.105053 0.695551 -1
-0.373384 0.248759 -1
-0.047257 0.523701 1
-0.227724 0.342545 1
-0.553980 0.576700 1
-0.916739 0.984085 1
-0.254277 0.198588 1
-0.029758 0.959504 -1
-0.755906 0.584439 -1
-0.165545 0.824677 1
-0.214837 0.226254 1
-0.868727 0.504803 -1
-0.529226 0.847749 1
-0.803439 0.562414 -1
-0.923622 0.377175 1
-0.369711 0.510511 -1
-0.137701 0.292806 1
-0.909468 0.932846 1
-0.602037 0.589536 1
-0.888252 0.875474 1
-0.056069 0.234813 1
-0.049139 0.716339 1
-0.495877 0.462706 -1
-0.700929 0.340386 -1
-0.508404 0.726733 1
-0.956209 0.514457 -1
-0.933746 0.322811 -1
-0.212364 0.356704 1
-0.540822 0.566075 1
-0.952779 0.994188 1
-0.425294 0.255116 1
-0.833018 0.557231 1
-0.416711 0.538304 1
-0.912599 0.029339 -1
-0.763446 0.624791 1
-0.196070 0.512574 -1
-0.706692 0.508796 -1
-0.455362 0.686048 1
-0.898880 0.751910 1
-0.465739 0.503580 1
-0.971527 0.262775 1
-0.728371 0.281891 1
-0.278497 0.024528 1
-0.378285 0.488788 1
-0.750097 0.250709 -1
-0.284606 0.979831 1
-0.967840 0.978213 1
-0.550630 0.335397 1
-0.796896 0.515769 -1
-0.697060 0.707182 -1
-0.931616 0.855617 1
-0.148468 0.332827 -1
-0.127336 0.182990 -1
-0.547379 0.494814 1
-0.713799 0.043094 -1
-0.630813 0.555947 -1
-0.729797 0.041928 -1
-0.805270 0.383920 1
-0.690776 0.928210 -1
-0.535742 0.896601 1
-0.362749 0.774406 -1
-0.584695 0.769438 1
-0.207994 0.073776 1
-0.385058 0.742900 1
-0.995422 0.979024 -1
-0.710010 0.178434 1
-0.213376 0.465048 1
-0.870928 0.152475 -1
-0.600102 0.901943 -1
-0.799508 0.436078 1
-0.844537 0.696200 1
-0.707434 0.545119 1
-0.871239 0.898379 1
-0.541800 0.538551 1
-0.260228 0.185010 1
-0.467029 0.641715 1
-0.387720 0.443310 1
-0.772464 0.966911 1
-0.950814 0.416244 -1
-0.059642 0.079724 -1
-0.484286 0.637635 1
-0.684169 0.473870 1
-0.624179 0.959404 1
-0.224548 0.979445 1
-0.341863 0.271892 1
-0.365097 0.074810 -1
-0.730091 0.714641 1
-0.348616 0.119890 -1
-0.335957 0.199316 -1
-0.556136 0.564076 1
-0.510573 0.626386 1
-0.805331 0.531560 1
-0.556122 0.078997 -1
-0.874745 0.518597 1
-0.444759 0.635775 1
-0.499132 0.354251 -1
-0.498103 0.422234 1
-0.686792 0.797291 1
-0.293560 0.075124 1
-0.427589 0.579351 1
-0.699630 0.289395 1
-0.338474 0.726113 1
-0.344612 0.118082 1
-0.639385 0.991766 -1
-0.409848 0.227060 1
-0.643372 0.462492 1
-0.410529 0.821575 -1
-0.799363 0.457550 -1
-0.121775 0.499637 1
-0.687857 0.058608 1
-0.982699 0.517613 1
-0.484795 0.602759 -1
-0.431516 0.477458 -1
-0.285725 0.468807 -1
-0.289131 0.010158 1
-0.557937 0.872474 1
-0.592466 0.711424 1
-0.277014 0.162129 1
-0.053402 0.661911 1
-0.553857 0.051641 1
-0.722089 0.274315 1
-0.245052 0.774881 1
-0.970383 0.922811 -1
-0.452491 0.314808 -1
-0.424087 0.660251 1
-0.030181 0.795792 -1
-0.233683 0.259320 1
-0.344582 0.922686 1
-0.601081 0.587573 1
-0.033821 0.026410 1
-0.923150 0.454795 1
-0.419124 0.216218 1
-0.985661 0.473761 1
-0.981873 0.279853 1
-0.822218 0.001880 1
-0.329533 0.315973 1
-0.873475 0.680537 1
-0.590353 0.734615 -1
-0.557446 0.375571 1
-0.169011 0.529790 1
-0.115664 0.607233 -1
-0.790981 0.777039 1
-0.794951 0.667607 -1
-0.371552 0.809196 -1
0.423754 -0.063285 -1
0.707747 -0.862227 1
0.202725 -0.403617 1
0.093003 -0.307475 1
0.717959 -0.265524 1
0.279610 -0.746331 1
0.823883 -0.988232 1
0.998677 -0.849705 -1
0.220837 -0.671983 1
0.022802 -0.459158 1
0.486988 -0.461789 1
0.019231 -0.842039 -1
0.946621 -0.096303 -1
0.144918 -0.736644 -1
0.989544 -0.628080 1
0.800967 -0.809550 1
0.615113 -0.264317 -1
0.778586 -0.392996 1
0.722906 -0.799504 1
0.291889 -0.085938 -1
0.482884 -0.046631 1
0.621646 -0.493408 1
0.953019 -0.041926 -1
0.935213 -0.300238 1
0.503678 -0.617066 1
0.033953 -0.024626 1
0.932880 -0.770477 1
0.122837 -0.799661 1
0.181001 -0.160251 1
0.973381 -0.111949 1
0.807213 -0.780289 1
0.364211 -0.928327 1
0.071277 -0.988614 1
0.743864 -0.129947 1
0.944750 -0.789480 1
0.019067 -0.374865 1
0.338582 -0.602910 1
0.776793 -0.259382 -1
0.530523 -0.291628 1
0.990422 -0.962554 -1
0.957561 -0.587545 1
0.186384 -0.200061 -1
0.857933 -0.302639 1
0.829495 -0.439145 1
0.775987 -0.030832 1
0.031493 -0.050038 1
0.853356 -0.602191 1
0.086122 -0.575616 1
0.175502 -0.879684 1
0.954586 -0.407145 1
0.763401 -0.636031 -1
0.052725 -0.966617 -1
0.592878 -0.958742 1
0.459749 -0.051930 1
0.522667 -0.887917 1
0.736801 -0.041610 1
0.693218 -0.565752 1
0.133669 -0.097154 -1
0.994762 -0.616795 -1
0.787912 -0.995068 1
0.200462 -0.538396 1
0.043156 -0.476156 -1
0.482415 -0.653441 1
0.824832 -0.091204 -1
0.257373 -0.397635 1
0.963140 -0.004391 1
0.102695 -0.286874 1
0.110452 -0.206682 -1
0.787907 -0.432967 -1
0.282410 -0.118921 1
0.718606 -0.408450 1
0.299384 -0.306960 1
0.835653 -0.619588 1
0.182606 -0.483803 1
0.199565 -0.723623 1
0.431811 -0.167156 1
0.726680 -0.141067 -1
0.964204 -0.244698 1
0.276563 -0.464502 1
0.766589 -0.463595 1
0.156363 -0.826932 1
0.107442 -0.993576 1
0.134685 -0.981002 -1
0.257100 -0.661046 1
0.552447 -0.144889 1
0.555712 -0.531464 1
0.235555 -0.743607 -1
0.880952 -0.319931 -1
0.384941 -0.526887 -1
0.494063 -0.131653 1
0.125496 -0.179546 1
0.443414 -0.838659 1
0.685413 -0.930727 1
0.200928 -0.800510 1
0.023620 -0.745080 1
0.488643 -0.563431 1
0.267433 -0.553287 1
0.232952 -0.566940 1
0.238059 -0.069363 1
0.215004 -0.072676 1
0.399257 -0.840013 -1
0.379838 -0.294081 1
0.155649 -0.065125 1
0.703602 -0.726290 -1
0.215388 -0.013955 1
0.931936 -0.430805 1
0.878364 -0.656454 1
0.984842 -0.145785 -1
0.052707 -0.956147 -1
0.855916 -0.550282 1
0.522149 -0.536159 1
0.849663 -0.013433 1
0.050049 -0.786915 1
0.542117 -0.722446 1
0.417322 -0.413603 -1
0.290197 -0.269884 1
0.404599 -0.258072 1
0.467912 -0.189572 -1
0.455868 -0.372387 -1
0.116726 -0.131739 -1
0.796701 -0.323656 -1
0.580293 -0.742033 1
0.307478 -0.543709 1
0.308625 -0.373924 1
0.064945 -0.394574 1
0.995704 -0.432883 1
0.922784 -0.990566 -1
0.731122 -0.200628 1
0.622541 -0.672747 -1
0.025767 -0.528286 -1
0.736040 -0.369416 1
0.126126 -0.888156 -1
0.451420 -0.076961 1
0.071464 -0.913419 -1
0.443516 -0.436122 1
0.619225 -0.620747 -1
0.386294 -0.157605 -1
0.861013 -0.963707 1
0.667034 -0.246130 1
0.307811 -0.577676 1
0.970976 -0.954238 1
0.391463 -0.499437 1
0.510988 -0.634023 1
0.554212 -0.383811 1
0.567977 -0.140775 1
0.974459 -0.673407 -1
0.405397 -0.471595 -1
0.848778 -0.070931 1
0.281223 -0.883015 -1
0.679524 -0.997577 1
0.271337 -0.421770 -1
0.510871 -0.536922 1
0.016341 -0.749533 1
0.909381 -0.153241 1
0.336554 -0.575868 1
0.455068 -0.271650 1
0.210375 -0.244128 1
0.360613 -0.656456 1
0.610005 -0.748766 -1
0.380659 -0.857852 1
0.884868 -0.082641 -1
0.196830 -0.290939 -1
0.346619 -0.856329 1
0.429943 -0.711678 1
0.248686 -0.902083 1
0.318619 -0.169689 -1
0.188899 -0.559804 1
0.717026 -0.837564 1
0.731518 -0.100893 1
0.909407 -0.289648 1
0.436126 -0.676208 -1
0.775164 -0.684116 -1
0.090723 -0.850433 -1
0.676789 -0.251054 -1
0.089713 -0.467092 1
0.677670 -0.511561 1
0.806810 -0.572147 1
0.539066 -0.416719 1
0.968423 -0.429737 1
0.140108 -0.770389 1
0.750210 -0.181496 1
0.142279 -0.641419 -1
0.776375 -0.539939 1
0.899140 -0.589414 1
0.133310 -0.388184 1
0.150193 -0.491475 1
0.263475 -0.545434 1
0.816220 -0.280515 1
0.337874 -0.271768 -1
0.613090 -0.669389 -1
0.464670 -0.092760 1
0.811927 -0.612633 1
0.639627 -0.451150 -1
0.984211 -0.287804 1
0.747256 -0.157254 1
0.672489 -0.077003 1
0.547999 -0.647382 1
0.688461 -0.121158 1
0.951566 -0.301379 -1
0.665681 -0.339520 1
0.490267 -0.257125 1
0.834730 -0.483182 1
0.725358 -0.663783 -1
0.486123 -0.724610 1
0.954805 -0.420343 -1
0.574211 -0.724848 1
0.285019 -0.702022 -1
0.166404 -0.047351 1
0.485096 -0.625140 1
0.745328 -0.985000 -1
0.124295 -0.941284 -1
0.794972 -0.003024 -1
0.708657 -0.581872 1
0.374379 -0.112944 1
0.655290 -0.974505 -1
0.465908 -0.840444 1
0.996161 -0.943334 -1
0.274487 -0.651156 1
0.967375 -0.294536 -1
0.604556 -0.701413 1
0.512998 -0.881993 1
0.080196 -0.246053 -1
0.903772 -0.675948 -1
0.248521 -0.633048 -1
0.046271 -0.704456 -1
0.017560 -0.743516 -1
0.845073 -0.557256 -1
0.508000 -0.019557 -1
0.546341 -0.668062 1
0.028888 -0.860809 -1
0.446468 -0.580512 1
0.288948 -0.804325 1
0.331757 -0.423538 -1
0.472056 -0.399975 -1
0.708112 -0.313156 1
0.134261 -0.826815 1
0.797405 -0.777246 -1
0.994863 -0.350304 -1
0.450658 -0.556927 1
0.776877 -0.100501 -1
0.542168 -0.479403 1
0.835156 -0.189487 1
0.645408 -0.695899 1
0.519364 -0.793579 1
0.307705 -0.520274 1
0.990753 -0.823518 -1
0.503255 -0.965635 1
0.644729 -0.549745 1
0.037588 -0.397458 -1
0.104242 -0.770407 -1
-0.988872 -0.666875 -1
-0.566722 -0.642661 -1
-0.557395 -0.940137 -1
-0.188179 -0.385538 -1
-0.792958 -0.508875 1
-0.599127 -0.915766 -1
-0.149296 -0.438409 1
-0.166984 -0.644538 -1
-0.469177 -0.111989 -1
-0.840443 -0.777680 -1
-0.352795 -0.783743 -1
-0.606241 -0.588653 1
-0.453802 -0.047488 -1
-0.445552 -0.067126 1
-0.464101 -0.766635 -1
-0.263017 -0.851323 1
-0.562181 -0.353381 1
-0.384944 -0.002411 1
-0.065236 -0.660209 -1
-0.745453 -0.026698 -1
-0.025511 -0.920491 -1
-0.985267 -0.762009 1
-0.842478 -0.905466 -1
-0.484864 -0.116891 -1
-0.783985 -0.781406 -1
-0.567421 -0.582013 -1
-0.439050 -0.100097 1
-0.890053 -0.203764 -1
-0.503141 -0.849397 1
-0.722709 -0.213131 1
-0.867899 -0.434412 -1
-0.847177 -0.851992 -1
-0.066551 -0.469235 -1
-0.232507 -0.673793 1
-0.431617 -0.610506 -1
-0.267408 -0.793823 -1
-0.813323 -0.088207 -1
-0.295429 -0.543894 -1
-0.275515 -0.184474 -1
-0.810042 -0.084881 1
-0.206042 -0.689751 1
-0.693439 -0.462331 1
-0.465030 -0.978940 -1
-0.881767 -0.777931 -1
-0.585321 -0.478638 -1
-0.595712 -0.232549 -1
-0.309317 -0.566723 1
-0.869681 -0.085325 1
-0.195559 -0.829390 1
-0.178234 -0.352067 1
-0.272162 -0.749888 1
-0.490871 -0.098720 -1
-0.924497 -0.629094 -1
-0.057119 -0.055756 -1
-0.963600 -0.128742 -1
-0.633644 -0.099815 -1
-0.005347 -0.023819 -1
-0.486214 -0.255646 1
-0.223970 -0.172651 -1
-0.650050 -0.908682 -1
-0.283734 -0.407063 1
-0.434409 -0.584000 1
-0.670398 -0.085614 -1
-0.748308 -0.137782 1
-0.799204 -0.337002 -1
-0.129704 -0.798736 1
-0.145425 -0.944291 1
-0.724717 -0.913649 -1
-0.152674 -0.175325 1
-0.927090 -0.901059 -1
-0.767055 -0.738744 -1
-0.440456 -0.079029 1
-0.064214 -0.339089 -1
-0.745078 -0.690377 -1
-0.456754 -0.630451 -1
-0.696045 -0.967709 -1
-0.331900 -0.281203 -1
-0.310535 -0.088663 -1
-0.724183 -0.964345 -1
-0.022185 -0.475384 -1
-0.737245 -0.870107 -1
-0.983528 -0.012261 1
-0.751212 -0.798545 1
-0.407618 -0.857779 -1
-0.614727 -0.930980 -1
-0.419747 -0.642700 -1
-0.398774 -0.237631 -1
-0.584498 -0.470603 1
-0.190215 -0.109124 -1
-0.325386 -0.532224 -1
-0.730299 -0.691446 1
-0.469078 -0.453176 -1
-0.080612 -0.548701 1
-0.557251 -0.620305 -1
-0.674754 -0.645993 -1
-0.276807 -0.289661 -1
-0.411543 -0.673075 -1
-0.376556 -0.999769 -1
-0.303488 -0.369830 -1
-0.252537 -0.940766 -1
-0.701346 -0.134696 -1
-0.627708 -0.820704 -1
-0.635804 -0.567694 1
-0.926346 -0.622433 -1
-0.905162 -0.468523 -1
-0.770184 -0.772488 -1
-0.245585 -0.639883 -1
-0.152090 -0.499251 -1
-0.860952 -0.632917 -1
-0.978856 -0.145129 -1
-0.698540 -0.274166 -1
-0.662854 -0.957262 -1
-0.595330 -0.324257 -1
-0.578238 -0.268810 -1
-0.858952 -0.734953 -1
-0.624346 -0.155665 -1
-0.493752 -0.432967 -1
-0.874690 -0.051958 -1
-0.737701 -0.263743 -1
-0.331266 -0.273451 1
-0.606435 -0.086740 1
-0.762579 -0.759445 -1
-0.296509 -0.088299 -1
-0.983125 -0.349903 -1
-0.080893 -0.132522 -1
-0.020771 -0.455307 -1
-0.809204 -0.614934 1
-0.300532 -0.918837 -1
-0.750500 -0.139908 -1
-0.039584 -0.652141 -1
-0.339429 -0.902127 -1
-0.886130 -0.411056 -1
-0.117075 -0.216800 -1
-0.791181 -0.576026 1
-0.623268 -0.983136 1
-0.383874 -0.543535 -1
-0.293587 -0.895322 1
-0.843563 -0.793134 -1
-0.005957 -0.507420 1
-0.547773 -0.960780 -1
-0.111949 -0.850226 -1
-0.438875 -0.347880 -1
-0.934568 -0.738295 -1
-0.760328 -0.620853 -1
-0.838101 -0.844558 -1
-0.410847 -0.265208 -1
-0.098530 -0.870659 1
-0.473398 -0.604611 1
-0.641359 -0.435327 -1
-0.481491 -0.000187 -1
-0.489599 -0.957492 -1
-0.209520 -0.887758 1
-0.661877 -0.425308 -1
-0.831979 -0.155241 -1
-0.424930 -0.323394 1
-0.651352 -0.655984 1
-0.927011 -0.572095 -1
-0.024331 -0.437632 -1
-0.594406 -0.437045 -1
-0.208078 -0.179275 -1
-0.885383 -0.508896 1
-0.629917 -0.265197 1
-0.074011 -0.416763 1
-0.200898 -0.459276 1
-0.744280 -0.110300 -1
-0.964328 -0.274834 -1
-0.479955 -0.416890 -1
-0.937751 -0.692372 -1
-0.506428 -0.470022 1
-0.385161 -0.672356 -1
-0.309813 -0.658532 -1
-0.569836 -0.968003 -1
-0.820910 -0.414899 1
-0.441352 -0.360288 -1
-0.841168 -0.469141 -1
-0.735550 -0.913959 -1
-0.679214 -0.477305 -1
-0.441670 -0.288882 1
-0.982127 -0.843769 -1
-0.162974 -0.176150 -1
-0.575719 -0.437290 1
-0.420055 -0.859688 -1
-0.440306 -0.978574 1
-0.760859 -0.323895 -1
-0.804643 -0.402489 -1
-0.262096 -0.637212 -1
-0.207853 -0.115149 -1
-0.626888 -0.780772 -1
-0.735539 -0.010647 -1
-0.287326 -0.710430 -1
-0.029176 -0.620693 -1
-0.287438 -0.622734 -1
-0.734810 -0.247189 1
-0.079327 -0.924681 -1
-0.804344 -0.776898 -1
-0.322664 -0.486073 -1
-0.109507 -0.422915 1
-0.963790 -0.532942 -1
-0.114393 -0.256289 1
-0.075317 -0.206015 -1
-0.969253 -0.229135 -1
-0.849691 -0.038861 1
-0.918270 -0.018508 -1
-0.370864 -0.659546 -1
-0.532093 -0.735399 -1
-0.124886 -0.735468 -1
-0.320500 -0.266297 -1
-0.364319 -0.383042 -1
-0.202073 -0.670716 -1
-0.443535 -0.227793 -1
-0.838214 -0.158694 -1
-0.988950 -0.429589 -1
-0.478157 -0.613958 -1
-0.070352 -0.381672 -1
-0.986671 -0.009258 1
-0.925531 -0.549034 -1
-0.819743 -0.605615 1
-0.582252 -0.054044 1
-0.447133 -0.977101 -1
-0.747481 -0.508138 1
-0.329613 -0.289710 -1
-0.653526 -0.153856 -1
-0.263716 -0.291548 1
-0.966820 -0.702820 1
-0.823015 -0.528363 1
-0.308913 -0.370152 1
-0.761917 -0.670762 1
-0.335647 -0.667816 1
-0.023565 -0.274697 1
-0.584720 -0.394515 1
-0.882216 -0.495550 1
-0.251578 -0.949540 -1
-0.602248 -0.866319 -1
-0.626839 -0.579579 1
-0.889240 -0.890220 -1
-0.263675 -0.827109 -1
-0.772019 -0.641278 -1
-0.790078 -0.268600 -1
-0.113254 -0.020466 -1
-0.073551 -0.718856 1
-0.768906 -0.522423 1
-0.959878 -0.000201 1
-0.768037 -0.129388 -1
-0.174809 -0.425632 -1
-0.152907 -0.495971 1
-0.422443 -0.043173 -1
-0.665838 -0.009528 -1
-0.372971 -0.952700 1
-0.372797 -0.618996 -1
-0.621259 -0.093145 1
0.206677 0.487823 -1
0.874838 0.457705 1
0.471907 0.543516 -1
0.645165 0.709249 -1
0.780187 0.261733 1
0.916873 0.435796 -1
0.306271 0.676698 -1
0.701962 0.698026 -1
0.295834 0.190055 -1
0.329394 0.331233 -1
0.313378 0.112653 -1
0.764178 0.981311 -1
0.728959 0.818643 -1
0.785110 0.804063 -1
0.127869 0.766437 -1
0.838177 0.427338 -1
0.915368 0.795555 -1
0.972507 0.736487 -1
0.606808 0.953713 -1
0.973329 0.202620 -1
0.829311 0.880103 1
0.104429 0.884946 -1
0.655500 0.284867 -1
0.286387 0.830279 -1
0.605176 0.005628 -1
0.692946 0.086278 -1
0.288561 0.114454 -1
0.040991 0.539043 1
0.982127 0.117889 1
0.880628 0.063793 -1
0.323743 0.795584 -1
0.957166 0.511169 -1
0.120620 0.121226 -1
0.751822 0.563994 -1
0.143523 0.436063 -1
0.215827 0.150627 -1
0.862412 0.435285 -1
0.578420 0.562369 -1
0.375866 0.578231 1
0.273497 0.004362 -1
0.746355 0.800772 -1
0.737063 0.280635 1
0.615656 0.239508 -1
0.861689 0.423957 -1
0.249390 0.322401 -1
0.054321 0.185207 1
0.512292 0.556247 -1
0.632169 0.048145 -1
0.057129 0.157939 1
0.060411 0.278703 -1
0.511789 0.025202 -1
0.265553 0.297868 -1
0.719907 0.282174 1
0.985801 0.415173 1
0.008316 0.000540 -1
0.149242 0.503018 -1
0.874401 0.540135 -1
0.654657 0.529746 -1
0.241441 0.896400 1
0.877863 0.229013 -1
0.993162 0.382282 -1
0.500135 0.576468 -1
0.227739 0.994763 -1
0.339926 0.050369 -1
0.753104 0.768587 -1
0.626116 0.275074 -1
0.195548 0.489674 -1
0.068807 0.409340 -1
0.016115 0.021555 -1
0.510160 0.881198 -1
0.167686 0.732588 -1
0.735437 0.458962 -1
0.743331 0.495423 -1
0.398692 0.242858 -1
0.868763 0.126890 1
0.032612 0.330847 1
0.945879 0.493088 1
0.559901 0.431772 -1
0.190963 0.365097 -1
0.038977 0.652165 1
0.391636 0.560858 -1
0.372910 0.060012 -1
0.620239 0.648496 -1
0.486846 0.197091 -1
0.334467 0.883188 -1
0.307118 0.254033 -1
0.993647 0.703017 1
0.270320 0.176416 -1
0.833605 0.374119 -1
0.302766 0.431496 -1
0.188693 0.753390 -1
0.219788 0.924594 -1
0.864543 0.948984 1
0.441795 0.894713 -1
0.722507 0.171879 -1
0.888159 0.867485 1
0.857136 0.430442 -1
0.438523 0.630212 -1
0.228682 0.649575 -1
0.345313 0.116701 -1
0.861089 0.206675 -1
0.341727 0.425295 1
0.614135 0.483323 -1
0.478729 0.109244 -1
0.335996 0.012663 -1
0.461022 0.018155 1
0.065124 0.601756 -1
0.747083 0.520014 -1
0.128612 0.867854 -1
0.465070 0.141281 -1
0.504337 0.706045 -1
0.871334 0.970210 -1
0.016083 0.440600 1
0.629419 0.557121 -1
0.202304 0.304574 -1
0.480129 0.114715 1
0.146885 0.228028 1
0.646253 0.293111 -1
0.803876 0.191182 1
0.509411 0.861892 -1
0.449365 0.862730 1
0.996663 0.307942 -1
0.537052 0.850470 -1
0.275382 0.563937 1
0.092528 0.674781 -1
0.145281 0.289413 -1
0.057907 0.865739 -1
0.971067 0.834171 -1
0.834955 0.605268 1
0.891872 0.032747 -1
0.679262 0.903863 -1
0.655275 0.951929 -1
0.898398 0.034046 -1
0.162467 0.293925 -1
0.208942 0.403522 -1
0.794083 0.734086 1
0.847294 0.007480 -1
0.100381 0.226593 -1
0.016590 0.076930 1
0.346289 0.349669 -1
0.549511 0.904994 -1
0.737336 0.706991 -1
0.519796 0.286150 -1
0.312048 0.468013 1
0.466301 0.015214 -1
0.726737 0.564929 -1
0.765243 0.289910 -1
0.198690 0.242431 1
0.347676 0.978394 -1
0.081548 0.091781 1
0.088130 0.389103 -1
0.936137 0.262123 1
0.292805 0.459139 -1
0.919591 0.127387 -1
0.286155 0.799344 -1
0.301211 0.584371 -1
0.346554 0.224365 -1
0.273529 0.456611 1
0.131328 0.551316 -1
0.438491 0.731079 -1
0.373241 0.948681 1
0.779137 0.566218 1
0.557333 0.650139 -1
0.963473 0.446114 -1
0.438231 0.107982 1
0.271483 0.583971 -1
0.416725 0.453602 1
0.575690 0.510402 -1
0.704717 0.331691 -1
0.532574 0.297098 -1
0.436598 0.598120 -1
0.836429 0.831597 1
0.022299 0.180645 -1
0.016156 0.604764 1
0.923931 0.356077 -1
0.411647 0.561670 -1
0.707702 0.898106 1
0.789250 0.974022 -1
0.463586 0.257520 -1
0.880927 0.107836 -1
0.018599 0.724471 -1
0.692241 0.303936 -1
0.931661 0.468603 1
0.284265 0.898549 -1
0.326831 0.836722 1
0.874908 0.948672 -1
0.372817 0.621549 1
0.344222 0.962615 -1
0.871858 0.201793 -1
0.840169 0.295092 -1
0.805364 0.760660 1
0.337713 0.736063 1
0.075987 0.521907 -1
0.683064 0.640078 1
0.687404 0.554911 -1
0.214380 0.412266 -1
0.019811 0.334616 -1
0.799044 0.109588 -1
0.932385 0.817903 -1
0.698259 0.897203 -1
0.343129 0.483516 -1
0.820953 0.006174 1
0.339375 0.920014 1
0.550746 0.533913 -1
0.576841 0.355289 1
0.931492 0.667723 -1
0.880326 0.539682 -1
0.011629 0.046481 1
0.221216 0.629285 -1
0.779067 0.304409 -1
0.494453 0.833149 -1
0.904525 0.564777 -1
0.066462 0.338257 -1
0.879906 0.762131 1
0.033523 0.517995 -1
0.440986 0.295427 -1
0.603945 0.963948 -1
0.558830 0.426188 -1
0.445113 0.353118 -1
0.033792 0.957029 -1
0.159136 0.260856 -1
0.702632 0.327076 -1
0.819468 0.146232 -1
0.601131 0.344575 -1
0.651494 0.059689 1
0.956664 0.349805 -1
0.765115 0.635590 -1
0.907057 0.073459 1
0.487466 0.769575 -1
0.739753 0.108703 -1
0.436921 0.359299 1
0.679450 0.315778 1
0.205711 0.819702 1
0.944331 0.068360 1
0.708844 0.175224 -1
0.995166 0.825710 -1
0.257393 0.675757 -1
0.197796 0.152313 -1
0.076060 0.476595 1
0.437498 0.395062 1
0.676947 0.481886 -1
0.807725 0.411136 1
0.059057 0.608079 -1
0.606685 0.846917 1
0.648720 0.548502 -1
0.321571 0.934370 -1
0.292096 0.762021 -1
0.274676 0.127903 -1
0.311765 0.598755 -1
0.679835 0.291616 -1
