-0.185214 0.034470 -1
-0.755074 0.040337 1
-0.716775 0.551281 1
-0.315269 0.324610 1
-0.880106 0.562918 -1
-0.777452 0.676494 1
-0.820375 0.134084 1
-0.180787 0.325331 -1
-0.802723 0.007953 -1
-0.666727 0.123281 1
-0.961818 0.940225 -1
-0.363598 0.352387 -1
-0.035306 0.047697 1
-0.519625 0.942037 1
-0.678457 0.491237 1
-0.995731 0.773325 -1
-0.751035 0.226792 -1
-0.800186 0.437624 -1
-0.184883 0.021268 1
-0.865189 0.028752 1
-0.282625 0.527404 1
-0.749871 0.529324 -1
-0.196745 0.190175 1
-0.712090 0.993495 -1
-0.906518 0.525360 1
0.340882 -0.860270 1
0.341421 -0.435765 1
0.858680 -0.367353 1
0.565154 -0.442218 -1
0.720204 -0.240779 -1
0.328128 -0.312642 1
0.088650 -0.285161 -1
0.420114 -0.656156 1
0.692011 -0.416543 1
0.170311 -0.806813 -1
0.487891 -0.443867 1
0.667562 -0.566969 1
0.562146 -0.951127 1
0.677844 -0.446018 -1
0.192409 -0.348170 1
0.943069 -0.610285 1
0.847410 -0.763155 1
0.704694 -0.376231 -1
0.897178 -0.448106 1
0.091870 -0.026233 1
0.060484 -0.564972 1
0.323802 -0.523508 1
0.871823 -0.536556 1
0.860967 -0.567239 -1
0.672491 -0.036236 1
-0.569338 -0.342946 -1
-0.877993 -0.734290 -1
-0.608727 -0.361928 -1
-0.087979 -0.488927 -1
-0.542261 -0.580164 -1
-0.335814 -0.683057 -1
-0.574553 -0.665934 -1
-0.711666 -0.298937 -1
-0.467506 -0.790092 -1
-0.833636 -0.849881 1
-0.236881 -0.181524 -1
-0.276247 -0.799012 1
-0.359826 -0.281073 1
-0.039463 -0.322762 -1
-0.768537 -0.331092 1
-0.737185 -0.815314 -1
-0.917503 -0.601659 1
-0.720923 -0.028344 -1
-0.414924 -0.009161 -1
-0.949862 -0.758772 -1
-0.527384 -0.157521 -1
-0.157237 -0.145285 1
-0.186878 -0.878652 1
-0.460872 -0.625458 -1
-0.270358 -0.973081 -1
0.957033 0.213950 -1
0.064802 0.191490 -1
0.066593 0.679071 -1
0.901501 0.607579 1
0.356180 0.569012 1
0.146265 0.739200 -1
0.543826 0.202241 -1
0.067852 0.959494 -1
0.753251 0.240442 -1
0.362967 0.865088 -1
0.076024 0.107807 -1
0.952504 0.055169 -1
0.485641 0.257659 1
0.744206 0.329003 -1
0.580271 0.542266 1
0.632741 0.968576 -1
0.174370 0.025360 -1
0.853992 0.787120 -1
0.759807 0.631554 -1
0.808687 0.905569 -1
0.123866 0.725084 -1
0.867099 0.001109 1
0.420073 0.787116 -1
0.194013 0.425196 -1
0.708746 0.669730 -1
