-0.064514 0.680054 1
-0.091271 0.265731 -1
-0.889795 0.363018 1
-0.940099 0.783318 1
-0.625319 0.424669 1
-0.798888 0.446982 1
-0.196452 0.139686 1
-0.417589 0.022895 1
-0.939503 0.226869 1
-0.362033 0.529409 1
-0.037684 0.787754 1
-0.576224 0.697643 1
-0.822691 0.820575 1
-0.336709 0.127487 1
-0.103642 0.971005 1
-0.686440 0.141282 -1
-0.037584 0.318916 1
-0.679829 0.119491 1
-0.172307 0.642554 1
-0.626871 0.360351 1
-0.294410 0.233249 1
-0.215731 0.294891 1
-0.549350 0.422518 1
-0.688445 0.590461 1
-0.486899 0.817723 -1
0.013087 -0.941645 1
0.110548 -0.661411 1
0.707756 -0.074408 -1
0.844765 -0.674250 1
0.018046 -0.165698 1
0.605151 -0.097444 1
0.506957 -0.613982 1
0.997683 -0.455793 1
0.987696 -0.868526 1
0.374430 -0.984132 1
0.205007 -0.229068 1
0.774876 -0.225439 -1
0.133107 -0.259570 1
0.001030 -0.161514 1
0.358432 -0.948038 1
0.333334 -0.298020 1
0.291156 -0.053399 1
0.686168 -0.835255 -1
0.948787 -0.480343 1
0.566999 -0.036840 1
0.528665 -0.037475 1
0.760513 -0.180737 1
0.486351 -0.647043 1
0.537123 -0.816079 1
0.166189 -0.819390 1
-0.559822 -0.915111 -1
-0.941850 -0.090541 -1
-0.545880 -0.230225 -1
-0.615099 -0.549177 -1
-0.807347 -0.259779 -1
-0.926998 -0.583265 -1
-0.642730 -0.625113 -1
-0.120827 -0.657259 -1
-0.020950 -0.570344 -1
-0.509545 -0.514533 1
-0.366201 -0.469512 -1
-0.820213 -0.283318 -1
-0.244997 -0.692091 -1
-0.263380 -0.910356 -1
-0.987043 -0.866923 -1
-0.684059 -0.845695 -1
-0.670454 -0.799932 -1
-0.905549 -0.619992 -1
-0.562794 -0.617588 -1
-0.693675 -0.306762 -1
-0.895690 -0.204109 -1
-0.673119 -0.863592 -1
-0.136108 -0.385145 -1
-0.427627 -0.600975 -1
-0.762671 -0.084695 -1
0.363152 0.102093 -1
0.751021 0.909512 -1
0.687272 0.274363 -1
0.337441 0.333869 -1
0.463613 0.587698 -1
0.120869 0.988375 1
0.223116 0.435928 -1
0.524613 0.278795 -1
0.881507 0.631071 -1
0.235446 0.940134 -1
0.403706 0.090740 -1
0.436821 0.768928 -1
0.079158 0.735031 1
0.562462 0.191001 -1
0.010357 0.254358 -1
0.826900 0.413299 -1
0.792366 0.896342 -1
0.991165 0.600913 -1
0.281416 0.058200 1
0.742636 0.019686 -1
0.262066 0.018850 -1
0.629464 0.601049 -1
0.976014 0.708759 -1
0.972702 0.540779 -1
0.824579 0.806140 -1
