-0.508970 0.012173 1
-0.331728 0.963737 1
-0.945078 0.415483 1
-0.472015 0.249270 1
-0.575300 0.776240 1
-0.169006 0.168559 1
-0.430481 0.883985 -1
-0.910123 0.491066 -1
-0.637607 0.751767 1
-0.170315 0.737786 -1
-0.760203 0.392851 1
-0.987968 0.871692 1
-0.355455 0.523246 -1
-0.066772 0.070011 1
-0.663859 0.701577 1
-0.528664 0.996344 -1
-0.109980 0.410694 1
-0.045290 0.865223 1
-0.364540 0.437291 -1
-0.822942 0.891924 -1
-0.788516 0.593118 -1
-0.934408 0.854727 -1
-0.662549 0.106320 1
-0.341962 0.154310 1
-0.861985 0.707350 1
-0.052865 0.908650 -1
-0.993839 0.836288 -1
-0.196294 0.316262 1
-0.771069 0.760218 -1
-0.077347 0.783987 1
-0.493128 0.704064 1
-0.395557 0.741712 1
-0.967118 0.382968 -1
-0.815847 0.116864 1
-0.667310 0.326985 1
-0.645502 0.936898 1
-0.987407 0.032117 1
-0.990313 0.197229 1
-0.660152 0.421344 1
-0.077207 0.897341 1
-0.067902 0.136487 -1
-0.925897 0.860119 1
-0.573320 0.079359 -1
-0.525229 0.366695 1
-0.817325 0.055720 -1
-0.476393 0.089923 -1
-0.981530 0.143329 -1
-0.909012 0.821772 1
-0.230726 0.319445 1
-0.476953 0.010997 1
-0.194758 0.184379 -1
-0.052469 0.928221 1
-0.455264 0.901749 -1
-0.146796 0.842914 -1
-0.435001 0.789552 -1
-0.284070 0.018108 -1
-0.759202 0.138645 -1
-0.185098 0.461566 -1
-0.233868 0.971644 -1
-0.551711 0.332992 -1
-0.887845 0.537262 1
-0.476155 0.903357 1
-0.356132 0.690284 1
-0.784433 0.813291 1
-0.897028 0.622490 -1
-0.636083 0.459672 1
-0.983095 0.530888 -1
-0.663321 0.129877 -1
-0.104986 0.603094 1
-0.419694 0.610737 -1
-0.148230 0.697757 -1
-0.295173 0.381692 1
-0.103567 0.817965 -1
-0.560698 0.276966 -1
-0.585028 0.066416 1
-0.777162 0.498373 1
-0.033140 0.059810 1
-0.659054 0.141746 1
-0.979504 0.075745 1
-0.808583 0.190762 1
-0.944105 0.042967 1
-0.742265 0.289466 1
-0.677043 0.215417 -1
-0.500323 0.734583 1
-0.193641 0.388887 1
-0.662069 0.938470 -1
-0.155025 0.011579 1
-0.668645 0.255395 1
-0.093258 0.494382 -1
-0.326458 0.185530 -1
-0.215308 0.931358 -1
-0.543775 0.768657 1
-0.646791 0.467134 -1
-0.973024 0.123836 1
-0.346474 0.500647 -1
-0.511287 0.084839 1
-0.758127 0.133141 -1
-0.829502 0.158393 1
-0.124899 0.522477 1
-0.596373 0.895297 -1
-0.954529 0.759477 1
-0.274613 0.227875 -1
-0.559738 0.888530 1
-0.892436 0.811848 1
-0.974805 0.074001 1
-0.413259 0.892839 1
-0.391868 0.759519 1
-0.424222 0.199230 1
-0.244051 0.966573 -1
-0.044771 0.430820 1
-0.200666 0.439940 -1
-0.192922 0.904864 1
-0.934084 0.191859 1
-0.645673 0.924559 1
-0.287706 0.112861 -1
-0.503527 0.628880 -1
-0.275907 0.639327 1
-0.104386 0.559666 -1
-0.051068 0.637664 1
-0.606932 0.017571 -1
-0.081372 0.596223 1
-0.683441 0.298329 1
-0.318292 0.865057 1
-0.576742 0.400683 1
-0.769162 0.048056 -1
-0.780035 0.954485 1
-0.499713 0.498721 1
-0.234053 0.111339 1
-0.025324 0.312286 1
-0.247557 0.862872 1
-0.372110 0.153517 1
-0.617104 0.461462 -1
-0.577953 0.678442 -1
-0.180199 0.715834 -1
-0.003367 0.351793 -1
-0.600328 0.867549 1
-0.600749 0.913568 1
-0.795776 0.211721 1
-0.440043 0.873609 -1
-0.169492 0.608665 -1
-0.285453 0.906445 -1
-0.437185 0.623684 1
-0.846858 0.359857 1
-0.899297 0.444905 -1
-0.255001 0.037335 1
-0.324056 0.538004 1
-0.648292 0.179297 1
-0.452261 0.905817 -1
-0.438356 0.309702 1
-0.549303 0.640177 1
-0.849041 0.166755 -1
-0.143461 0.677347 1
-0.678389 0.953794 -1
-0.321245 0.617163 1
-0.821092 0.727995 1
-0.298159 0.894110 -1
-0.312576 0.007417 1
-0.701672 0.914164 1
-0.208249 0.297757 1
-0.495227 0.834321 1
-0.510928 0.319513 -1
-0.293307 0.128531 1
-0.015411 0.894928 1
-0.148686 0.462435 -1
-0.329057 0.499477 1
-0.246463 0.551404 -1
-0.400473 0.681886 -1
-0.765911 0.486624 1
-0.168581 0.470529 1
-0.661597 0.101867 -1
-0.171387 0.396221 1
-0.942493 0.790334 -1
-0.142549 0.824599 -1
-0.174256 0.037898 -1
-0.490715 0.389971 1
-0.300652 0.086921 -1
-0.775493 0.721711 1
-0.711177 0.000819 1
-0.873380 0.772026 1
-0.302817 0.015888 1
-0.745582 0.069371 -1
-0.853713 0.757748 1
-0.429602 0.552083 1
-0.599898 0.841983 1
-0.620745 0.825823 1
-0.633453 0.731794 1
-0.146958 0.049552 1
-0.802360 0.663748 -1
-0.062657 0.455766 -1
-0.464922 0.523019 1
-0.574997 0.173672 1
-0.244309 0.242214 1
-0.133855 0.016681 -1
-0.898482 0.130569 1
-0.028994 0.875910 -1
-0.763892 0.737228 -1
-0.414117 0.225832 1
-0.684691 0.599926 1
-0.012944 0.908399 1
-0.687992 0.454931 1
-0.751735 0.689781 -1
-0.035739 0.936351 1
-0.016343 0.958131 1
-0.903057 0.592226 1
-0.466796 0.957264 1
-0.093745 0.212312 -1
-0.868478 0.103997 1
-0.463935 0.385439 -1
-0.878119 0.959093 1
-0.876664 0.962255 -1
-0.125421 0.211280 1
-0.815653 0.629581 -1
-0.666594 0.849107 1
-0.416701 0.513682 -1
-0.878591 0.932733 1
-0.084230 0.637584 -1
-0.436256 0.748453 -1
-0.942313 0.138718 -1
-0.515357 0.915218 1
-0.338937 0.741021 -1
-0.376089 0.358012 -1
-0.495564 0.655106 1
-0.991478 0.466285 1
-0.494672 0.711322 1
-0.754015 0.475011 1
-0.534969 0.606287 1
-0.396939 0.205040 1
-0.991712 0.386039 1
-0.096266 0.622733 -1
-0.628958 0.111909 1
-0.937215 0.677682 1
-0.369577 0.715183 1
-0.611813 0.723103 1
-0.207528 0.107282 1
-0.044464 0.647572 -1
-0.871970 0.185269 1
-0.315524 0.294641 1
-0.753425 0.329372 -1
-0.288330 0.814351 1
-0.204892 0.116191 1
-0.479048 0.563054 -1
-0.745871 0.598383 -1
-0.544221 0.842555 1
-0.602799 0.533717 -1
-0.390847 0.622507 1
-0.391100 0.674484 -1
-0.448466 0.348927 1
-0.694900 0.069737 -1
-0.827971 0.186261 -1
-0.673555 0.736625 -1
0.770632 -0.221919 -1
0.267089 -0.987195 1
0.990235 -0.101310 -1
0.782401 -0.637978 1
0.302292 -0.166964 -1
0.330509 -0.626798 1
0.785607 -0.229128 -1
0.216082 -0.924296 -1
0.863698 -0.031675 -1
0.537298 -0.069004 -1
0.918284 -0.488245 -1
0.911066 -0.941390 1
0.912026 -0.424732 1
0.844650 -0.650117 -1
0.853671 -0.550528 1
0.117826 -0.396289 -1
0.653260 -0.807967 1
0.431576 -0.667352 1
0.996683 -0.175871 1
0.401712 -0.807686 -1
0.928077 -0.147980 1
0.322686 -0.176412 1
0.917757 -0.786576 1
0.217927 -0.644893 1
0.896083 -0.970682 1
0.018643 -0.869659 1
0.609965 -0.750563 1
0.346135 -0.102178 1
0.405130 -0.669051 -1
0.801702 -0.172489 1
0.577317 -0.598635 1
0.386770 -0.527846 1
0.305644 -0.652439 -1
0.840471 -0.320679 -1
0.459598 -0.685230 1
0.331950 -0.669502 -1
0.556513 -0.457248 -1
0.445985 -0.447138 -1
0.601684 -0.248535 -1
0.677321 -0.714528 1
0.997321 -0.148846 -1
0.775756 -0.697740 1
0.610788 -0.671667 1
0.684219 -0.395202 1
0.257466 -0.092562 -1
0.134817 -0.881655 -1
0.613985 -0.729197 -1
0.729023 -0.966156 -1
0.174796 -0.101533 1
0.527015 -0.547481 1
0.802935 -0.970995 1
0.175416 -0.021494 1
0.392499 -0.521285 -1
0.198946 -0.102623 -1
0.854039 -0.210853 1
0.256762 -0.710939 1
0.897808 -0.161502 -1
0.828078 -0.372734 -1
0.414255 -0.308253 -1
0.610890 -0.588656 1
0.269451 -0.058604 1
0.394805 -0.021314 1
0.647450 -0.871061 1
0.768430 -0.575325 1
0.598959 -0.625413 1
0.610402 -0.924615 1
0.412196 -0.240733 -1
0.696888 -0.705399 -1
0.046839 -0.320129 1
0.197412 -0.146802 1
0.470572 -0.708102 1
0.374308 -0.183119 1
0.385078 -0.463691 1
0.603540 -0.734228 -1
0.963113 -0.960966 1
0.199581 -0.429272 1
0.311295 -0.374032 1
0.931216 -0.113861 -1
0.394510 -0.506398 1
0.009464 -0.151419 1
0.524759 -0.016783 1
0.943857 -0.197038 1
0.090951 -0.831007 -1
0.139159 -0.097265 1
0.626795 -0.068315 1
0.299318 -0.901808 -1
0.960477 -0.068879 -1
0.244526 -0.858705 -1
0.087306 -0.434572 1
0.306603 -0.553005 1
0.236042 -0.455088 1
0.945729 -0.620245 1
0.102938 -0.079800 -1
0.178359 -0.070455 1
0.213272 -0.240636 1
0.072288 -0.354734 1
0.820865 -0.568440 -1
0.922211 -0.231956 1
0.451613 -0.213961 -1
0.540502 -0.725825 1
0.376103 -0.262317 1
0.036888 -0.577638 1
0.587497 -0.007729 -1
0.319621 -0.161383 1
0.800135 -0.239745 1
0.703273 -0.349606 1
0.109656 -0.785044 1
0.232021 -0.405651 -1
0.661572 -0.990925 1
0.993787 -0.772252 1
0.007231 -0.938085 -1
0.366880 -0.717844 -1
0.824620 -0.884568 -1
0.909685 -0.282676 -1
0.505665 -0.113196 -1
0.038543 -0.058984 -1
0.569735 -0.396887 1
0.261582 -0.293045 1
0.141350 -0.984062 -1
0.003789 -0.339077 -1
0.989914 -0.909767 1
0.451363 -0.890075 -1
0.104442 -0.178134 -1
0.814369 -0.806607 1
0.641169 -0.069281 1
0.618030 -0.568125 1
0.233439 -0.969444 -1
0.800136 -0.406403 1
0.668240 -0.788349 1
0.484386 -0.617708 1
0.184174 -0.111440 -1
0.263621 -0.352437 -1
0.396762 -0.969590 -1
0.806108 -0.691973 1
0.182931 -0.324106 -1
0.331212 -0.575808 1
0.260159 -0.001454 1
0.818688 -0.406997 1
0.925712 -0.921812 1
0.047983 -0.462393 -1
0.782193 -0.413799 -1
0.273585 -0.108058 1
0.142924 -0.018819 -1
0.897206 -0.344582 -1
0.953489 -0.419718 1
0.124172 -0.210535 1
0.219526 -0.926214 1
0.038912 -0.157543 -1
0.789946 -0.667698 -1
0.602359 -0.258563 -1
0.833329 -0.434604 1
0.683285 -0.754522 1
0.758893 -0.584981 -1
0.104466 -0.944275 1
0.859650 -0.394306 -1
0.140031 -0.912176 -1
0.605191 -0.062394 1
0.393382 -0.131469 1
0.531546 -0.036602 1
0.802318 -0.729991 1
0.276326 -0.091809 1
0.187242 -0.529311 1
0.489653 -0.427398 1
0.287197 -0.913456 1
0.694490 -0.447013 1
0.651447 -0.899720 -1
0.493137 -0.997154 1
0.564518 -0.930180 1
0.747495 -0.085410 1
0.193119 -0.741347 1
0.916672 -0.116365 -1
0.332049 -0.666786 1
0.033921 -0.320163 -1
0.039612 -0.496137 -1
0.242923 -0.328752 -1
0.082057 -0.773489 1
0.795703 -0.824999 -1
0.286611 -0.080207 1
0.663059 -0.278107 -1
0.894715 -0.420159 1
0.838043 -0.478607 1
0.092531 -0.706038 1
0.675958 -0.583027 1
0.992814 -0.321620 -1
0.264512 -0.170202 1
0.135806 -0.085790 1
0.170422 -0.887940 1
0.455175 -0.642544 -1
0.980476 -0.089738 1
0.134623 -0.954537 -1
0.592117 -0.994278 -1
0.406328 -0.125841 -1
0.945395 -0.538037 1
0.696660 -0.529325 1
0.574916 -0.142085 -1
0.829493 -0.948615 1
0.396633 -0.215324 1
0.298510 -0.930887 -1
0.865254 -0.117423 1
0.337159 -0.735377 1
0.472602 -0.273099 -1
0.835328 -0.926802 -1
0.603309 -0.755905 1
0.703263 -0.916648 1
0.852914 -0.601093 -1
0.150520 -0.307256 1
0.040261 -0.622795 1
0.154689 -0.891885 -1
0.586043 -0.800823 -1
0.095864 -0.047427 1
0.191275 -0.133265 1
0.807560 -0.857589 1
0.518506 -0.287962 1
0.055604 -0.417182 1
0.029695 -0.673139 -1
0.908102 -0.061040 -1
0.245230 -0.356311 -1
0.965885 -0.639769 -1
0.806692 -0.044148 1
0.457775 -0.936354 1
0.892544 -0.881054 1
0.832586 -0.233429 -1
0.739281 -0.007472 1
0.510614 -0.207829 -1
0.729502 -0.236083 1
0.142056 -0.419680 1
0.960209 -0.287163 1
0.035812 -0.799510 1
0.230803 -0.729634 1
0.119574 -0.691893 1
0.989098 -0.430627 1
0.152015 -0.449637 1
0.824526 -0.525007 -1
0.824482 -0.247989 -1
0.395259 -0.910327 -1
0.725297 -0.445759 1
0.913899 -0.471880 1
0.627673 -0.612285 1
0.989692 -0.443886 1
0.030870 -0.978520 1
0.675087 -0.160616 -1
0.828599 -0.523438 1
0.850785 -0.115311 1
0.278253 -0.753939 -1
0.479188 -0.519650 1
0.214329 -0.137658 -1
0.749194 -0.184868 1
0.727819 -0.722652 1
0.866775 -0.747844 -1
0.969428 -0.331867 1
-0.922387 -0.008929 -1
-0.163828 -0.934266 -1
-0.502754 -0.150583 1
-0.453060 -0.621440 -1
-0.163449 -0.534861 -1
-0.870441 -0.186376 -1
-0.725378 -0.064936 -1
-0.479081 -0.435121 -1
-0.341384 -0.246205 1
-0.653610 -0.013913 -1
-0.931566 -0.878170 1
-0.396864 -0.116343 1
-0.719378 -0.451416 1
-0.535311 -0.276085 -1
-0.613395 -0.929521 1
-0.873042 -0.556937 -1
-0.596703 -0.784530 -1
-0.001941 -0.877190 1
-0.755649 -0.479892 -1
-0.646260 -0.801778 1
-0.580008 -0.361165 -1
-0.882719 -0.483983 1
-0.207721 -0.640616 1
-0.567123 -0.076660 -1
-0.205101 -0.017181 -1
-0.286865 -0.694780 1
-0.941864 -0.709005 -1
-0.704866 -0.357355 1
-0.784377 -0.688336 -1
-0.893343 -0.477632 -1
-0.407691 -0.847519 1
-0.567698 -0.442177 -1
-0.710976 -0.379041 -1
-0.299188 -0.629594 1
-0.553662 -0.415129 1
-0.525569 -0.259710 -1
-0.345543 -0.948114 -1
-0.578635 -0.157818 1
-0.306349 -0.955822 -1
-0.078415 -0.864637 -1
-0.378820 -0.561139 1
-0.682979 -0.125708 -1
-0.577792 -0.664993 1
-0.336457 -0.547661 1
-0.559297 -0.908335 -1
-0.773227 -0.508459 1
-0.631127 -0.611991 1
-0.957857 -0.380703 -1
-0.298364 -0.665762 -1
-0.652878 -0.355370 -1
-0.020055 -0.797535 -1
-0.845533 -0.941204 -1
-0.182201 -0.318485 -1
-0.475663 -0.364312 1
-0.052269 -0.834874 1
-0.172751 -0.052019 1
-0.812258 -0.930468 1
-0.421329 -0.440834 1
-0.858725 -0.816148 -1
-0.222664 -0.889379 -1
-0.075685 -0.630008 1
-0.685893 -0.644495 1
-0.397395 -0.380517 -1
-0.259536 -0.440352 -1
-0.236019 -0.171281 1
-0.134701 -0.217951 -1
-0.788169 -0.181650 1
-0.887641 -0.485875 1
-0.095099 -0.607006 -1
-0.168561 -0.753970 -1
-0.067446 -0.268324 1
-0.711805 -0.581611 1
-0.620891 -0.066642 -1
-0.572610 -0.120882 -1
-0.744578 -0.462450 -1
-0.856557 -0.835442 -1
-0.788199 -0.125241 -1
-0.232504 -0.012570 -1
-0.971238 -0.892164 1
-0.997236 -0.587682 -1
-0.296619 -0.209730 -1
-0.994871 -0.944390 1
-0.946055 -0.014609 1
-0.306387 -0.548650 1
-0.617604 -0.460499 1
-0.259525 -0.677768 -1
-0.595782 -0.282713 -1
-0.337377 -0.546380 -1
-0.517424 -0.468279 -1
-0.094578 -0.935589 -1
-0.261673 -0.728274 1
-0.136701 -0.096104 1
-0.123729 -0.661765 -1
-0.247782 -0.395522 -1
-0.359239 -0.589206 -1
-0.096519 -0.185675 -1
-0.634688 -0.583924 1
-0.345987 -0.158801 -1
-0.202453 -0.975995 -1
-0.070137 -0.799105 -1
-0.849622 -0.091919 1
-0.874200 -0.705953 -1
-0.604697 -0.257507 1
-0.485328 -0.452711 -1
-0.213983 -0.996475 -1
-0.037335 -0.858703 -1
-0.818315 -0.712470 -1
-0.150136 -0.741370 -1
-0.864789 -0.599118 1
-0.709513 -0.550554 1
-0.084678 -0.595493 -1
-0.879282 -0.820441 -1
-0.176699 -0.618225 -1
-0.199995 -0.817602 -1
-0.980723 -0.438717 1
-0.879411 -0.354449 1
-0.551967 -0.282662 1
-0.486989 -0.822009 1
-0.342977 -0.413899 -1
-0.843912 -0.101246 -1
-0.755050 -0.531112 1
-0.484528 -0.189360 1
-0.249157 -0.833965 1
-0.574291 -0.266502 -1
-0.842945 -0.713180 -1
-0.629959 -0.646512 -1
-0.757707 -0.466539 -1
-0.193708 -0.096115 1
-0.700827 -0.957076 -1
-0.420246 -0.575969 1
-0.639671 -0.890718 1
-0.556672 -0.272423 -1
-0.798069 -0.805760 1
-0.816235 -0.473553 -1
-0.322259 -0.908893 1
-0.998162 -0.429030 1
-0.804440 -0.180891 1
-0.884822 -0.383329 -1
-0.119995 -0.392037 1
-0.384426 -0.875697 -1
-0.045071 -0.798377 1
-0.076123 -0.688569 1
-0.484300 -0.341690 -1
-0.088070 -0.441857 -1
-0.218717 -0.591340 1
-0.582643 -0.095018 -1
-0.787864 -0.104219 1
-0.834664 -0.356915 -1
-0.115618 -0.244134 1
-0.924509 -0.805290 -1
-0.340181 -0.807820 -1
-0.735399 -0.854632 1
-0.724051 -0.662658 -1
-0.926948 -0.336038 1
-0.771345 -0.808987 1
-0.035372 -0.606731 -1
-0.698645 -0.546499 -1
-0.555096 -0.792352 1
-0.322032 -0.696707 1
-0.849408 -0.728347 1
-0.518704 -0.046315 1
-0.222958 -0.010043 -1
-0.430052 -0.373200 1
-0.831098 -0.801091 -1
-0.046026 -0.663537 -1
-0.436190 -0.848564 -1
-0.840998 -0.529402 -1
-0.981485 -0.021568 1
-0.076787 -0.146413 -1
-0.693880 -0.634695 -1
-0.834306 -0.226825 1
-0.461565 -0.318077 -1
-0.053383 -0.334219 -1
-0.787766 -0.513666 -1
-0.570470 -0.102079 -1
-0.675682 -0.849498 -1
-0.954196 -0.431019 -1
-0.589546 -0.098290 -1
-0.616702 -0.719887 -1
-0.061710 -0.801298 -1
-0.438842 -0.892576 1
-0.084024 -0.786022 1
-0.408318 -0.950610 1
-0.177302 -0.232758 1
-0.120919 -0.343210 -1
-0.759883 -0.019467 -1
-0.711894 -0.503726 -1
-0.817867 -0.784067 -1
-0.612471 -0.368000 -1
-0.085281 -0.725565 -1
-0.681951 -0.022863 1
-0.841960 -0.345367 -1
-0.609303 -0.486434 1
-0.048384 -0.273232 -1
-0.285491 -0.914882 1
-0.586086 -0.659739 1
-0.320934 -0.172742 1
-0.301486 -0.742031 -1
-0.883981 -0.932057 -1
-0.304515 -0.383159 -1
-0.093278 -0.954972 -1
-0.158543 -0.255386 1
-0.146542 -0.045429 -1
-0.855484 -0.793019 -1
-0.088614 -0.751669 -1
-0.766486 -0.288268 -1
-0.773099 -0.855121 1
-0.920561 -0.556479 -1
-0.229057 -0.715999 1
-0.004205 -0.961854 1
-0.348202 -0.396564 1
-0.450996 -0.824949 1
-0.784697 -0.431103 -1
-0.517709 -0.039294 -1
-0.014624 -0.470516 -1
-0.386342 -0.227256 -1
-0.185029 -0.002927 1
-0.340620 -0.494042 -1
-0.838544 -0.185381 -1
-0.972758 -0.717325 -1
-0.760638 -0.873231 -1
-0.462297 -0.506831 1
-0.308626 -0.146607 1
-0.326944 -0.075042 1
-0.485668 -0.762750 1
-0.847148 -0.073726 -1
-0.644885 -0.578647 -1
-0.257707 -0.959453 1
-0.492856 -0.807368 1
-0.227228 -0.791986 -1
-0.937587 -0.991438 1
-0.003832 -0.662570 1
-0.866352 -0.983268 1
-0.908048 -0.162896 1
-0.601152 -0.926706 -1
-0.526604 -0.087117 1
-0.661544 -0.239075 -1
-0.527402 -0.453785 -1
-0.298829 -0.109079 1
-0.194291 -0.254157 1
-0.172856 -0.211005 -1
-0.862082 -0.446545 -1
-0.107289 -0.400591 -1
-0.216346 -0.108113 -1
-0.109330 -0.541693 -1
-0.243804 -0.467654 1
-0.197227 -0.022725 -1
-0.159103 -0.459497 -1
-0.460245 -0.931713 -1
-0.142450 -0.673648 -1
0.581651 0.575343 -1
0.469681 0.794928 1
0.212238 0.136229 -1
0.716012 0.121755 -1
0.220464 0.486413 1
0.528942 0.938253 1
0.693512 0.220789 -1
0.742137 0.759164 -1
0.364953 0.162798 -1
0.798227 0.248492 1
0.807776 0.173207 1
0.712931 0.861213 -1
0.749888 0.835825 -1
0.449349 0.155849 1
0.210876 0.312653 -1
0.994701 0.140775 -1
0.086994 0.905882 -1
0.160009 0.816087 -1
0.920973 0.117259 -1
0.802745 0.476949 1
0.308690 0.438684 1
0.334646 0.271865 -1
0.621960 0.749203 -1
0.487684 0.969019 -1
0.388922 0.291218 1
0.382604 0.942984 -1
0.912216 0.888736 1
0.897543 0.827921 1
0.251081 0.107641 1
0.362259 0.103277 -1
0.889269 0.641122 -1
0.480622 0.047541 1
0.732133 0.618405 -1
0.340527 0.702777 -1
0.082780 0.090005 -1
0.461232 0.084179 -1
0.819218 0.338241 -1
0.720328 0.632858 -1
0.233855 0.247553 -1
0.223375 0.462795 1
0.485247 0.106965 1
0.155945 0.388832 1
0.998750 0.636827 -1
0.527603 0.203757 1
0.188554 0.321660 1
0.569238 0.380078 -1
0.300044 0.815881 -1
0.020337 0.886307 -1
0.532177 0.822240 -1
0.554176 0.987780 -1
0.775950 0.859219 1
0.288342 0.932722 -1
0.675090 0.171454 1
0.330482 0.679401 -1
0.460193 0.173543 -1
0.022140 0.326469 1
0.031441 0.353362 -1
0.349889 0.896603 -1
0.411540 0.240368 -1
0.120468 0.998427 1
0.653105 0.787088 -1
0.683356 0.875024 1
0.918382 0.918517 -1
0.164201 0.786731 1
0.659218 0.655329 -1
0.688528 0.312912 1
0.350724 0.625558 1
0.629341 0.283981 -1
0.032838 0.292031 -1
0.688060 0.342351 -1
0.759612 0.661438 -1
0.553790 0.344415 1
0.052530 0.164194 1
0.866805 0.985566 1
0.348038 0.617175 1
0.130101 0.439529 -1
0.405216 0.811776 1
0.733223 0.849027 -1
0.475112 0.163245 -1
0.099859 0.573333 1
0.029780 0.056870 -1
0.073920 0.734529 1
0.379472 0.065284 1
0.109553 0.165234 -1
0.915673 0.214139 1
0.337957 0.112831 -1
0.026306 0.865437 1
0.142354 0.617319 -1
0.365629 0.343995 1
0.663808 0.643986 1
0.598801 0.574182 1
0.512931 0.618325 1
0.934321 0.064210 -1
0.211326 0.266407 -1
0.896868 0.129170 -1
0.162849 0.320323 -1
0.196928 0.858637 1
0.016769 0.679513 -1
0.003604 0.991500 -1
0.267873 0.921262 -1
0.232640 0.919740 1
0.628073 0.015740 1
0.748203 0.167144 -1
0.236513 0.699579 1
0.497640 0.806006 -1
0.958101 0.955452 1
0.715933 0.643479 -1
0.742791 0.384042 1
0.985175 0.085010 -1
0.382879 0.665412 1
0.990555 0.560316 -1
0.705575 0.955508 -1
0.034217 0.757117 -1
0.616590 0.407433 -1
0.494456 0.214372 1
0.076126 0.472372 1
0.830679 0.499507 -1
0.549535 0.329314 1
0.152154 0.669990 -1
0.953678 0.443891 -1
0.235660 0.297916 -1
0.530577 0.922719 1
0.665931 0.143324 1
0.335759 0.888251 -1
0.533492 0.774842 1
0.099807 0.982383 -1
0.337169 0.127095 -1
0.332797 0.213740 -1
0.371017 0.139981 1
0.200092 0.956579 -1
0.005504 0.001406 -1
0.248058 0.686649 1
0.367974 0.395289 -1
0.112887 0.277100 1
0.574730 0.901041 -1
0.469935 0.484725 -1
0.407775 0.462925 -1
0.831926 0.355812 -1
0.548646 0.422848 -1
0.382432 0.165986 -1
0.703543 0.746074 -1
0.778292 0.821150 -1
0.883423 0.525262 -1
0.769838 0.680793 -1
0.857205 0.519466 -1
0.172407 0.529295 -1
0.406555 0.314747 -1
0.758522 0.399277 1
0.867796 0.961040 -1
0.102496 0.404377 1
0.870621 0.325537 1
0.556018 0.786953 1
0.686986 0.110560 1
0.977827 0.445744 -1
0.450288 0.079388 -1
0.599303 0.179428 -1
0.550638 0.097857 1
0.654351 0.070994 -1
0.818744 0.626382 -1
0.056932 0.644160 -1
0.192808 0.678885 1
0.492524 0.320240 1
0.892220 0.569901 1
0.381148 0.620002 -1
0.829157 0.788631 -1
0.170081 0.778784 -1
0.740318 0.901695 -1
0.327729 0.992039 -1
0.137738 0.499571 1
0.394797 0.583787 1
0.337671 0.078031 -1
0.862364 0.341755 -1
0.891982 0.541674 -1
0.708760 0.261152 -1
0.679414 0.365578 -1
0.340880 0.773474 1
0.549343 0.512455 1
0.070983 0.233145 1
0.899470 0.194573 -1
0.225554 0.671635 -1
0.317243 0.812440 -1
0.440336 0.037789 -1
0.568768 0.509487 -1
0.710610 0.631435 1
0.150907 0.290607 1
0.666397 0.801600 -1
0.374370 0.133356 -1
0.271148 0.242168 -1
0.976942 0.488529 1
0.858631 0.343297 -1
0.495229 0.960026 1
0.520972 0.251954 -1
0.437126 0.049204 -1
0.747029 0.601272 1
0.633831 0.901156 1
0.444133 0.445926 -1
0.205923 0.986149 -1
0.047079 0.967177 1
0.152953 0.342543 -1
0.212321 0.579997 -1
0.188751 0.832658 1
0.179536 0.153433 1
0.745259 0.386907 -1
0.276652 0.828432 1
0.924499 0.974235 -1
0.051015 0.513974 1
0.468511 0.339865 1
0.648471 0.152214 -1
0.875845 0.235169 -1
0.407442 0.558104 1
0.077621 0.194731 -1
0.089122 0.339814 -1
0.699089 0.271176 -1
0.276136 0.033867 1
0.552208 0.531455 -1
0.620410 0.421589 1
0.760609 0.001604 -1
0.209470 0.372524 -1
0.827336 0.131810 1
0.277961 0.992522 1
0.824779 0.666343 1
0.549370 0.810122 -1
0.599931 0.282419 -1
0.863204 0.874350 1
0.436570 0.280227 -1
0.172749 0.383827 -1
0.249301 0.403828 -1
0.963884 0.011004 -1
0.286190 0.528104 -1
0.254422 0.602039 -1
0.782501 0.120000 -1
0.062856 0.528298 -1
0.045184 0.720754 1
0.547039 0.389980 1
0.581729 0.159381 1
0.952039 0.823634 1
0.964549 0.789055 -1
0.448239 0.086231 1
0.958630 0.465985 -1
0.360501 0.130656 -1
0.624914 0.244484 1
0.253613 0.512687 -1
0.159951 0.658103 -1
0.918669 0.984339 -1
0.978010 0.722845 -1
0.730509 0.735987 1
0.879638 0.783125 1
0.239555 0.835739 1
0.526598 0.349527 -1
0.730223 0.244490 -1
