-0.657821 0.167423 1
-0.942155 0.253729 1
-0.458576 0.519692 1
-0.135449 0.649079 1
-0.222257 0.357903 1
-0.435569 0.489788 1
-0.491848 0.055255 -1
-0.050321 0.173691 1
-0.026233 0.462505 1
-0.258625 0.361000 1
-0.532872 0.348845 1
-0.235345 0.626717 -1
-0.099294 0.943547 1
-0.432062 0.762526 1
-0.200790 0.269805 1
-0.272234 0.360948 1
-0.282149 0.136595 -1
-0.053582 0.876878 1
-0.800153 0.590465 -1
-0.282037 0.883620 1
-0.631693 0.839353 1
-0.701169 0.871138 1
-0.937636 0.632861 1
-0.756523 0.456991 1
-0.211776 0.027593 -1
-0.275783 0.309142 -1
-0.681537 0.894578 1
-0.475294 0.513075 1
-0.444869 0.238400 1
-0.169296 0.524168 -1
-0.031828 0.595050 -1
-0.995795 0.471085 1
-0.519975 0.688425 1
-0.505603 0.124300 1
-0.566451 0.308769 1
-0.892551 0.929844 1
-0.579362 0.461097 1
-0.793372 0.995871 1
-0.019133 0.894655 1
-0.652199 0.423225 1
-0.640961 0.355269 1
-0.558761 0.410540 1
-0.996710 0.062892 1
-0.307346 0.673149 1
-0.433657 0.009765 1
-0.357194 0.083022 1
-0.867231 0.604268 1
-0.142484 0.133267 -1
-0.740625 0.460070 1
-0.721840 0.144417 1
-0.034282 0.517181 1
-0.962382 0.218624 1
-0.755310 0.924723 1
-0.917187 0.158437 1
-0.238753 0.524368 1
-0.843963 0.009868 1
-0.219359 0.630978 1
-0.234616 0.705076 1
-0.637807 0.189608 1
-0.187580 0.596265 1
-0.876205 0.100507 1
-0.916158 0.458672 1
-0.801703 0.191277 -1
-0.535134 0.936804 -1
-0.761881 0.685961 1
-0.374995 0.526538 1
-0.729617 0.972349 1
-0.210325 0.541635 -1
-0.210058 0.388196 1
-0.434700 0.498786 1
-0.713453 0.367748 1
-0.705173 0.216240 1
-0.273021 0.047607 1
-0.004284 0.681307 1
-0.764043 0.055589 1
-0.211911 0.660701 1
-0.624975 0.442530 1
-0.159004 0.435469 -1
-0.894995 0.420943 1
-0.326705 0.804924 -1
-0.775888 0.902374 -1
-0.874573 0.522990 1
-0.463833 0.409161 1
-0.469882 0.111094 1
-0.471330 0.615930 1
-0.141621 0.831232 1
-0.441186 0.939102 -1
-0.821934 0.377372 -1
-0.459408 0.517145 1
-0.732485 0.611216 1
-0.083791 0.331366 1
-0.204913 0.418348 1
-0.896983 0.283777 -1
-0.329774 0.871711 1
-0.552887 0.468996 -1
-0.319453 0.896172 -1
-0.151434 0.723475 1
-0.832583 0.697656 -1
-0.085743 0.939748 1
-0.297455 0.219235 1
-0.252015 0.826840 1
-0.056343 0.053207 1
-0.172506 0.198284 1
-0.533000 0.940987 1
-0.140951 0.108535 -1
-0.442168 0.919237 1
-0.879860 0.356178 -1
-0.630453 0.648059 1
-0.948120 0.441068 -1
-0.005825 0.557248 -1
-0.849756 0.762596 -1
-0.001659 0.009388 1
-0.346641 0.960613 1
-0.411314 0.140448 1
-0.648084 0.511750 -1
-0.808440 0.897374 1
-0.832297 0.972461 1
-0.551202 0.439215 1
-0.375087 0.066600 -1
-0.118640 0.304699 1
-0.296328 0.822683 1
-0.422929 0.882786 1
-0.582862 0.219697 1
-0.237943 0.657518 1
-0.150407 0.670223 1
-0.919056 0.795007 1
-0.299441 0.184408 1
-0.893492 0.287309 1
-0.229040 0.934286 1
-0.466209 0.160135 1
-0.034803 0.065930 1
-0.344238 0.654927 1
-0.710849 0.116812 -1
-0.544296 0.649849 -1
-0.965987 0.799845 1
-0.297150 0.289781 1
-0.120074 0.427553 1
-0.822858 0.254038 1
-0.245520 0.803376 1
-0.953591 0.358746 1
-0.857845 0.978648 1
-0.731883 0.476156 1
-0.516419 0.731432 1
-0.098554 0.251081 1
-0.157871 0.060280 1
-0.988527 0.419174 1
-0.512603 0.865741 1
-0.268702 0.223130 1
-0.334010 0.663200 1
-0.684511 0.490009 1
-0.426998 0.369747 1
-0.880102 0.626411 1
-0.230035 0.909409 1
-0.398494 0.573629 1
-0.663632 0.976928 1
-0.782887 0.552240 1
-0.182196 0.500072 1
-0.665738 0.260193 1
-0.961247 0.946146 1
-0.657232 0.494860 1
-0.601429 0.919967 1
-0.476816 0.036141 1
-0.641171 0.380143 1
-0.594582 0.116795 1
-0.876099 0.985664 1
-0.436228 0.363870 1
-0.481185 0.303689 1
-0.127848 0.974672 1
-0.817564 0.346061 1
-0.777274 0.067444 1
-0.713132 0.462652 1
-0.032324 0.893008 1
-0.691509 0.705233 1
-0.157221 0.830082 1
-0.067804 0.001805 1
-0.371074 0.267584 1
-0.810014 0.871976 1
-0.839265 0.114851 1
-0.026787 0.293195 1
-0.546862 0.064035 -1
-0.670105 0.902805 -1
-0.283086 0.180468 -1
-0.913568 0.416214 1
-0.170259 0.601846 1
-0.398992 0.342377 1
-0.602516 0.531461 1
-0.875006 0.099789 1
-0.403678 0.912827 1
-0.677919 0.133728 1
-0.183556 0.577450 1
-0.700241 0.870309 1
-0.208593 0.114520 1
-0.994281 0.709050 1
-0.449762 0.002499 1
-0.278123 0.291249 1
-0.353588 0.259109 1
-0.921418 0.423631 1
-0.524928 0.394506 1
-0.437183 0.116690 1
-0.255443 0.548017 1
-0.803822 0.456470 1
-0.089687 0.027042 1
-0.354308 0.998322 1
-0.356351 0.609368 1
-0.993712 0.800582 1
-0.049453 0.954408 1
-0.681659 0.395125 1
-0.751289 0.994002 -1
-0.629672 0.707626 1
-0.277469 0.219142 -1
-0.929665 0.719792 -1
-0.218950 0.904902 1
-0.368817 0.452914 1
-0.203521 0.578545 1
-0.582800 0.139895 1
-0.015792 0.442705 1
-0.135163 0.928465 -1
-0.687558 0.743532 1
-0.706259 0.521959 -1
-0.709431 0.274756 -1
-0.896260 0.633207 1
-0.926817 0.917943 1
-0.034793 0.485317 -1
-0.902958 0.550866 1
-0.090821 0.307491 1
-0.251496 0.164536 1
-0.233410 0.747782 1
-0.160891 0.747590 1
-0.785688 0.695123 -1
-0.928570 0.907423 -1
-0.505894 0.005399 1
-0.661199 0.991968 1
-0.258161 0.886083 1
-0.324859 0.807878 1
-0.172896 0.541798 1
-0.444986 0.966676 1
-0.806671 0.709600 1
-0.345587 0.071757 1
-0.119841 0.822839 -1
-0.098083 0.557442 1
-0.553247 0.035622 1
-0.082779 0.903877 -1
-0.512887 0.421392 1
-0.159295 0.272659 1
-0.328108 0.125263 1
-0.841594 0.197702 1
-0.570358 0.928370 -1
-0.208133 0.979363 -1
-0.264625 0.871307 1
-0.644089 0.313373 -1
0.598621 -0.490036 1
0.751135 -0.744055 1
0.668951 -0.882552 1
0.861906 -0.371980 -1
0.330435 -0.436384 -1
0.837483 -0.989065 1
0.121852 -0.460602 1
0.093828 -0.852319 1
0.212133 -0.103641 1
0.193640 -0.759466 1
0.717312 -0.422580 1
0.268357 -0.035590 1
0.607616 -0.340325 1
0.617940 -0.470163 1
0.348205 -0.750578 -1
0.039731 -0.454932 1
0.016498 -0.669588 1
0.793903 -0.864985 1
0.936983 -0.319148 1
0.184014 -0.749275 -1
0.107611 -0.955840 1
0.359004 -0.975111 1
0.500268 -0.935984 1
0.932146 -0.791215 1
0.456986 -0.997173 1
0.553398 -0.630254 1
0.114559 -0.922473 1
0.095630 -0.398669 1
0.521388 -0.955423 1
0.461473 -0.360508 1
0.333451 -0.400709 -1
0.904545 -0.237959 -1
0.589037 -0.864871 1
0.893348 -0.799456 1
0.977619 -0.096482 1
0.170860 -0.445402 1
0.508521 -0.478000 1
0.868322 -0.997449 1
0.658742 -0.147011 1
0.887685 -0.331669 1
0.085516 -0.001320 1
0.184924 -0.585386 -1
0.628421 -0.708088 1
0.323496 -0.453165 1
0.363470 -0.001967 1
0.338263 -0.630323 1
0.857886 -0.723229 -1
0.682880 -0.515810 1
0.225403 -0.572618 1
0.220077 -0.097921 -1
0.063332 -0.888835 1
0.211238 -0.397209 -1
0.757003 -0.694647 1
0.744588 -0.290391 1
0.639208 -0.435234 1
0.175199 -0.474895 1
0.311117 -0.064060 1
0.009115 -0.119237 -1
0.426348 -0.658761 -1
0.388884 -0.784846 1
0.565224 -0.772636 1
0.858119 -0.832315 1
0.280080 -0.077385 -1
0.148028 -0.105849 1
0.814772 -0.010269 1
0.939147 -0.536011 1
0.175361 -0.354839 1
0.314147 -0.350583 -1
0.036885 -0.347774 -1
0.710986 -0.762922 1
0.232320 -0.197340 1
0.763183 -0.020837 1
0.465077 -0.138626 1
0.758414 -0.645148 -1
0.533034 -0.565774 1
0.979981 -0.003297 1
0.281317 -0.624884 1
0.229662 -0.875087 1
0.553332 -0.940772 -1
0.984043 -0.980753 1
0.264165 -0.614305 1
0.720308 -0.494847 1
0.344514 -0.759620 -1
0.742774 -0.709155 1
0.802987 -0.733935 1
0.472835 -0.031957 -1
0.634259 -0.409412 1
0.900834 -0.605457 1
0.311705 -0.335268 -1
0.653784 -0.446087 1
0.421704 -0.721649 1
0.163750 -0.091271 1
0.016864 -0.740274 1
0.630924 -0.159354 1
0.913345 -0.980353 1
0.760209 -0.675843 1
0.314973 -0.305310 1
0.837172 -0.179095 1
0.157310 -0.630227 1
0.730718 -0.487663 1
0.838773 -0.241805 1
0.918012 -0.118396 1
0.774748 -0.514405 1
0.772343 -0.139894 -1
0.939586 -0.645385 1
0.859557 -0.285452 1
0.454582 -0.270521 1
0.103401 -0.545390 1
0.225634 -0.787813 1
0.429947 -0.627956 1
0.904399 -0.912936 1
0.799023 -0.057907 1
0.439554 -0.929693 -1
0.313887 -0.446915 1
0.761321 -0.527033 -1
0.106704 -0.988794 1
0.472926 -0.745022 1
0.397731 -0.795456 1
0.174948 -0.400591 1
0.854857 -0.695259 1
0.467494 -0.787968 1
0.030166 -0.282647 1
0.136060 -0.783078 1
0.137321 -0.879648 1
0.648925 -0.776101 1
0.878941 -0.854105 1
0.468530 -0.769565 -1
0.086550 -0.996755 1
0.262257 -0.370255 1
0.757358 -0.297864 1
0.339182 -0.334847 -1
0.593288 -0.495343 1
0.126167 -0.789187 1
0.286057 -0.863206 1
0.697494 -0.049085 1
0.385634 -0.572450 1
0.225476 -0.465286 1
0.256884 -0.194554 1
0.845275 -0.701764 1
0.130192 -0.031203 -1
0.860574 -0.054325 1
0.122386 -0.819647 1
0.190227 -0.816293 -1
0.091293 -0.123598 1
0.971953 -0.915480 1
0.516967 -0.249640 -1
0.615053 -0.370152 1
0.040507 -0.974813 1
0.918686 -0.356439 1
0.268858 -0.884533 1
0.396932 -0.698432 1
0.539835 -0.037695 1
0.401155 -0.423236 1
0.629145 -0.426080 1
0.523545 -0.860427 -1
0.634756 -0.706444 1
0.164323 -0.858429 1
0.834382 -0.224333 1
0.454482 -0.947341 -1
0.281209 -0.579468 1
0.232204 -0.003098 1
0.985783 -0.955668 1
0.472932 -0.578467 -1
0.389235 -0.964471 1
0.342084 -0.594218 1
0.562434 -0.989712 1
0.005291 -0.020967 1
0.915494 -0.070342 1
0.330660 -0.060364 1
0.063584 -0.823287 1
0.097721 -0.751292 1
0.867017 -0.926237 1
0.771705 -0.596933 1
0.251694 -0.145975 1
0.086921 -0.363235 1
0.659549 -0.681073 1
0.423741 -0.070609 1
0.185352 -0.126479 1
0.685935 -0.479721 1
0.388169 -0.681678 1
0.775660 -0.936940 1
0.172528 -0.836136 1
0.387892 -0.977833 1
0.733020 -0.620944 -1
0.407772 -0.775567 -1
0.316021 -0.773958 1
0.851859 -0.658758 1
0.064401 -0.268924 1
0.800634 -0.513979 1
0.123511 -0.360044 -1
0.621387 -0.048788 1
0.920304 -0.070634 1
0.170853 -0.877585 -1
0.120555 -0.491502 1
0.693230 -0.035294 1
0.986045 -0.884806 1
0.544963 -0.448590 1
0.829094 -0.591921 -1
0.276848 -0.991120 1
0.348937 -0.107382 1
0.186915 -0.366203 -1
0.391966 -0.942737 -1
0.691156 -0.888712 -1
0.151356 -0.183405 1
0.325506 -0.917683 1
0.069008 -0.753982 1
0.739640 -0.271067 1
0.194283 -0.663477 1
0.577912 -0.084208 1
0.605434 -0.845442 1
0.113281 -0.435255 1
0.095898 -0.014617 1
0.902875 -0.361262 1
0.021568 -0.701737 1
0.669423 -0.433093 1
0.137682 -0.498566 -1
0.328253 -0.026784 1
0.312561 -0.027115 1
0.853422 -0.625382 1
0.382485 -0.644217 1
0.888825 -0.667898 1
0.856089 -0.353947 -1
0.664740 -0.320203 1
0.893019 -0.299878 1
0.272215 -0.957129 1
0.642199 -0.138085 1
0.163111 -0.019731 1
0.375974 -0.541498 -1
0.393881 -0.137651 1
0.322991 -0.892105 1
0.990547 -0.117226 -1
0.785933 -0.036661 1
0.145127 -0.437587 1
0.114511 -0.719594 1
0.578100 -0.497882 1
0.220963 -0.941009 1
0.045837 -0.886490 1
0.557239 -0.593148 1
0.552378 -0.944624 1
0.591144 -0.869133 1
0.595683 -0.037765 1
0.509845 -0.323916 -1
0.996689 -0.322083 1
0.439937 -0.837356 1
0.375951 -0.000031 1
0.324931 -0.108310 1
0.192199 -0.183795 1
0.037368 -0.530022 1
0.353931 -0.570103 1
0.807850 -0.919476 1
-0.155085 -0.379750 -1
-0.583205 -0.415687 -1
-0.495439 -0.953286 -1
-0.599697 -0.001128 -1
-0.205485 -0.890910 -1
-0.298999 -0.875245 1
-0.700758 -0.118822 1
-0.953954 -0.055717 -1
-0.906911 -0.033301 -1
-0.981432 -0.679954 -1
-0.196720 -0.103758 -1
-0.236737 -0.242200 -1
-0.432509 -0.042526 1
-0.737411 -0.363368 -1
-0.916741 -0.203906 1
-0.385081 -0.716401 -1
-0.530981 -0.263836 1
-0.797511 -0.502510 -1
-0.182871 -0.256944 -1
-0.964588 -0.589377 1
-0.744833 -0.322103 1
-0.761643 -0.557064 1
-0.628110 -0.133511 -1
-0.060764 -0.202926 1
-0.840127 -0.109201 -1
-0.404849 -0.937515 1
-0.852846 -0.358197 -1
-0.824632 -0.695000 -1
-0.534944 -0.686992 1
-0.066849 -0.677114 -1
-0.074398 -0.180878 -1
-0.827852 -0.961178 1
-0.465735 -0.682018 1
-0.001247 -0.927973 -1
-0.300490 -0.052546 -1
-0.765840 -0.388811 -1
-0.960299 -0.341337 1
-0.889114 -0.853554 -1
-0.055413 -0.606412 -1
-0.408981 -0.652708 1
-0.786241 -0.999911 -1
-0.971463 -0.772003 -1
-0.852957 -0.418426 1
-0.728562 -0.100302 1
-0.949076 -0.975043 1
-0.956231 -0.359878 -1
-0.786103 -0.338410 1
-0.034495 -0.733751 -1
-0.439398 -0.559195 -1
-0.113456 -0.921855 -1
-0.667264 -0.702503 -1
-0.270879 -0.135677 -1
-0.800046 -0.181812 -1
-0.344870 -0.387768 -1
-0.717754 -0.935852 -1
-0.746341 -0.062227 -1
-0.801645 -0.949211 -1
-0.277115 -0.784858 -1
-0.361495 -0.771995 -1
-0.249216 -0.525383 1
-0.869631 -0.618813 1
-0.444924 -0.180904 -1
-0.204352 -0.884816 -1
-0.045959 -0.993917 1
-0.122067 -0.789360 -1
-0.962430 -0.312720 -1
-0.706408 -0.567451 -1
-0.640645 -0.540969 1
-0.637670 -0.875295 -1
-0.532121 -0.811092 -1
-0.466877 -0.607541 -1
-0.085569 -0.757420 1
-0.038094 -0.327111 1
-0.646991 -0.964453 -1
-0.360156 -0.546444 1
-0.499469 -0.644188 -1
-0.713520 -0.331700 1
-0.044503 -0.453780 -1
-0.256076 -0.360949 -1
-0.178597 -0.117904 -1
-0.627945 -0.925326 -1
-0.385982 -0.483873 -1
-0.548403 -0.322318 -1
-0.118868 -0.561666 -1
-0.639123 -0.818219 -1
-0.471523 -0.646314 -1
-0.153830 -0.922759 -1
-0.817862 -0.007158 -1
-0.910771 -0.893522 1
-0.260794 -0.785949 -1
-0.339347 -0.638517 -1
-0.185882 -0.579400 -1
-0.583394 -0.687358 1
-0.984960 -0.651561 1
-0.992159 -0.313576 1
-0.203922 -0.011209 -1
-0.017470 -0.887635 -1
-0.398088 -0.669222 -1
-0.638183 -0.127929 -1
-0.994297 -0.440031 -1
-0.466463 -0.661401 -1
-0.313740 -0.942600 -1
-0.951822 -0.396960 -1
-0.944988 -0.864553 -1
-0.739615 -0.662371 -1
-0.981426 -0.986240 -1
-0.230065 -0.799294 -1
-0.678832 -0.035524 -1
-0.810413 -0.918529 -1
-0.938080 -0.972479 -1
-0.756857 -0.046809 1
-0.305160 -0.999632 -1
-0.330597 -0.437396 -1
-0.419072 -0.964752 1
-0.094868 -0.643652 1
-0.894922 -0.849146 -1
-0.611923 -0.666821 1
-0.997846 -0.153773 -1
-0.759383 -0.590810 -1
-0.294885 -0.748370 1
-0.636960 -0.804390 -1
-0.994084 -0.756065 -1
-0.746168 -0.986771 -1
-0.415590 -0.780348 -1
-0.110985 -0.759531 -1
-0.923914 -0.041101 -1
-0.062922 -0.836531 -1
-0.330311 -0.944510 -1
-0.026184 -0.890028 -1
-0.270727 -0.005865 -1
-0.846679 -0.599682 1
-0.135766 -0.901848 -1
-0.999417 -0.082505 -1
-0.903050 -0.541080 -1
-0.480136 -0.793530 -1
-0.021136 -0.000960 -1
-0.742715 -0.882690 -1
-0.770719 -0.155288 -1
-0.692952 -0.368960 -1
-0.513466 -0.617617 1
-0.559407 -0.550389 -1
-0.802283 -0.935943 -1
-0.763985 -0.721734 -1
-0.064810 -0.654849 1
-0.602028 -0.204098 -1
-0.957052 -0.474489 1
-0.945728 -0.143765 -1
-0.772205 -0.479343 -1
-0.811002 -0.018885 -1
-0.868628 -0.597081 1
-0.048961 -0.556565 -1
-0.667754 -0.612084 -1
-0.940714 -0.865618 -1
-0.740422 -0.362631 1
-0.178764 -0.277875 -1
-0.202416 -0.022951 -1
-0.926585 -0.434012 -1
-0.164641 -0.777463 -1
-0.416256 -0.096692 -1
-0.115508 -0.893567 1
-0.248364 -0.210733 -1
-0.909329 -0.400186 -1
-0.736987 -0.105746 1
-0.207875 -0.675230 -1
-0.122829 -0.487436 -1
-0.743147 -0.552841 -1
-0.944208 -0.221924 1
-0.761435 -0.612134 -1
-0.733427 -0.479715 -1
-0.823795 -0.481975 1
-0.261140 -0.477482 -1
-0.114212 -0.074125 -1
-0.107657 -0.608198 -1
-0.214262 -0.744854 -1
-0.670509 -0.150205 -1
-0.439188 -0.799578 -1
-0.760999 -0.509104 -1
-0.015448 -0.184300 1
-0.528012 -0.138980 -1
-0.887391 -0.489087 -1
-0.723061 -0.716960 -1
-0.518274 -0.263777 -1
-0.224655 -0.858087 -1
-0.160405 -0.399704 1
-0.928553 -0.476106 -1
-0.485625 -0.576881 1
-0.273148 -0.968803 -1
-0.830018 -0.435578 1
-0.390695 -0.737254 -1
-0.532829 -0.368841 -1
-0.018133 -0.575842 1
-0.730333 -0.614655 -1
-0.371350 -0.857950 -1
-0.356365 -0.076221 -1
-0.721265 -0.543409 1
-0.387233 -0.650171 -1
-0.495871 -0.801758 -1
-0.103884 -0.364012 -1
-0.327466 -0.954890 -1
-0.407818 -0.148730 -1
-0.744036 -0.034634 -1
-0.871878 -0.910067 -1
-0.453359 -0.740705 -1
-0.571444 -0.317363 1
-0.121270 -0.214238 -1
-0.555823 -0.522461 1
-0.750933 -0.500194 -1
-0.233047 -0.836485 -1
-0.112285 -0.242973 -1
-0.661333 -0.340787 -1
-0.519356 -0.155576 1
-0.574729 -0.531272 -1
-0.556239 -0.087683 -1
-0.866003 -0.221702 -1
-0.394701 -0.867223 -1
-0.957356 -0.541633 -1
-0.235096 -0.577299 -1
-0.985270 -0.876756 -1
-0.677076 -0.754837 -1
-0.440724 -0.101252 -1
-0.868208 -0.991208 1
-0.074533 -0.283498 -1
-0.166095 -0.006887 1
-0.148347 -0.182002 -1
-0.928461 -0.149450 -1
-0.024712 -0.608381 -1
-0.544469 -0.771140 1
-0.008355 -0.930020 1
-0.776929 -0.255774 -1
-0.932800 -0.790348 1
-0.285703 -0.699806 -1
-0.101875 -0.297493 -1
-0.901980 -0.171773 -1
-0.556323 -0.524021 -1
-0.761226 -0.568349 1
-0.406729 -0.500726 1
-0.353400 -0.161261 -1
-0.729511 -0.641086 -1
-0.535513 -0.004508 -1
-0.489370 -0.611121 -1
-0.125144 -0.326418 -1
-0.204257 -0.009360 1
-0.017038 -0.232528 -1
-0.582928 -0.309899 -1
-0.994268 -0.208250 -1
-0.290045 -0.088461 -1
-0.705398 -0.166530 1
-0.147101 -0.428833 -1
-0.460162 -0.562508 -1
-0.558619 -0.322480 -1
0.825723 0.219061 -1
0.098038 0.878382 -1
0.387221 0.321112 -1
0.212935 0.742173 1
0.731025 0.662811 -1
0.016781 0.644636 -1
0.004485 0.615735 -1
0.706308 0.783825 -1
0.996533 0.728296 -1
0.070740 0.559596 1
0.953146 0.532183 -1
0.948218 0.432377 -1
0.748981 0.792058 -1
0.713035 0.563312 -1
0.625351 0.991115 -1
0.028832 0.027109 1
0.695276 0.109994 -1
0.485412 0.411262 -1
0.540099 0.106860 1
0.934357 0.368503 -1
0.750536 0.168206 1
0.829655 0.585997 -1
0.880579 0.692029 -1
0.350259 0.874102 -1
0.653935 0.253377 -1
0.957530 0.632117 -1
0.140566 0.656266 -1
0.358896 0.288193 -1
0.177522 0.657143 -1
0.958351 0.330070 -1
0.433236 0.429791 -1
0.879786 0.736720 -1
0.422052 0.697560 -1
0.988406 0.424044 -1
0.741052 0.538575 -1
0.194555 0.182463 -1
0.314021 0.534232 -1
0.015112 0.294825 -1
0.179620 0.828973 -1
0.957650 0.131151 -1
0.547808 0.093115 -1
0.141839 0.433701 -1
0.189484 0.805853 1
0.077749 0.540441 -1
0.354049 0.896682 1
0.436574 0.675977 -1
0.825318 0.427367 1
0.693717 0.687421 -1
0.801807 0.288292 -1
0.279218 0.810507 -1
0.805189 0.028423 -1
0.840508 0.640693 -1
0.199973 0.105875 -1
0.374146 0.977173 1
0.588020 0.134372 -1
0.310511 0.212003 -1
0.662827 0.762606 -1
0.648407 0.904693 1
0.697342 0.978922 -1
0.143393 0.524274 -1
0.844435 0.082194 1
0.462318 0.120403 -1
0.643535 0.052027 1
0.387719 0.304661 -1
0.708983 0.216618 -1
0.079672 0.982612 1
0.962375 0.881712 -1
0.950050 0.905733 -1
0.370034 0.752905 -1
0.843571 0.284133 1
0.881503 0.100381 -1
0.410791 0.121458 -1
0.156128 0.188833 1
0.146345 0.105760 1
0.323007 0.686270 -1
0.959663 0.887565 -1
0.002803 0.079904 -1
0.554200 0.134680 -1
0.335031 0.924974 -1
0.243280 0.869732 -1
0.054773 0.911432 -1
0.720568 0.608602 -1
0.544348 0.025632 1
0.157304 0.806509 -1
0.303123 0.352096 -1
0.230154 0.156944 -1
0.649379 0.129390 -1
0.704438 0.065209 -1
0.958595 0.973535 -1
0.491610 0.398762 1
0.060739 0.491321 -1
0.669465 0.323944 -1
0.518252 0.149109 -1
0.101805 0.059619 1
0.016077 0.747549 1
0.055257 0.292369 -1
0.700776 0.086984 -1
0.344191 0.625100 -1
0.725102 0.365504 1
0.661958 0.399059 -1
0.851946 0.876814 -1
0.239038 0.266315 1
0.173782 0.213857 -1
0.441416 0.949448 -1
0.944039 0.247583 -1
0.859312 0.331041 -1
0.827491 0.233967 -1
0.167268 0.154574 -1
0.475999 0.927111 1
0.006542 0.957993 -1
0.092064 0.202800 -1
0.052225 0.101105 -1
0.377822 0.288603 -1
0.177260 0.250073 -1
0.799188 0.567706 -1
0.072776 0.653533 -1
0.881971 0.766333 -1
0.041613 0.994303 -1
0.885440 0.222957 -1
0.176181 0.991814 -1
0.847962 0.208531 -1
0.863916 0.565767 -1
0.131218 0.966894 -1
0.085484 0.265614 -1
0.912168 0.584606 1
0.705551 0.661881 -1
0.900724 0.604081 -1
0.330784 0.264954 -1
0.318315 0.704468 -1
0.906620 0.944128 -1
0.711583 0.877973 -1
0.401573 0.301047 1
0.419197 0.252660 -1
0.803206 0.109534 1
0.839517 0.571465 -1
0.903175 0.758648 -1
0.522991 0.060241 -1
0.428923 0.538000 1
0.668113 0.381241 -1
0.929343 0.675679 -1
0.855155 0.599594 1
0.274342 0.680392 -1
0.051876 0.410803 -1
0.809010 0.805381 -1
0.605705 0.292806 -1
0.497793 0.154209 -1
0.839468 0.743305 -1
0.751417 0.815292 -1
0.991382 0.122607 -1
0.109017 0.157677 1
0.160948 0.328501 -1
0.216853 0.596416 -1
0.438926 0.245648 -1
0.639270 0.356526 -1
0.694474 0.466073 1
0.651255 0.508704 -1
0.705348 0.043778 -1
0.093573 0.942897 -1
0.605659 0.994865 -1
0.113487 0.239164 -1
0.061669 0.229589 1
0.286958 0.143188 1
0.780799 0.074663 -1
0.600936 0.496807 -1
0.528785 0.266631 -1
0.969876 0.124866 -1
0.934654 0.681823 -1
0.214103 0.133031 -1
0.607828 0.151793 1
0.178470 0.590853 -1
0.785252 0.709885 1
0.458036 0.401439 -1
0.202226 0.799906 -1
0.174653 0.031514 -1
0.927529 0.659978 -1
0.596564 0.678464 1
0.817966 0.784321 -1
0.403823 0.972620 -1
0.336046 0.613849 1
0.097281 0.710373 -1
0.723458 0.336641 1
0.832190 0.463469 -1
0.688515 0.350994 -1
0.209899 0.034750 -1
0.275414 0.696556 1
0.379586 0.273144 -1
0.952713 0.705354 -1
0.431961 0.560635 -1
0.010575 0.385248 -1
0.264092 0.556815 -1
0.901320 0.508813 1
0.819744 0.461628 -1
0.506921 0.369314 -1
0.950909 0.763830 -1
0.629514 0.650769 -1
0.807439 0.410496 -1
0.440748 0.979619 -1
0.000858 0.483868 -1
0.737741 0.494294 -1
0.601999 0.861239 -1
0.282248 0.367046 1
0.880354 0.899055 -1
0.231723 0.458082 1
0.685030 0.834751 -1
0.379135 0.033815 -1
0.481701 0.527092 -1
0.220847 0.882393 -1
0.016722 0.046167 -1
0.708372 0.513438 -1
0.829324 0.491294 -1
0.230213 0.544956 -1
0.074173 0.828483 -1
0.934573 0.832491 -1
0.591864 0.395697 -1
0.964836 0.926917 -1
0.513514 0.919687 -1
0.357192 0.617096 -1
0.343943 0.088065 -1
0.242627 0.107873 -1
0.169364 0.648551 1
0.332077 0.384015 -1
0.464045 0.367626 -1
0.045320 0.868439 -1
0.172033 0.230528 -1
0.116467 0.764795 1
0.318995 0.217612 -1
0.687632 0.454518 -1
0.867958 0.749657 -1
0.327641 0.441559 -1
0.760931 0.901176 -1
0.197304 0.414530 -1
0.733883 0.909153 -1
0.167381 0.767909 -1
0.989428 0.982509 1
0.985754 0.394242 -1
0.217668 0.495353 -1
0.048870 0.122005 -1
0.360441 0.070152 -1
0.387692 0.819520 -1
0.645958 0.622020 -1
0.118951 0.602442 1
0.539373 0.760409 -1
0.269337 0.953646 -1
0.573687 0.094931 -1
0.516001 0.971333 -1
0.842051 0.848161 -1
0.934330 0.209546 -1
0.920099 0.114871 -1
0.599461 0.615539 -1
0.180680 0.326268 -1
