-0.193552 0.271801 1
-0.468590 0.799833 1
-0.996856 0.668854 1
-0.242050 0.708538 1
-0.638449 0.260628 1
-0.421894 0.460661 1
-0.164096 0.611724 1
-0.133533 0.316696 1
-0.075187 0.746644 1
-0.275912 0.220000 1
-0.238028 0.428037 1
-0.886313 0.577908 -1
-0.742369 0.723034 1
-0.934385 0.294909 1
-0.908229 0.124836 -1
-0.004963 0.452757 1
-0.154926 0.589803 1
-0.165103 0.682984 1
-0.598111 0.598322 1
-0.405097 0.615541 1
-0.193072 0.835476 1
-0.065413 0.370261 1
-0.927752 0.518964 1
-0.513343 0.443947 1
-0.179364 0.956867 -1
0.610544 -0.081109 1
0.815902 -0.363201 1
0.865041 -0.279503 1
0.574221 -0.369376 1
0.879047 -0.449694 1
0.878049 -0.127162 1
0.888029 -0.505898 1
0.313726 -0.739220 1
0.646144 -0.866999 1
0.038513 -0.438385 1
0.248010 -0.792563 1
0.785821 -0.984728 1
0.704883 -0.534778 1
0.535372 -0.623510 1
0.786075 -0.387449 1
0.912046 -0.650140 1
0.669235 -0.484045 1
0.789678 -0.535274 1
0.616679 -0.366864 -1
0.140095 -0.703982 1
0.443189 -0.088282 1
0.694435 -0.103071 1
0.361048 -0.581176 1
0.154366 -0.942723 1
0.094113 -0.834695 1
-0.132783 -0.692864 -1
-0.740158 -0.895212 -1
-0.489875 -0.009797 -1
-0.850913 -0.503957 1
-0.773750 -0.886638 -1
-0.136929 -0.963251 -1
-0.676749 -0.511068 -1
-0.974984 -0.049653 -1
-0.371960 -0.814346 -1
-0.224139 -0.971526 -1
-0.500756 -0.847811 -1
-0.895864 -0.758500 -1
-0.537871 -0.084772 -1
-0.624472 -0.225131 -1
-0.102563 -0.156237 -1
-0.707071 -0.693576 -1
-0.701207 -0.453663 -1
-0.378897 -0.426863 -1
-0.382626 -0.989469 -1
-0.545845 -0.093104 -1
-0.725918 -0.156838 -1
-0.845105 -0.836378 -1
-0.133832 -0.564977 -1
-0.663778 -0.980484 -1
-0.969300 -0.861290 -1
0.202996 0.359075 -1
0.551253 0.808381 -1
0.511989 0.969683 -1
0.247344 0.271313 1
0.332831 0.975703 -1
0.949765 0.278972 1
0.793676 0.079786 -1
0.945052 0.390430 -1
0.098954 0.037110 -1
0.801812 0.150331 -1
0.890195 0.716863 1
0.186111 0.568193 -1
0.981224 0.905784 1
0.076100 0.156030 -1
0.982273 0.774963 -1
0.417932 0.465929 -1
0.195377 0.256924 -1
0.167987 0.969120 -1
0.901455 0.716292 1
0.657395 0.898808 -1
0.905472 0.173122 -1
0.109177 0.549460 -1
0.472930 0.731467 -1
0.657807 0.918007 -1
0.523553 0.589677 -1
