-0.818343 0.060933 1
-0.836898 0.067398 1
-0.880806 0.060970 1
-0.786995 0.969929 -1
-0.885298 0.139976 1
-0.842418 0.188236 1
-0.056249 0.211837 1
-0.446996 0.591846 1
-0.926234 0.426138 1
-0.400793 0.809157 1
-0.071934 0.934049 1
-0.135278 0.111990 -1
-0.078060 0.268267 1
-0.793934 0.623050 -1
-0.083468 0.807695 1
-0.636320 0.191533 1
-0.214565 0.551760 1
-0.987910 0.796372 1
-0.140452 0.026159 1
-0.542797 0.250558 1
-0.431506 0.178606 1
-0.277454 0.526701 1
-0.433089 0.950354 -1
-0.800202 0.486203 -1
-0.275510 0.432948 1
0.218152 -0.731624 -1
0.639941 -0.613368 1
0.081931 -0.894605 -1
0.217324 -0.774245 1
0.424616 -0.126542 1
0.487684 -0.359714 1
0.642749 -0.915290 1
0.996337 -0.958350 1
0.816775 -0.281716 1
0.272495 -0.579453 -1
0.823636 -0.268474 1
0.157536 -0.439682 1
0.396193 -0.745312 -1
0.005315 -0.550853 1
0.142000 -0.900972 1
0.592146 -0.288789 -1
0.931983 -0.138812 1
0.460436 -0.994223 -1
0.975897 -0.250924 1
0.110673 -0.307387 1
0.959994 -0.296709 1
0.060395 -0.547914 1
0.317353 -0.623119 1
0.094204 -0.231260 1
0.262604 -0.441700 1
-0.820376 -0.667575 -1
-0.259901 -0.022743 -1
-0.576123 -0.890164 -1
-0.715898 -0.517734 -1
-0.034046 -0.418173 -1
-0.844105 -0.098650 -1
-0.846488 -0.443185 -1
-0.542627 -0.502829 -1
-0.432431 -0.745559 1
-0.158435 -0.739131 -1
-0.831494 -0.286940 -1
-0.926694 -0.926221 -1
-0.802351 -0.216448 -1
-0.520390 -0.663059 1
-0.658012 -0.199201 -1
-0.638519 -0.390248 -1
-0.996811 -0.907076 -1
-0.348403 -0.760998 1
-0.460572 -0.061362 -1
-0.309616 -0.974214 -1
-0.836278 -0.182165 -1
-0.651337 -0.296674 -1
-0.025222 -0.276641 1
-0.668697 -0.631003 -1
-0.219850 -0.325117 -1
0.856321 0.684940 -1
0.004375 0.634581 -1
0.960975 0.465505 -1
0.119186 0.669282 1
0.973730 0.614573 -1
0.197680 0.117073 -1
0.930733 0.514608 1
0.048913 0.578302 1
0.974515 0.858115 1
0.619683 0.931040 -1
0.986058 0.941532 -1
0.173805 0.844733 -1
0.128408 0.424033 -1
0.644436 0.099322 -1
0.551799 0.499483 -1
0.480846 0.749798 -1
0.761867 0.758629 -1
0.169127 0.188413 -1
0.810566 0.444331 -1
0.017150 0.866469 -1
0.858467 0.623432 1
0.924739 0.016250 -1
0.444518 0.142343 -1
0.756595 0.220830 -1
0.632828 0.184900 -1
