-0.443459 0.573950 1
-0.023740 0.491990 1
-0.044053 0.607944 1
-0.940620 0.466234 1
-0.621193 0.083503 1
-0.881388 0.885143 -1
-0.458435 0.336529 1
-0.214135 0.183115 -1
-0.407345 0.028979 1
-0.686883 0.968498 1
-0.652603 0.026124 1
-0.244994 0.382914 1
-0.900343 0.518418 1
-0.603794 0.095880 1
-0.856220 0.728433 1
-0.716764 0.960026 1
-0.798335 0.763979 1
-0.121596 0.365717 1
-0.092351 0.262260 1
-0.593037 0.173252 1
-0.770420 0.768966 1
-0.423342 0.383472 1
-0.006560 0.203095 1
-0.373797 0.293267 1
-0.158430 0.874042 1
0.907522 -0.797710 1
0.154571 -0.419564 1
0.660776 -0.266052 1
0.513491 -0.804357 1
0.078425 -0.059304 -1
0.054362 -0.898339 1
0.362524 -0.650994 1
0.043206 -0.601371 1
0.435048 -0.730214 1
0.356189 -0.899244 -1
0.350086 -0.629456 -1
0.536096 -0.370832 1
0.359678 -0.728122 1
0.339112 -0.269720 1
0.429841 -0.054962 1
0.507854 -0.193649 1
0.190868 -0.118704 -1
0.646926 -0.739882 1
0.920123 -0.876136 1
0.660885 -0.196080 1
0.430231 -0.682799 -1
0.874107 -0.772128 1
0.796796 -0.143238 -1
0.778290 -0.185858 1
0.662697 -0.228641 -1
-0.847331 -0.811916 -1
-0.069744 -0.413921 -1
-0.222205 -0.398068 -1
-0.254139 -0.661070 -1
-0.414966 -0.082296 -1
-0.166178 -0.477232 -1
-0.189738 -0.119499 1
-0.980332 -0.011031 1
-0.698483 -0.858844 1
-0.456937 -0.866765 -1
-0.950343 -0.131601 -1
-0.777219 -0.059157 -1
-0.760794 -0.662831 -1
-0.071376 -0.914096 -1
-0.080382 -0.191553 -1
-0.899125 -0.707871 -1
-0.963255 -0.980971 -1
-0.256052 -0.235931 1
-0.562594 -0.927892 1
-0.445220 -0.035410 -1
-0.961889 -0.334458 -1
-0.455181 -0.619782 -1
-0.969923 -0.255355 -1
-0.542712 -0.353572 1
-0.679822 -0.403268 1
0.561394 0.189700 -1
0.398430 0.200377 1
0.110011 0.919579 -1
0.885382 0.007690 -1
0.729777 0.321527 -1
0.199718 0.022058 1
0.641189 0.490387 -1
0.922545 0.597313 -1
0.183644 0.540624 1
0.904789 0.644842 -1
0.532702 0.387260 -1
0.882469 0.939000 -1
0.711324 0.516117 -1
0.164136 0.118205 -1
0.330082 0.930325 -1
0.005254 0.531814 -1
0.140643 0.736325 -1
0.854140 0.121988 -1
0.820263 0.860983 1
0.124370 0.167254 -1
0.545533 0.156796 -1
0.940727 0.067087 -1
0.065612 0.095903 -1
0.414004 0.453302 -1
0.862980 0.076483 -1
