-0.166672 0.091192 -1
-0.825544 0.506926 1
-0.156126 0.589186 1
-0.653954 0.143639 1
-0.782872 0.686292 1
-0.554751 0.703343 -1
-0.562372 0.323779 1
-0.037788 0.988301 -1
-0.580819 0.271362 -1
-0.021479 0.741687 1
-0.580646 0.806761 1
-0.301047 0.432736 1
-0.169320 0.015524 1
-0.208072 0.912268 1
-0.424867 0.928392 -1
-0.682484 0.410975 1
-0.327073 0.453548 -1
-0.333364 0.573855 -1
-0.844060 0.996266 1
-0.196183 0.697221 1
-0.675911 0.048701 1
-0.231255 0.177671 -1
-0.056859 0.141358 1
-0.567023 0.186440 -1
-0.325650 0.176019 1
0.585573 -0.750920 1
0.841089 -0.635931 -1
0.996200 -0.924634 -1
0.608958 -0.101320 -1
0.183282 -0.490715 1
0.004170 -0.898554 1
0.077654 -0.149452 -1
0.617045 -0.670735 1
0.589885 -0.007248 1
0.507265 -0.305149 1
0.208136 -0.571073 -1
0.273660 -0.139607 1
0.322758 -0.109796 -1
0.319004 -0.965362 1
0.480068 -0.240550 1
0.692520 -0.521802 -1
0.937165 -0.280531 1
0.659073 -0.285843 1
0.545070 -0.036665 1
0.053557 -0.382616 1
0.528288 -0.301100 -1
0.358311 -0.773679 1
0.559070 -0.484446 -1
0.414946 -0.931041 1
0.849506 -0.183726 1
-0.867752 -0.464801 -1
-0.299228 -0.707043 1
-0.338608 -0.716493 -1
-0.718116 -0.576515 1
-0.070222 -0.316059 -1
-0.403659 -0.427716 -1
-0.151062 -0.027274 1
-0.418737 -0.066531 -1
-0.506817 -0.625090 1
-0.588764 -0.744522 1
-0.661720 -0.166407 -1
-0.876296 -0.930268 1
-0.497074 -0.388179 -1
-0.118673 -0.760554 -1
-0.572151 -0.883973 -1
-0.694359 -0.116711 -1
-0.058961 -0.873687 -1
-0.740466 -0.928198 -1
-0.524034 -0.970959 -1
-0.090844 -0.598979 -1
-0.724930 -0.170939 1
-0.431161 -0.707623 1
-0.498756 -0.594368 1
-0.943975 -0.226894 -1
-0.314260 -0.215855 1
0.015403 0.771104 -1
0.530673 0.960236 -1
0.315973 0.233347 -1
0.640448 0.820879 -1
0.185636 0.134651 -1
0.705121 0.861335 -1
0.962825 0.762920 -1
0.169340 0.493913 -1
0.732847 0.760032 -1
0.639536 0.878150 -1
0.797589 0.170354 -1
0.005919 0.425678 -1
0.042535 0.131880 -1
0.636958 0.810247 -1
0.953770 0.612611 -1
0.465169 0.475489 1
0.026711 0.709028 -1
0.823750 0.017879 1
0.819180 0.490795 -1
0.765132 0.538783 -1
0.358582 0.082490 -1
0.870887 0.893263 -1
0.835917 0.444411 -1
0.299762 0.548877 -1
0.853520 0.165061 -1
