-0.025376 0.258320 1
-0.104987 0.941820 1
-0.801547 0.735229 1
-0.544686 0.080589 1
-0.634206 0.897584 1
-0.980013 0.339386 1
-0.689222 0.701098 1
-0.745783 0.345188 1
-0.536954 0.939666 1
-0.778249 0.053261 1
-0.232430 0.766138 1
-0.260387 0.032054 -1
-0.652007 0.246916 1
-0.741290 0.738130 1
-0.429340 0.388855 1
-0.841557 0.470660 1
-0.811800 0.833824 1
-0.257342 0.468283 1
-0.090265 0.948991 1
-0.330709 0.064605 1
-0.830126 0.041284 1
-0.094131 0.670889 1
-0.039523 0.587632 -1
-0.546019 0.837905 1
-0.762200 0.798657 1
-0.109618 0.934759 1
-0.108571 0.329202 1
-0.956444 0.414922 1
-0.589947 0.364896 1
-0.657299 0.530724 1
-0.571302 0.230299 1
-0.130702 0.221985 1
-0.605988 0.132725 1
-0.222869 0.667301 1
-0.279691 0.695971 1
-0.654133 0.942638 1
-0.354989 0.375371 1
-0.951354 0.375664 1
-0.371056 0.307195 1
-0.457387 0.126363 1
-0.365892 0.904950 1
-0.308461 0.961603 -1
-0.299806 0.210397 1
-0.969713 0.412022 1
-0.848150 0.067787 1
-0.540292 0.099820 1
-0.467136 0.575801 1
-0.822567 0.550090 1
-0.934524 0.364481 1
-0.721699 0.779317 1
-0.545224 0.575498 1
-0.980273 0.005825 1
-0.312223 0.723555 1
-0.428280 0.026488 1
-0.994454 0.971403 1
-0.880367 0.821272 1
-0.829166 0.762442 1
-0.631940 0.248727 1
-0.105397 0.617686 1
-0.947912 0.561136 1
-0.782401 0.256624 1
-0.990783 0.818330 1
-0.583474 0.821919 1
-0.294736 0.371778 1
-0.769574 0.847876 1
-0.587381 0.298014 1
-0.192505 0.653587 1
-0.071814 0.490432 -1
-0.602193 0.945125 1
-0.274494 0.098390 1
-0.169479 0.676178 1
-0.953489 0.126442 1
-0.555031 0.380962 1
-0.843650 0.702674 1
-0.736609 0.357514 1
-0.469777 0.382900 1
-0.697815 0.616684 1
-0.821471 0.754478 1
-0.815822 0.781765 1
-0.023910 0.275879 1
-0.167271 0.531765 1
-0.327879 0.579575 1
-0.803588 0.681701 1
-0.710732 0.768439 1
-0.430189 0.284950 1
-0.552550 0.049576 1
-0.820568 0.038915 1
-0.855604 0.780544 1
-0.448315 0.192072 1
-0.556943 0.884898 1
-0.480996 0.516925 1
-0.459158 0.454877 1
-0.705844 0.574014 1
-0.090074 0.716925 1
-0.846966 0.785551 1
-0.482716 0.388208 -1
-0.522227 0.148905 1
-0.669478 0.948413 1
-0.515411 0.118632 1
-0.782081 0.627453 -1
-0.980058 0.286094 1
-0.972069 0.592642 1
-0.513591 0.318773 1
-0.829791 0.252928 1
-0.735844 0.353431 1
-0.258973 0.096349 1
-0.135815 0.460887 1
-0.466328 0.176096 1
-0.401938 0.019346 1
-0.189567 0.002179 -1
-0.107486 0.742324 -1
-0.799521 0.508802 1
-0.000946 0.298163 1
-0.107077 0.864192 1
-0.353878 0.685127 1
-0.334872 0.181393 1
-0.828190 0.217926 1
-0.024486 0.312801 1
-0.262447 0.607604 1
-0.202914 0.456344 1
-0.196984 0.269810 1
-0.350798 0.958035 1
-0.008711 0.246340 1
-0.103665 0.414098 1
-0.707407 0.579128 1
-0.473676 0.884609 1
-0.542701 0.585025 1
-0.722309 0.174423 1
-0.322019 0.646253 1
-0.442435 0.705061 1
-0.255468 0.294524 1
-0.752395 0.697246 1
-0.173993 0.213138 1
-0.956473 0.975487 1
-0.762474 0.119334 1
-0.846776 0.802133 1
-0.465680 0.308734 1
-0.474263 0.387945 1
-0.110605 0.667281 1
-0.334287 0.169831 1
-0.022189 0.136285 1
-0.942164 0.406676 1
-0.989681 0.213797 1
-0.677234 0.011318 1
-0.833967 0.095664 1
-0.102642 0.120761 1
-0.745002 0.318735 1
-0.112184 0.070736 1
-0.711536 0.548546 -1
-0.292869 0.437202 1
-0.764306 0.063886 1
-0.678246 0.538993 1
-0.129476 0.270958 1
-0.236266 0.624710 1
-0.899059 0.513421 1
-0.500769 0.987775 1
-0.195155 0.828188 1
-0.010803 0.660598 1
-0.627687 0.562658 1
-0.527319 0.416891 1
-0.642523 0.946867 1
-0.534356 0.234096 1
-0.056249 0.693065 -1
-0.440620 0.904595 1
-0.522942 0.734226 1
-0.947380 0.134610 1
-0.572424 0.270704 1
-0.191688 0.414126 1
-0.766906 0.716982 1
-0.781848 0.236933 1
-0.405932 0.414696 1
-0.476378 0.624095 1
-0.945370 0.165002 1
-0.204936 0.846284 1
-0.564928 0.094516 1
-0.914137 0.891375 1
-0.346544 0.629182 -1
-0.068642 0.271127 1
-0.649063 0.046020 1
-0.858515 0.629719 1
-0.504271 0.494762 -1
-0.314089 0.779567 1
-0.638447 0.198513 1
-0.195908 0.862210 -1
-0.177682 0.572234 1
-0.514849 0.961099 1
-0.069743 0.153960 1
-0.769723 0.460020 1
-0.749471 0.486070 1
-0.117978 0.356515 1
-0.470909 0.037688 1
-0.074801 0.014179 -1
-0.823278 0.260049 -1
-0.944584 0.362833 1
-0.373433 0.553792 1
-0.505701 0.216324 1
-0.836193 0.920586 1
-0.046926 0.550519 1
-0.575812 0.442781 1
-0.533209 0.694517 1
-0.474684 0.912039 1
-0.402944 0.916111 1
-0.402610 0.456795 1
-0.662617 0.750580 1
-0.368106 0.817926 1
-0.504387 0.228180 1
-0.574730 0.101883 1
-0.816621 0.409062 -1
-0.430815 0.633254 1
-0.302414 0.813887 1
-0.484462 0.281613 1
-0.939354 0.313972 1
-0.598630 0.260195 1
-0.907606 0.539894 1
-0.392390 0.294227 1
-0.685215 0.708331 1
-0.466165 0.116063 1
-0.796576 0.455043 1
-0.646270 0.777204 1
-0.259007 0.300008 1
-0.701474 0.858339 1
-0.381090 0.183590 1
-0.963689 0.599195 1
-0.614576 0.914577 1
-0.002148 0.194435 1
-0.190438 0.595092 1
-0.951575 0.875980 1
-0.827247 0.880853 1
-0.002744 0.711163 1
-0.090189 0.817602 1
-0.336668 0.202314 1
-0.225910 0.042321 1
-0.466090 0.080054 1
-0.995972 0.860432 1
-0.520538 0.518130 1
-0.828682 0.858883 1
-0.786017 0.118655 1
-0.762689 0.816419 1
-0.590832 0.909544 1
-0.297318 0.124622 1
-0.108318 0.411967 1
-0.056920 0.629093 1
-0.751036 0.944995 1
-0.629745 0.335051 1
-0.141576 0.587226 1
-0.426219 0.970760 1
-0.252966 0.983446 1
-0.215328 0.160603 1
-0.200647 0.802865 1
-0.136841 0.573262 1
0.055285 -0.551394 1
0.373918 -0.090460 1
0.091038 -0.569728 1
0.801745 -0.225079 1
0.243607 -0.846528 1
0.635409 -0.357857 1
0.661139 -0.810961 1
0.535668 -0.168317 -1
0.676404 -0.443091 1
0.791693 -0.510950 1
0.133976 -0.194048 1
0.795424 -0.507306 1
0.479726 -0.254059 -1
0.698141 -0.038822 1
0.876683 -0.004679 1
0.000731 -0.706931 1
0.361988 -0.923317 1
0.600642 -0.873263 1
0.685051 -0.025918 1
0.950371 -0.463085 1
0.701543 -0.022738 1
0.685347 -0.773746 1
0.570757 -0.676841 1
0.763274 -0.865637 1
0.119060 -0.411210 1
0.453717 -0.004004 1
0.986250 -0.162279 1
0.912993 -0.448099 1
0.940314 -0.273275 1
0.661269 -0.327678 1
0.227845 -0.848996 1
0.315490 -0.187977 1
0.657889 -0.361394 1
0.606150 -0.780093 1
0.399273 -0.034744 1
0.559053 -0.069251 1
0.748824 -0.170365 1
0.177067 -0.914383 -1
0.811002 -0.062347 1
0.162720 -0.145559 1
0.086382 -0.307959 1
0.713597 -0.193646 1
0.692855 -0.215793 1
0.423388 -0.685515 1
0.044827 -0.140221 1
0.906937 -0.352535 1
0.994893 -0.938945 1
0.125208 -0.278638 1
0.551370 -0.630863 1
0.441006 -0.761911 1
0.758431 -0.202889 1
0.333810 -0.655629 1
0.428793 -0.450698 1
0.007520 -0.612974 -1
0.189028 -0.562187 1
0.253820 -0.184951 1
0.390290 -0.666148 1
0.486554 -0.949787 1
0.988309 -0.543758 1
0.776160 -0.302748 -1
0.298157 -0.058744 1
0.588276 -0.906833 1
0.674254 -0.518158 1
0.805306 -0.577631 -1
0.719396 -0.421887 1
0.275352 -0.176558 1
0.714820 -0.913226 1
0.079527 -0.424401 1
0.791149 -0.071725 1
0.387781 -0.046780 1
0.297863 -0.046621 1
0.338763 -0.363648 1
0.731442 -0.568909 1
0.590260 -0.983168 1
0.655401 -0.411750 1
0.590354 -0.636126 1
0.707861 -0.642217 -1
0.051347 -0.361943 1
0.821728 -0.128812 1
0.378972 -0.280003 1
0.024772 -0.724355 1
0.089441 -0.689920 1
0.814798 -0.061348 1
0.203550 -0.620461 -1
0.605948 -0.895688 1
0.884378 -0.489646 1
0.105320 -0.773033 1
0.306199 -0.544036 1
0.293811 -0.833112 1
0.673129 -0.777448 1
0.637192 -0.846575 1
0.756802 -0.752687 1
0.722089 -0.759789 1
0.364319 -0.131338 1
0.716349 -0.185665 1
0.389692 -0.963028 1
0.482543 -0.978012 1
0.993459 -0.056940 1
0.876986 -0.047943 1
0.141867 -0.843260 1
0.765003 -0.989428 1
0.809709 -0.243166 1
0.672731 -0.560164 1
0.939390 -0.144397 1
0.875693 -0.637614 1
0.235745 -0.311320 1
0.025316 -0.620120 1
0.275760 -0.257849 1
0.214483 -0.642583 1
0.070748 -0.942983 1
0.612759 -0.392996 1
0.017967 -0.887809 1
0.788588 -0.502707 1
0.315626 -0.416180 1
0.737731 -0.836202 1
0.722589 -0.251332 1
0.813052 -0.924538 1
0.735779 -0.384478 1
0.920977 -0.551463 1
0.728395 -0.300856 -1
0.392685 -0.251358 -1
0.686371 -0.771077 1
0.941587 -0.775802 1
0.997260 -0.853100 1
0.820115 -0.866590 1
0.713745 -0.114014 1
0.082817 -0.677550 1
0.821329 -0.949082 1
0.442368 -0.881570 1
0.450196 -0.695654 1
0.608179 -0.548938 1
0.386940 -0.859794 -1
0.740556 -0.300358 1
0.425848 -0.147162 -1
0.538472 -0.089634 -1
0.982134 -0.914765 1
0.029588 -0.794269 1
0.980112 -0.151947 1
0.085436 -0.616520 1
0.557392 -0.431700 -1
0.039207 -0.331416 -1
0.009356 -0.674056 1
0.164633 -0.285316 1
0.905307 -0.238193 1
0.495770 -0.003489 1
0.971989 -0.754603 1
0.535760 -0.897469 1
0.333416 -0.986982 1
0.655702 -0.559725 1
0.139371 -0.653741 1
0.950437 -0.578826 -1
0.091801 -0.671180 1
0.593378 -0.847848 1
0.533695 -0.820370 1
0.240344 -0.823318 1
0.683282 -0.544641 1
0.026074 -0.334661 1
0.095242 -0.809486 1
0.811877 -0.837256 1
0.278161 -0.918129 1
0.581832 -0.392484 1
0.362044 -0.862965 1
0.947118 -0.278376 1
0.070517 -0.078814 1
0.006936 -0.064233 1
0.758066 -0.759154 1
0.803660 -0.728087 -1
0.783307 -0.151098 -1
0.671778 -0.262795 -1
0.219563 -0.889051 1
0.938334 -0.056740 1
0.064022 -0.424301 1
0.651129 -0.652163 1
0.892433 -0.834420 1
0.029413 -0.578902 1
0.897773 -0.331164 1
0.206373 -0.780427 1
0.094478 -0.738253 -1
0.197405 -0.337601 1
0.031330 -0.777059 1
0.493313 -0.119105 1
0.814534 -0.648782 1
0.633841 -0.127161 1
0.571013 -0.164570 1
0.005187 -0.428726 1
0.056777 -0.260795 1
0.824604 -0.088755 1
0.782182 -0.012181 1
0.301102 -0.317224 1
0.453771 -0.380238 1
0.000562 -0.703492 1
0.723630 -0.523035 -1
0.968517 -0.183791 1
0.046531 -0.759886 1
0.348065 -0.687967 1
0.311249 -0.496546 1
0.766928 -0.497763 1
0.735459 -0.105522 -1
0.837282 -0.043713 1
0.898495 -0.177256 1
0.273692 -0.256444 1
0.645641 -0.636227 1
0.632969 -0.685152 1
0.168583 -0.887394 1
0.806784 -0.256512 1
0.417917 -0.763550 -1
0.846340 -0.049900 1
0.404704 -0.352284 1
0.884401 -0.140580 1
0.308218 -0.999713 1
0.813739 -0.623571 1
0.367717 -0.779032 1
0.641168 -0.036090 -1
0.251644 -0.953388 1
0.479681 -0.978111 1
0.147289 -0.745263 -1
0.900808 -0.304598 1
0.052229 -0.725236 1
0.284744 -0.546140 1
0.893587 -0.726817 1
0.257764 -0.508116 1
0.866448 -0.555788 1
0.281931 -0.378694 1
0.922709 -0.969554 1
0.731649 -0.784625 1
0.349713 -0.004210 1
0.084991 -0.568287 1
0.007426 -0.344411 1
0.878161 -0.715904 1
0.288268 -0.600038 1
0.099682 -0.665043 1
0.968939 -0.753116 -1
0.674965 -0.804129 1
0.068765 -0.509552 1
0.884659 -0.189613 1
0.581371 -0.981404 -1
0.714610 -0.522178 -1
0.418394 -0.781862 1
0.599810 -0.333023 1
0.005781 -0.058684 1
0.115838 -0.275046 1
0.779491 -0.131194 1
0.271324 -0.419715 -1
0.930989 -0.987172 1
0.083353 -0.756486 1
0.744981 -0.504222 1
0.679962 -0.391507 1
0.834620 -0.624186 1
0.226764 -0.277874 1
0.218783 -0.422581 1
-0.039275 -0.992270 -1
-0.971544 -0.693884 -1
-0.755168 -0.673392 -1
-0.199075 -0.919397 -1
-0.696828 -0.998511 1
-0.928497 -0.395941 -1
-0.051824 -0.295112 -1
-0.471501 -0.458600 -1
-0.497744 -0.835952 -1
-0.217077 -0.329455 -1
-0.366560 -0.988876 -1
-0.114990 -0.839642 -1
-0.507912 -0.939321 -1
-0.520479 -0.882886 1
-0.215325 -0.153531 -1
-0.896955 -0.005229 -1
-0.415897 -0.663805 -1
-0.122863 -0.001361 -1
-0.720374 -0.233399 -1
-0.722770 -0.187246 -1
-0.335451 -0.722484 1
-0.909132 -0.476477 -1
-0.817646 -0.124039 -1
-0.772447 -0.854642 -1
-0.358033 -0.501243 -1
-0.158098 -0.029781 -1
-0.904331 -0.803368 -1
-0.522862 -0.234877 -1
-0.005072 -0.398159 -1
-0.034481 -0.159510 -1
-0.175119 -0.397726 -1
-0.986071 -0.274299 -1
-0.542024 -0.955292 -1
-0.883012 -0.095194 -1
-0.503781 -0.716107 -1
-0.307684 -0.994352 -1
-0.870428 -0.966669 -1
-0.526938 -0.375427 -1
-0.131488 -0.297521 1
-0.134455 -0.072875 -1
-0.567558 -0.558439 1
-0.173253 -0.409491 -1
-0.385591 -0.718592 -1
-0.771184 -0.513433 -1
-0.145388 -0.514234 -1
-0.962945 -0.731633 -1
-0.221189 -0.858325 -1
-0.340611 -0.594938 1
-0.623213 -0.209400 -1
-0.637963 -0.146014 -1
-0.733739 -0.989858 -1
-0.395901 -0.951769 -1
-0.629410 -0.945867 -1
-0.966230 -0.077245 -1
-0.689782 -0.208354 -1
-0.771520 -0.101215 -1
-0.053500 -0.480070 -1
-0.450048 -0.556030 -1
-0.059381 -0.848121 -1
-0.624257 -0.338551 -1
-0.611506 -0.598751 -1
-0.221720 -0.607848 -1
-0.887714 -0.906396 -1
-0.124994 -0.852981 -1
-0.058209 -0.835628 -1
-0.706629 -0.487235 -1
-0.735140 -0.325982 -1
-0.556513 -0.441595 -1
-0.170268 -0.405255 -1
-0.959273 -0.241444 1
-0.011986 -0.509015 -1
-0.399962 -0.088350 -1
-0.127313 -0.535945 -1
-0.926478 -0.312467 1
-0.417717 -0.797427 -1
-0.568491 -0.145367 -1
-0.663155 -0.736406 -1
-0.312129 -0.517210 -1
-0.240231 -0.844121 -1
-0.421102 -0.102926 -1
-0.527982 -0.358820 -1
-0.589898 -0.101006 -1
-0.086469 -0.916264 -1
-0.234496 -0.182131 -1
-0.183883 -0.866379 -1
-0.320555 -0.386980 -1
-0.096984 -0.532315 -1
-0.445736 -0.873271 -1
-0.174511 -0.196769 -1
-0.848350 -0.114233 -1
-0.307508 -0.220395 -1
-0.932223 -0.331488 -1
-0.760185 -0.262385 -1
-0.510244 -0.496650 -1
-0.303910 -0.028188 -1
-0.939866 -0.664936 -1
-0.339427 -0.968050 -1
-0.092810 -0.234363 -1
-0.728335 -0.812256 1
-0.626548 -0.504628 -1
-0.816561 -0.273526 1
-0.855097 -0.797749 -1
-0.438081 -0.644505 1
-0.462303 -0.076101 -1
-0.333940 -0.130502 -1
-0.897118 -0.659656 -1
-0.997735 -0.803694 -1
-0.139406 -0.610937 -1
-0.281528 -0.837165 -1
-0.689712 -0.156003 -1
-0.411073 -0.321789 -1
-0.915450 -0.462569 -1
-0.993825 -0.847940 -1
-0.232165 -0.092026 -1
-0.006805 -0.875008 -1
-0.466151 -0.008150 -1
-0.288751 -0.260647 -1
-0.526223 -0.223101 -1
-0.506372 -0.961861 1
-0.474369 -0.690902 -1
-0.775792 -0.979935 -1
-0.083009 -0.684960 -1
-0.524966 -0.510516 -1
-0.165839 -0.191304 -1
-0.645304 -0.343917 -1
-0.383554 -0.634165 -1
-0.449000 -0.109936 -1
-0.088147 -0.387400 -1
-0.893366 -0.133923 -1
-0.640198 -0.213208 -1
-0.492615 -0.362733 -1
-0.354110 -0.244780 -1
-0.858991 -0.605651 -1
-0.114949 -0.945731 -1
-0.543836 -0.420996 -1
-0.033139 -0.014475 -1
-0.911548 -0.558689 -1
-0.304506 -0.486267 -1
-0.833843 -0.463605 -1
-0.999371 -0.374987 -1
-0.939125 -0.231593 -1
-0.267206 -0.462959 -1
-0.446436 -0.646293 -1
-0.312704 -0.151089 1
-0.875436 -0.393010 -1
-0.498045 -0.551741 -1
-0.343785 -0.956578 -1
-0.613027 -0.447810 1
-0.230966 -0.935791 -1
-0.970128 -0.078141 -1
-0.765288 -0.460639 -1
-0.009397 -0.968602 -1
-0.571551 -0.195579 -1
-0.370250 -0.775708 -1
-0.184050 -0.262334 -1
-0.176901 -0.656258 -1
-0.749507 -0.280016 -1
-0.248613 -0.736876 -1
-0.671971 -0.651187 -1
-0.852271 -0.352427 -1
-0.019605 -0.538335 -1
-0.782360 -0.178253 -1
-0.333303 -0.334961 -1
-0.413772 -0.136562 -1
-0.751960 -0.086678 -1
-0.648004 -0.667167 -1
-0.136920 -0.723532 1
-0.055203 -0.154477 -1
-0.787146 -0.718904 -1
-0.459482 -0.358111 -1
-0.503804 -0.346998 -1
-0.428753 -0.949792 -1
-0.526667 -0.227420 1
-0.230176 -0.860894 -1
-0.264029 -0.520379 -1
-0.986858 -0.547779 -1
-0.302781 -0.673608 -1
-0.141461 -0.634501 -1
-0.710256 -0.622314 1
-0.751566 -0.821154 -1
-0.147247 -0.876132 -1
-0.080831 -0.023733 -1
-0.560754 -0.549221 -1
-0.036666 -0.233501 -1
-0.583407 -0.046375 -1
-0.186946 -0.148763 -1
-0.036769 -0.221510 -1
-0.498477 -0.271161 1
-0.144635 -0.041532 -1
-0.297462 -0.786515 -1
-0.487880 -0.568526 -1
-0.978195 -0.772457 -1
-0.672176 -0.426504 -1
-0.765775 -0.575097 -1
-0.368212 -0.497560 1
-0.551666 -0.835624 -1
-0.183511 -0.820545 -1
-0.556509 -0.315516 -1
-0.526169 -0.429675 -1
-0.659545 -0.506125 -1
-0.022049 -0.980212 -1
-0.806104 -0.988591 -1
-0.932058 -0.430301 -1
-0.517990 -0.011672 1
-0.024218 -0.584251 1
-0.643251 -0.585263 -1
-0.877432 -0.797956 -1
-0.447029 -0.713066 -1
-0.867303 -0.400924 -1
-0.610186 -0.116589 1
-0.969781 -0.253353 -1
-0.621911 -0.093430 -1
-0.429915 -0.099304 -1
-0.640069 -0.583458 1
-0.187957 -0.411632 -1
-0.595720 -0.867797 -1
-0.677342 -0.439242 -1
-0.731151 -0.777759 -1
-0.326894 -0.399205 -1
-0.627376 -0.021294 -1
-0.254653 -0.247159 -1
-0.149719 -0.402168 -1
-0.849505 -0.550539 -1
-0.477707 -0.491703 1
-0.252309 -0.797116 -1
-0.594465 -0.381127 -1
-0.620064 -0.212565 -1
-0.789041 -0.606931 -1
-0.528690 -0.871893 -1
-0.019428 -0.154763 -1
-0.449024 -0.686779 -1
-0.420932 -0.141598 -1
-0.049120 -0.852791 -1
-0.093181 -0.236281 -1
-0.585608 -0.856979 -1
-0.308831 -0.594019 -1
-0.890896 -0.963531 -1
-0.002769 -0.932216 1
-0.763147 -0.523877 -1
-0.499987 -0.266611 1
-0.306449 -0.593648 -1
-0.877567 -0.167799 -1
-0.802991 -0.550319 -1
-0.637673 -0.549911 -1
-0.766546 -0.242320 -1
-0.214557 -0.445700 -1
-0.153889 -0.706896 -1
-0.959008 -0.980447 -1
-0.412234 -0.359733 -1
-0.708849 -0.283642 -1
0.505895 0.667173 -1
0.090419 0.565102 -1
0.384998 0.367380 -1
0.579415 0.752446 -1
0.191771 0.339906 -1
0.688512 0.585417 -1
0.491828 0.274728 -1
0.366298 0.243772 -1
0.352050 0.728445 -1
0.681927 0.410929 -1
0.725282 0.323211 1
0.341101 0.378834 1
0.150607 0.779375 -1
0.177801 0.394210 -1
0.497899 0.440502 -1
0.226788 0.760744 1
0.714177 0.260515 -1
0.573470 0.872741 1
0.620050 0.741689 -1
0.029014 0.368915 -1
0.748985 0.132974 -1
0.822981 0.535782 1
0.872379 0.063163 -1
0.122890 0.112769 -1
0.921166 0.024717 -1
0.378324 0.564645 -1
0.849063 0.014569 -1
0.994696 0.328046 -1
0.720553 0.330500 -1
0.662103 0.241395 -1
0.238236 0.930888 -1
0.250488 0.923945 -1
0.655348 0.080099 -1
0.177578 0.197940 1
0.191518 0.572298 -1
0.837487 0.170066 -1
0.589460 0.618030 1
0.579948 0.873472 -1
0.332072 0.948035 -1
0.139366 0.910963 -1
0.769847 0.474762 -1
0.961003 0.437546 -1
0.803382 0.565112 1
0.953080 0.026846 -1
0.022897 0.458987 -1
0.898596 0.520812 -1
0.499222 0.078478 -1
0.187703 0.245899 1
0.596881 0.837682 -1
0.758807 0.302713 -1
0.694316 0.125439 -1
0.644448 0.816788 -1
0.187192 0.170692 -1
0.534676 0.607027 -1
0.287273 0.787777 -1
0.820127 0.751373 -1
0.244235 0.813164 -1
0.832990 0.208521 -1
0.134900 0.251825 -1
0.014714 0.153069 -1
0.672929 0.094496 -1
0.518401 0.656057 -1
0.092031 0.647965 -1
0.261798 0.827010 -1
0.196696 0.669162 -1
0.927672 0.476778 -1
0.354455 0.628266 -1
0.154316 0.804987 -1
0.236322 0.880745 -1
0.896897 0.979305 -1
0.378270 0.727987 -1
0.778298 0.721311 -1
0.941319 0.387704 -1
0.336338 0.211271 -1
0.950572 0.316833 1
0.132247 0.826882 -1
0.853703 0.936022 -1
0.197986 0.368567 -1
0.430140 0.688044 -1
0.302459 0.204877 -1
0.925868 0.534135 -1
0.814437 0.471344 -1
0.995707 0.567689 -1
0.692874 0.449200 -1
0.049059 0.000726 -1
0.215134 0.223895 -1
0.575996 0.318833 -1
0.927767 0.027723 -1
0.955061 0.537565 -1
0.192095 0.436128 -1
0.391467 0.101666 -1
0.114174 0.847946 -1
0.744402 0.976097 -1
0.816242 0.652559 -1
0.684824 0.757134 -1
0.504568 0.402312 -1
0.236110 0.947372 1
0.733300 0.711267 -1
0.531733 0.391326 -1
0.518928 0.798173 -1
0.633757 0.251132 -1
0.109316 0.072581 1
0.662602 0.642983 -1
0.248006 0.933534 -1
0.268701 0.169799 -1
0.363652 0.995452 -1
0.512060 0.558318 -1
0.113903 0.563585 -1
0.737736 0.354010 -1
0.121812 0.267541 -1
0.193173 0.123432 -1
0.548085 0.850327 -1
0.342692 0.227969 -1
0.681270 0.928517 -1
0.079030 0.815154 -1
0.552326 0.029353 1
0.108528 0.781951 -1
0.885739 0.275296 1
0.261724 0.535246 -1
0.065162 0.006741 -1
0.882898 0.624528 -1
0.851109 0.980276 -1
0.295561 0.497977 -1
0.450958 0.651839 1
0.893694 0.419791 -1
0.939524 0.511694 1
0.668853 0.725748 -1
0.302518 0.224130 -1
0.327961 0.469250 -1
0.029793 0.286333 -1
0.357579 0.695662 -1
0.143748 0.672775 -1
0.641982 0.742502 -1
0.376258 0.064653 -1
0.935433 0.567635 -1
0.556064 0.865850 -1
0.703933 0.799628 -1
0.610265 0.094268 -1
0.400364 0.577825 1
0.104679 0.332613 -1
0.175178 0.981001 -1
0.737374 0.626804 -1
0.536150 0.559926 -1
0.665182 0.158100 -1
0.869575 0.285854 -1
0.434483 0.202039 1
0.097069 0.311588 1
0.886498 0.506461 1
0.504993 0.549248 -1
0.152909 0.132552 -1
0.802112 0.329058 -1
0.201696 0.379349 -1
0.096374 0.798495 -1
0.142170 0.681484 -1
0.639210 0.343561 -1
0.411066 0.020038 1
0.514154 0.225852 -1
0.001725 0.624806 -1
0.090937 0.521859 1
0.151133 0.942693 -1
0.171360 0.563953 -1
0.485806 0.905363 -1
0.276197 0.804547 -1
0.563430 0.638597 -1
0.391741 0.818713 1
0.674864 0.700610 -1
0.064828 0.314210 1
0.453772 0.936492 -1
0.755184 0.212965 1
0.773257 0.051907 -1
0.912025 0.192388 -1
0.617439 0.422734 -1
0.746441 0.390703 -1
0.880485 0.587616 -1
0.326713 0.626988 -1
0.419783 0.099814 -1
0.405046 0.541964 -1
0.127920 0.156908 -1
0.224626 0.979607 -1
0.803065 0.731249 -1
0.554869 0.229099 -1
0.520701 0.187186 -1
0.270693 0.765995 -1
0.372005 0.459236 -1
0.846529 0.835949 -1
0.971453 0.190291 -1
0.442666 0.436625 -1
0.766132 0.204183 -1
0.423687 0.434389 -1
0.942767 0.967589 -1
0.548691 0.273188 -1
0.642404 0.033074 -1
0.143967 0.983122 -1
0.693048 0.676426 -1
0.742854 0.255380 -1
0.560240 0.424625 -1
0.018430 0.667288 -1
0.611432 0.852360 -1
0.590918 0.198288 -1
0.670253 0.620589 1
0.133992 0.493093 -1
0.566754 0.934766 -1
0.228576 0.462538 -1
0.467182 0.130596 -1
0.624631 0.583387 -1
0.458984 0.225268 -1
0.258283 0.709302 -1
0.170737 0.035272 -1
0.874792 0.820114 1
0.990340 0.242989 -1
0.908201 0.832788 -1
0.730990 0.113746 -1
0.069251 0.677603 -1
0.358575 0.803831 -1
0.518948 0.083521 -1
0.077317 0.570663 -1
0.798860 0.883421 -1
0.720558 0.275013 -1
0.760394 0.960493 -1
0.682907 0.460475 -1
0.978863 0.055814 -1
0.310674 0.242397 -1
0.355496 0.094829 -1
0.686823 0.678080 -1
0.623769 0.453785 -1
0.092438 0.771782 -1
0.034440 0.615969 -1
0.726646 0.272053 -1
0.280308 0.000381 -1
0.463480 0.864399 -1
0.188950 0.376166 -1
0.733650 0.918863 -1
0.284441 0.337107 -1
0.188393 0.742372 -1
0.733986 0.257067 -1
0.529812 0.973972 -1
0.786896 0.531546 1
0.056422 0.305642 -1
0.275820 0.759189 -1
0.227158 0.252126 -1
0.664488 0.353239 -1
0.923004 0.473326 -1
0.487911 0.485382 -1
0.555033 0.640222 -1
0.972848 0.321014 -1
0.833378 0.952820 1
0.784087 0.160873 -1
0.634494 0.221628 -1
0.848409 0.021978 -1
0.829313 0.808376 -1
