-0.635537 0.849143 1
-0.673393 0.536220 1
-0.462933 0.154490 1
-0.338720 0.228677 1
-0.076380 0.910135 1
-0.424117 0.384064 1
-0.646441 0.801754 1
-0.945541 0.976421 -1
-0.913493 0.621394 -1
-0.045996 0.399367 1
-0.077944 0.799438 1
-0.989958 0.224311 1
-0.115804 0.053938 1
-0.060216 0.400654 1
-0.005186 0.946938 -1
-0.262402 0.162250 1
-0.311280 0.278413 -1
-0.304695 0.509645 -1
-0.779003 0.592167 1
-0.954449 0.701416 1
-0.594344 0.156403 1
-0.967483 0.406045 1
-0.836292 0.036635 1
-0.450236 0.786483 1
-0.765271 0.279828 1
-0.217699 0.827142 -1
-0.972519 0.543801 1
-0.573241 0.701769 1
-0.050985 0.852757 1
-0.711145 0.922047 1
-0.732794 0.601755 1
-0.566490 0.126733 1
-0.121202 0.594926 -1
-0.848825 0.422696 1
-0.577401 0.703228 -1
-0.933929 0.813745 1
-0.670082 0.827940 1
-0.546881 0.771935 1
-0.813946 0.775444 1
-0.400366 0.198044 1
-0.621132 0.028065 1
-0.827726 0.705913 1
-0.527127 0.247029 -1
-0.131934 0.793114 1
-0.859003 0.482751 1
-0.960603 0.945072 1
-0.116818 0.840020 1
-0.220470 0.208383 -1
-0.016029 0.893065 1
-0.082671 0.152713 1
-0.628538 0.159637 1
-0.342345 0.198611 -1
-0.656985 0.636014 1
-0.913598 0.536215 -1
-0.056577 0.786399 1
-0.578357 0.409036 -1
-0.264216 0.591244 1
-0.650762 0.777705 1
-0.313533 0.688283 1
-0.393827 0.238267 1
-0.013508 0.394663 -1
-0.964265 0.124664 -1
-0.109867 0.173262 -1
-0.896501 0.729492 1
-0.951397 0.352046 1
-0.084667 0.927399 1
-0.689598 0.102151 1
-0.747979 0.767240 1
-0.780691 0.835962 1
-0.992401 0.689332 1
-0.760528 0.406073 1
-0.627543 0.680162 1
-0.897364 0.498304 1
-0.919050 0.026730 -1
-0.428989 0.208161 1
-0.521349 0.992938 1
-0.014988 0.460398 1
-0.259867 0.600179 1
-0.679524 0.450715 1
-0.799230 0.073015 1
-0.757835 0.649514 1
-0.418210 0.917142 1
-0.620413 0.092244 1
-0.279419 0.875540 1
-0.485255 0.271119 1
-0.575036 0.186654 1
-0.829860 0.603785 1
-0.749431 0.358369 1
-0.895137 0.802318 1
-0.371994 0.223990 1
-0.849429 0.194790 1
-0.968352 0.510730 1
-0.581253 0.982720 1
-0.584265 0.734386 1
-0.527588 0.814093 1
-0.326911 0.813805 1
-0.752619 0.960335 1
-0.573206 0.934652 1
-0.909762 0.538032 1
-0.039537 0.810076 1
-0.298011 0.006608 1
-0.146212 0.373987 1
-0.827950 0.864595 1
-0.839702 0.687360 1
-0.474802 0.814166 1
-0.493207 0.882345 1
-0.406913 0.944812 1
-0.290031 0.498542 1
-0.348894 0.610393 1
-0.398079 0.799126 1
-0.314764 0.433070 -1
-0.387252 0.419445 1
-0.904786 0.979094 -1
-0.091642 0.171413 1
-0.086197 0.212597 1
-0.259501 0.154736 1
-0.871069 0.265317 1
-0.059976 0.030238 1
-0.271173 0.289070 1
-0.624706 0.751380 -1
-0.602573 0.826100 -1
-0.764492 0.261069 -1
-0.739362 0.593603 1
-0.773040 0.479335 1
-0.794537 0.251646 -1
-0.635375 0.122122 1
-0.308904 0.150774 1
-0.211903 0.252745 1
-0.692793 0.914362 1
-0.585263 0.419753 1
-0.940879 0.841306 1
-0.791104 0.171251 -1
-0.548274 0.721259 1
-0.559086 0.662118 -1
-0.167846 0.284033 1
-0.793957 0.630107 -1
-0.435824 0.033938 1
-0.879918 0.981443 1
-0.417470 0.074414 1
-0.475287 0.501532 1
-0.350840 0.615664 1
-0.329566 0.470767 1
-0.334135 0.101319 1
-0.984405 0.281840 1
-0.429633 0.482339 1
-0.277562 0.075170 1
-0.590384 0.837542 1
-0.270727 0.091869 -1
-0.841670 0.689655 1
-0.942799 0.011687 1
-0.855319 0.945817 1
-0.969952 0.481222 1
-0.262017 0.370852 1
-0.740787 0.859143 1
-0.369721 0.711035 1
-0.987591 0.432385 1
-0.361094 0.167520 1
-0.919433 0.584333 1
-0.771591 0.654913 -1
-0.360747 0.667201 1
-0.994079 0.144610 1
-0.628308 0.572510 1
-0.344830 0.603959 1
-0.463489 0.695516 1
-0.788478 0.719289 1
-0.135218 0.258870 1
-0.760544 0.889199 1
-0.533287 0.280317 1
-0.710205 0.876326 1
-0.874180 0.411918 1
-0.794432 0.480689 1
-0.751596 0.341258 1
-0.389132 0.860966 1
-0.108919 0.959087 -1
-0.712696 0.185607 -1
-0.303724 0.365584 1
-0.699708 0.593347 1
-0.953264 0.942180 1
-0.663018 0.755963 1
-0.583301 0.529518 1
-0.365765 0.485897 -1
-0.825905 0.164241 1
-0.918415 0.387658 1
-0.561768 0.787704 1
-0.535108 0.408035 1
-0.725931 0.414869 1
-0.554862 0.293000 1
-0.680785 0.505335 1
-0.755178 0.705348 1
-0.572962 0.387716 1
-0.361719 0.550544 1
-0.154445 0.725483 1
-0.623082 0.364570 1
-0.033002 0.577847 1
-0.767396 0.921961 1
-0.818531 0.119806 1
-0.448867 0.361841 1
-0.439745 0.002578 1
-0.715421 0.002184 1
-0.695856 0.103161 -1
-0.469242 0.292473 1
-0.262643 0.017882 -1
-0.929452 0.315139 1
-0.786683 0.686865 1
-0.942386 0.421413 1
-0.076745 0.293423 -1
-0.359424 0.861989 1
-0.380687 0.522254 1
-0.975409 0.619519 1
-0.776269 0.851930 1
-0.360532 0.371862 1
-0.045378 0.746746 1
-0.234880 0.034334 1
-0.675457 0.962863 1
-0.448073 0.482313 1
-0.967195 0.213783 1
-0.514714 0.844901 1
-0.679076 0.942110 1
-0.339092 0.507819 -1
-0.707165 0.049817 1
-0.724658 0.414094 -1
-0.010841 0.453937 1
-0.265860 0.458671 1
-0.355320 0.259205 -1
-0.522194 0.418346 1
-0.306581 0.746151 1
-0.836099 0.049101 1
-0.431060 0.772068 1
-0.058836 0.809285 1
-0.413582 0.324895 -1
-0.350609 0.112365 1
-0.790574 0.509449 1
-0.814239 0.293561 -1
-0.571531 0.568073 1
-0.004317 0.092917 -1
-0.761616 0.920193 1
-0.427322 0.723975 1
-0.582223 0.645608 1
-0.704573 0.773603 1
-0.721847 0.226352 1
-0.128079 0.953240 1
-0.221249 0.112998 1
-0.566239 0.464297 1
-0.562321 0.173417 -1
-0.491322 0.454255 1
-0.243907 0.615212 -1
-0.907756 0.211108 1
-0.269725 0.478922 1
-0.641451 0.866538 -1
-0.226989 0.018757 1
0.838133 -0.869811 1
0.594247 -0.977935 1
0.694348 -0.036171 1
0.659365 -0.147941 1
0.634824 -0.848653 1
0.317427 -0.853188 -1
0.379243 -0.971990 1
0.403975 -0.376110 -1
0.333334 -0.478909 1
0.568552 -0.179735 -1
0.401422 -0.446327 1
0.646371 -0.979018 -1
0.965564 -0.792930 -1
0.429971 -0.201510 -1
0.603562 -0.183813 1
0.848339 -0.384787 1
0.451575 -0.101866 -1
0.559577 -0.554766 1
0.840245 -0.781344 1
0.992394 -0.897508 1
0.006404 -0.692634 -1
0.274111 -0.229683 1
0.817576 -0.219536 -1
0.837016 -0.429099 -1
0.178328 -0.755125 -1
0.911795 -0.713583 1
0.414942 -0.073012 1
0.211255 -0.569020 1
0.404621 -0.682378 1
0.694860 -0.254878 -1
0.760130 -0.340413 1
0.800733 -0.482681 -1
0.431580 -0.807010 1
0.844823 -0.978976 -1
0.812691 -0.583183 1
0.731585 -0.888338 1
0.979049 -0.028581 -1
0.709904 -0.347838 1
0.677566 -0.495979 -1
0.222296 -0.217618 1
0.002999 -0.517634 1
0.484112 -0.229623 1
0.652978 -0.280479 1
0.575949 -0.635434 1
0.643404 -0.795798 1
0.522867 -0.298834 1
0.325343 -0.065153 1
0.354730 -0.446556 -1
0.460957 -0.114199 1
0.957157 -0.666274 -1
0.148944 -0.567904 1
0.288728 -0.156398 1
0.167687 -0.940080 1
0.193232 -0.733786 1
0.515323 -0.107320 1
0.997015 -0.059648 1
0.822244 -0.934963 1
0.289790 -0.467567 -1
0.849974 -0.503124 1
0.514250 -0.327949 1
0.904689 -0.418535 1
0.476302 -0.298121 1
0.276668 -0.170939 1
0.252457 -0.838056 1
0.884793 -0.968097 1
0.292940 -0.050050 -1
0.091520 -0.649647 1
0.211974 -0.367973 1
0.747549 -0.373838 1
0.054660 -0.034384 1
0.677119 -0.101885 -1
0.486680 -0.739076 1
0.163091 -0.205873 1
0.350156 -0.328848 -1
0.018598 -0.173332 -1
0.324766 -0.566799 1
0.044772 -0.407985 1
0.930069 -0.014292 -1
0.446331 -0.547002 1
0.109762 -0.050765 1
0.698695 -0.137985 -1
0.579409 -0.083209 -1
0.527188 -0.216359 1
0.795831 -0.178391 -1
0.748472 -0.937045 1
0.741797 -0.652349 1
0.505381 -0.116863 -1
0.781689 -0.839259 1
0.724402 -0.533352 1
0.898981 -0.480685 1
0.740574 -0.066910 1
0.398153 -0.803584 -1
0.556981 -0.276938 1
0.409297 -0.345075 1
0.178838 -0.025160 1
0.880518 -0.189789 1
0.438804 -0.485766 1
0.283489 -0.042645 1
0.741571 -0.210482 -1
0.699810 -0.973443 1
0.062926 -0.586093 1
0.715598 -0.697516 1
0.825696 -0.133056 1
0.234262 -0.309635 1
0.749574 -0.133394 1
0.167770 -0.801859 1
0.397354 -0.899181 1
0.845929 -0.030094 1
0.155671 -0.444694 1
0.114675 -0.358909 1
0.829217 -0.312141 1
0.795295 -0.017038 -1
0.791089 -0.237451 1
0.595323 -0.217783 1
0.797163 -0.360092 -1
0.206514 -0.883781 -1
0.724720 -0.364597 1
0.001926 -0.950173 -1
0.811719 -0.721597 1
0.269127 -0.204294 1
0.487486 -0.410074 1
0.572938 -0.619104 1
0.425705 -0.651533 1
0.037199 -0.927317 -1
0.592549 -0.226607 1
0.505718 -0.556232 -1
0.210796 -0.770898 1
0.227938 -0.265127 -1
0.016986 -0.700310 1
0.329048 -0.724824 1
0.977252 -0.383829 1
0.065204 -0.252699 1
0.210187 -0.484452 1
0.320196 -0.074390 -1
0.992111 -0.388803 -1
0.716817 -0.829746 1
0.895000 -0.951106 -1
0.126184 -0.847134 1
0.540698 -0.328972 -1
0.368563 -0.136614 1
0.194350 -0.063279 -1
0.512194 -0.967122 1
0.830487 -0.387237 1
0.130974 -0.183537 1
0.868656 -0.526186 1
0.574470 -0.217764 1
0.513141 -0.296852 -1
0.964713 -0.376262 -1
0.982216 -0.002324 1
0.919433 -0.655625 -1
0.350437 -0.691728 1
0.475166 -0.868651 1
0.761078 -0.542368 1
0.085810 -0.672259 1
0.733969 -0.745806 1
0.278438 -0.898847 1
0.564975 -0.250781 1
0.187836 -0.908128 1
0.758446 -0.407302 1
0.247518 -0.492311 -1
0.061540 -0.119717 1
0.723574 -0.189662 1
0.033304 -0.077486 1
0.864845 -0.043174 -1
0.129195 -0.825266 1
0.390537 -0.489215 1
0.214719 -0.253044 1
0.422358 -0.342222 1
0.806212 -0.495174 1
0.707275 -0.223459 1
0.487352 -0.970656 1
0.659802 -0.800601 1
0.574602 -0.962953 1
0.664430 -0.202520 1
0.748302 -0.719882 1
0.893008 -0.584228 1
0.682116 -0.187449 1
0.953183 -0.656977 1
0.342124 -0.001668 1
0.111604 -0.153162 1
0.046045 -0.245108 1
0.308824 -0.736709 1
0.310287 -0.830789 1
0.468558 -0.717087 1
0.759986 -0.032969 1
0.379936 -0.746335 1
0.729523 -0.061938 1
0.689237 -0.051411 1
0.988935 -0.048270 1
0.025593 -0.312002 1
0.130934 -0.074919 1
0.209056 -0.779669 1
0.088466 -0.839676 -1
0.020809 -0.232547 1
0.084434 -0.668147 1
0.062850 -0.734214 1
0.041777 -0.171976 1
0.783943 -0.397559 1
0.124121 -0.618979 1
0.505464 -0.312139 1
0.309758 -0.444007 1
0.559088 -0.989743 1
0.232971 -0.669911 1
0.118527 -0.334432 1
0.812106 -0.970567 1
0.542702 -0.641287 1
0.266267 -0.117651 1
0.784438 -0.201050 1
0.518688 -0.889472 1
0.884652 -0.946770 1
0.590584 -0.724273 -1
0.046613 -0.876458 -1
0.000039 -0.998689 -1
0.607398 -0.520277 1
0.867419 -0.762859 1
0.437561 -0.961472 1
0.412917 -0.878900 1
0.702659 -0.719507 1
0.928900 -0.371160 1
0.592617 -0.978297 1
0.289275 -0.622884 1
0.974630 -0.303325 -1
0.588868 -0.512816 1
0.127143 -0.894987 1
0.783703 -0.032111 1
0.819982 -0.942203 1
0.561429 -0.580811 -1
0.617263 -0.575991 1
0.506862 -0.424043 1
0.265501 -0.110320 1
0.173401 -0.097430 -1
0.967286 -0.752295 -1
0.686225 -0.109978 -1
0.201012 -0.364839 1
0.971335 -0.098797 1
0.895535 -0.079871 1
0.403959 -0.410582 1
0.224949 -0.882140 1
0.960918 -0.612745 1
0.403451 -0.097079 1
0.490114 -0.952637 -1
0.728156 -0.704849 1
0.051463 -0.354004 1
0.061636 -0.544787 -1
0.613480 -0.004719 1
0.766777 -0.352742 -1
0.470711 -0.090658 1
0.189618 -0.350296 -1
0.650206 -0.451008 -1
0.106714 -0.107115 1
-0.845974 -0.005026 -1
-0.107172 -0.044293 -1
-0.907279 -0.283613 1
-0.765471 -0.002338 1
-0.380202 -0.682791 1
-0.843105 -0.288783 1
-0.797762 -0.095323 -1
-0.072355 -0.180831 -1
-0.779123 -0.448915 -1
-0.770224 -0.440274 -1
-0.180240 -0.256385 -1
-0.997918 -0.369753 -1
-0.314574 -0.615484 -1
-0.297986 -0.283822 -1
-0.059997 -0.358796 -1
-0.808916 -0.337426 -1
-0.370124 -0.411791 -1
-0.704976 -0.262326 1
-0.296545 -0.685991 -1
-0.908487 -0.883682 1
-0.662967 -0.249459 -1
-0.166532 -0.959886 1
-0.110897 -0.937047 -1
-0.663231 -0.274050 -1
-0.460618 -0.793235 -1
-0.145710 -0.061878 -1
-0.317596 -0.013120 -1
-0.534678 -0.832694 1
-0.205175 -0.448379 -1
-0.206429 -0.594769 -1
-0.713998 -0.798233 -1
-0.261007 -0.179860 1
-0.280875 -0.496720 -1
-0.349247 -0.370005 -1
-0.440216 -0.239287 -1
-0.371924 -0.442653 -1
-0.746861 -0.416421 1
-0.885965 -0.265172 -1
-0.502071 -0.512501 1
-0.085637 -0.252654 -1
-0.057939 -0.095487 -1
-0.043945 -0.945360 -1
-0.914736 -0.256422 1
-0.395353 -0.892124 1
-0.772143 -0.598044 -1
-0.032620 -0.402965 -1
-0.235644 -0.742740 1
-0.993660 -0.466259 -1
-0.233800 -0.538014 -1
-0.184294 -0.516800 -1
-0.856097 -0.544644 -1
-0.925223 -0.281959 -1
-0.655186 -0.896019 -1
-0.813469 -0.648910 -1
-0.704405 -0.125439 1
-0.268620 -0.059091 1
-0.792739 -0.205517 -1
-0.873468 -0.945080 -1
-0.895900 -0.943214 -1
-0.507941 -0.154392 -1
-0.975140 -0.315960 1
-0.099071 -0.792096 1
-0.515945 -0.595315 -1
-0.403594 -0.505310 -1
-0.628978 -0.435157 -1
-0.648348 -0.450755 -1
-0.297974 -0.767476 -1
-0.349287 -0.097331 -1
-0.698438 -0.631260 1
-0.565994 -0.668529 -1
-0.396999 -0.536278 -1
-0.322631 -0.453169 -1
-0.974186 -0.079005 1
-0.094197 -0.069085 -1
-0.534413 -0.376863 -1
-0.119606 -0.111270 -1
-0.100726 -0.115100 -1
-0.947026 -0.955352 -1
-0.107596 -0.491699 -1
-0.049655 -0.722849 1
-0.686219 -0.003866 -1
-0.634401 -0.130157 -1
-0.559599 -0.821207 1
-0.686171 -0.713751 -1
-0.531543 -0.159111 -1
-0.252272 -0.826684 -1
-0.426108 -0.873821 -1
-0.974978 -0.606474 -1
-0.571399 -0.734120 -1
-0.649879 -0.145528 -1
-0.416540 -0.766099 1
-0.119303 -0.565377 -1
-0.297527 -0.136766 1
-0.863336 -0.268211 -1
-0.813612 -0.766967 -1
-0.022784 -0.791545 -1
-0.328710 -0.836495 -1
-0.414594 -0.805740 -1
-0.417028 -0.802902 -1
-0.619128 -0.354077 -1
-0.627750 -0.038368 1
-0.299915 -0.927396 -1
-0.100824 -0.460160 -1
-0.597725 -0.179317 -1
-0.373693 -0.952589 -1
-0.335584 -0.119292 1
-0.034236 -0.992437 1
-0.400396 -0.470213 -1
-0.175725 -0.722585 -1
-0.986185 -0.087421 -1
-0.269411 -0.750883 -1
-0.960648 -0.880529 -1
-0.281096 -0.147450 1
-0.412966 -0.509664 -1
-0.270706 -0.264817 -1
-0.557519 -0.520615 1
-0.869598 -0.608396 -1
-0.513878 -0.091644 -1
-0.953093 -0.815062 1
-0.862009 -0.254046 -1
-0.920549 -0.774843 -1
-0.759212 -0.941556 -1
-0.769960 -0.319152 -1
-0.306099 -0.687563 -1
-0.433320 -0.979366 -1
-0.199417 -0.625896 -1
-0.347995 -0.437997 -1
-0.257387 -0.451240 -1
-0.429569 -0.723439 -1
-0.042181 -0.271577 -1
-0.411754 -0.019888 -1
-0.698093 -0.838000 -1
-0.527121 -0.032681 -1
-0.836585 -0.460557 -1
-0.076009 -0.906212 -1
-0.713529 -0.683767 -1
-0.735292 -0.805435 1
-0.976160 -0.635652 -1
-0.109181 -0.999843 1
-0.740490 -0.537959 -1
-0.780133 -0.072470 -1
-0.159150 -0.194843 1
-0.237001 -0.587124 -1
-0.061403 -0.956524 -1
-0.076559 -0.528950 -1
-0.328596 -0.880405 -1
-0.512448 -0.990582 -1
-0.713853 -0.648840 -1
-0.217573 -0.669086 -1
-0.127396 -0.137461 -1
-0.610108 -0.001494 -1
-0.866499 -0.281142 -1
-0.654655 -0.318302 -1
-0.397554 -0.154034 -1
-0.528595 -0.687913 -1
-0.550413 -0.647812 -1
-0.571272 -0.373170 -1
-0.429499 -0.311607 -1
-0.585295 -0.187238 -1
-0.249139 -0.505376 -1
-0.083189 -0.400279 -1
-0.513115 -0.732078 -1
-0.605879 -0.786925 -1
-0.283562 -0.048432 -1
-0.098399 -0.872080 -1
-0.642866 -0.107082 -1
-0.214045 -0.482711 -1
-0.799844 -0.350899 -1
-0.600646 -0.725173 -1
-0.814859 -0.177514 -1
-0.356500 -0.469874 -1
-0.380418 -0.601800 -1
-0.287694 -0.153220 -1
-0.242461 -0.926733 -1
-0.326873 -0.056724 1
-0.577455 -0.756019 -1
-0.431503 -0.709427 -1
-0.071342 -0.046677 1
-0.368275 -0.307325 -1
-0.108255 -0.937696 1
-0.263080 -0.546965 -1
-0.793372 -0.659730 -1
-0.253914 -0.194305 -1
-0.917998 -0.555742 1
-0.126635 -0.185711 -1
-0.991841 -0.652719 -1
-0.099180 -0.245134 -1
-0.835495 -0.201893 -1
-0.359084 -0.671168 -1
-0.167183 -0.051328 -1
-0.048714 -0.568714 -1
-0.684767 -0.599576 -1
-0.931068 -0.761871 -1
-0.039941 -0.048409 -1
-0.127204 -0.599628 -1
-0.857394 -0.426951 1
-0.007034 -0.989385 -1
-0.025514 -0.861971 -1
-0.051823 -0.471447 -1
-0.592880 -0.555827 -1
-0.760897 -0.528296 -1
-0.569334 -0.761415 -1
-0.283216 -0.263640 -1
-0.883437 -0.207938 1
-0.655116 -0.349249 -1
-0.697735 -0.632238 -1
-0.125145 -0.135723 -1
-0.681841 -0.006098 -1
-0.866134 -0.805696 1
-0.568242 -0.049477 -1
-0.599268 -0.917823 -1
-0.330277 -0.965475 -1
-0.039518 -0.585621 1
-0.942148 -0.892096 1
-0.125504 -0.311224 -1
-0.784963 -0.702001 -1
-0.044660 -0.406803 -1
-0.439085 -0.352550 -1
-0.713006 -0.679857 -1
-0.915665 -0.701477 -1
-0.118499 -0.000091 -1
-0.772054 -0.354807 1
-0.151936 -0.913217 1
-0.905090 -0.782066 -1
-0.761311 -0.333916 -1
-0.585260 -0.329197 -1
-0.915878 -0.376574 -1
-0.330469 -0.835821 -1
-0.719048 -0.170356 -1
-0.718443 -0.036843 -1
-0.639112 -0.378704 -1
-0.979271 -0.387399 -1
-0.546465 -0.238333 -1
-0.315505 -0.881805 -1
-0.937433 -0.158738 -1
-0.533267 -0.250290 -1
-0.681472 -0.146160 1
-0.255815 -0.174692 -1
-0.759160 -0.206629 -1
-0.304340 -0.794293 1
-0.411347 -0.840563 -1
-0.475967 -0.232542 -1
-0.688586 -0.490263 -1
-0.343468 -0.224092 -1
-0.992845 -0.606827 1
-0.692024 -0.753272 -1
-0.004888 -0.572992 -1
-0.819053 -0.390033 -1
-0.935212 -0.508272 -1
-0.854332 -0.029657 -1
0.010956 0.287169 -1
0.384539 0.886153 -1
0.203864 0.926393 -1
0.338954 0.755755 -1
0.615518 0.505413 -1
0.906847 0.998770 1
0.473635 0.568178 -1
0.057692 0.977674 -1
0.291143 0.293916 -1
0.767728 0.039336 -1
0.809460 0.610583 -1
0.317767 0.421573 -1
0.643723 0.726586 -1
0.721144 0.934725 -1
0.564222 0.494975 1
0.070320 0.642181 -1
0.320747 0.927688 -1
0.949421 0.724522 1
0.322077 0.633639 -1
0.544851 0.378137 -1
0.407894 0.473899 1
0.745875 0.477134 -1
0.247729 0.939083 1
0.851551 0.230688 -1
0.980218 0.856653 -1
0.030457 0.914353 -1
0.299031 0.472427 -1
0.181552 0.842521 -1
0.749979 0.625045 -1
0.982306 0.181576 -1
0.199747 0.170081 -1
0.108678 0.306250 -1
0.732805 0.034728 -1
0.200036 0.891093 -1
0.365678 0.990228 1
0.944260 0.829864 1
0.967829 0.615484 -1
0.079118 0.027898 1
0.338900 0.665865 -1
0.387976 0.036406 -1
0.692849 0.583256 -1
0.532660 0.387215 -1
0.120332 0.976382 -1
0.583640 0.429196 -1
0.427455 0.309412 -1
0.520594 0.464245 -1
0.190065 0.121773 1
0.735617 0.688523 -1
0.245377 0.654408 -1
0.551699 0.547485 -1
0.550337 0.236591 -1
0.160272 0.018837 -1
0.901625 0.500358 -1
0.888104 0.829698 -1
0.178603 0.980311 -1
0.923463 0.410752 1
0.014889 0.882491 1
0.886545 0.049771 -1
0.902587 0.828355 -1
0.824560 0.448609 -1
0.976292 0.802719 1
0.270748 0.359239 -1
0.348002 0.371588 -1
0.997510 0.561598 -1
0.727598 0.787610 -1
0.452497 0.864849 -1
0.941710 0.890580 -1
0.099602 0.792745 -1
0.913511 0.353167 -1
0.049320 0.293446 -1
0.008094 0.609423 -1
0.133584 0.689023 -1
0.351280 0.135112 -1
0.203948 0.745481 1
0.254894 0.749764 -1
0.173795 0.147033 -1
0.280672 0.797868 -1
0.130286 0.700771 -1
0.487606 0.778700 1
0.119450 0.504670 -1
0.466872 0.137873 -1
0.703760 0.056757 -1
0.844508 0.193804 1
0.857025 0.074124 -1
0.685722 0.422816 1
0.986367 0.104237 -1
0.662570 0.806715 -1
0.535833 0.173348 -1
0.622170 0.739616 -1
0.124420 0.490524 -1
0.782153 0.844357 -1
0.769706 0.820899 -1
0.574032 0.645575 1
0.860616 0.001424 -1
0.934318 0.578560 1
0.535497 0.477432 -1
0.212174 0.529038 1
0.660828 0.829240 -1
0.527680 0.174148 -1
0.748544 0.881551 -1
0.239602 0.933927 -1
0.414292 0.523991 -1
0.933613 0.184680 -1
0.775100 0.420761 -1
0.590402 0.379596 -1
0.352357 0.158411 1
0.037446 0.911702 1
0.326489 0.270357 -1
0.794819 0.834319 -1
0.986059 0.262323 1
0.323622 0.675261 -1
0.441779 0.586593 -1
0.797947 0.940690 -1
0.292713 0.373060 -1
0.897960 0.193040 -1
0.128451 0.263704 1
0.202241 0.855244 -1
0.324421 0.237337 -1
0.367950 0.586962 1
0.097913 0.590571 -1
0.772343 0.593755 -1
0.379381 0.904912 -1
0.522168 0.487465 1
0.579077 0.253533 -1
0.931417 0.113871 -1
0.143363 0.179733 -1
0.377146 0.937734 -1
0.503010 0.762754 -1
0.213932 0.080063 -1
0.924246 0.582260 -1
0.818685 0.432456 -1
0.307425 0.267809 -1
0.405281 0.910232 -1
0.515042 0.674468 -1
0.230589 0.811724 -1
0.373926 0.046738 -1
0.438476 0.789745 -1
0.379440 0.757228 -1
0.777860 0.027909 -1
0.114288 0.750754 -1
0.336337 0.842964 -1
0.919374 0.314113 1
0.363818 0.287827 -1
0.984275 0.317980 1
0.177244 0.298890 -1
0.487581 0.815027 -1
0.261243 0.936382 1
0.365299 0.271972 -1
0.182755 0.792215 -1
0.478286 0.786213 -1
0.718084 0.996013 1
0.292101 0.146232 1
0.697784 0.409055 -1
0.171133 0.318948 -1
0.493212 0.317880 -1
0.552087 0.811485 -1
0.254182 0.438188 -1
0.479010 0.695297 -1
0.045258 0.229304 -1
0.092591 0.460720 1
0.776171 0.206389 -1
0.598004 0.201137 -1
0.501201 0.572311 -1
0.294398 0.072719 -1
0.279578 0.862331 -1
0.700204 0.619507 -1
0.699996 0.876482 1
0.839103 0.531077 -1
0.586385 0.223081 -1
0.176687 0.670140 -1
0.316703 0.790031 -1
0.513990 0.483817 -1
0.681855 0.999100 -1
0.200196 0.456544 -1
0.199616 0.643875 -1
0.703145 0.223570 -1
0.129950 0.438468 -1
0.616720 0.815722 1
0.644004 0.592489 1
0.779950 0.335988 -1
0.866166 0.440314 -1
0.736942 0.126066 -1
0.481306 0.803475 -1
0.130237 0.921598 -1
0.697031 0.549778 -1
0.868626 0.620155 -1
0.078510 0.008178 -1
0.731711 0.969709 1
0.343003 0.081463 1
0.433765 0.050424 -1
0.525271 0.988129 -1
0.552346 0.068872 -1
0.012759 0.556510 -1
0.993720 0.281270 -1
0.603913 0.483754 -1
0.671558 0.321307 -1
0.225852 0.486107 -1
0.293110 0.580844 1
0.675924 0.089928 1
0.336957 0.188121 -1
0.148954 0.767029 -1
0.101904 0.346345 1
0.679319 0.998103 -1
0.663002 0.694066 -1
0.531791 0.310523 -1
0.575444 0.727329 -1
0.384152 0.117252 -1
0.915435 0.085381 -1
0.832480 0.249918 -1
0.408285 0.689699 1
0.719808 0.179645 -1
0.575234 0.041322 -1
0.906200 0.774344 -1
0.320416 0.367154 1
0.675884 0.759657 -1
0.360560 0.110874 -1
0.235095 0.390982 1
0.559725 0.590637 1
0.315662 0.837770 -1
0.220639 0.498621 -1
0.044766 0.287182 1
0.389234 0.129683 -1
0.835095 0.857824 1
0.492974 0.435264 -1
0.220562 0.681508 1
0.360324 0.174367 -1
0.923254 0.793145 -1
0.483025 0.223989 1
0.054544 0.472350 -1
0.067024 0.014296 -1
0.023447 0.106310 -1
0.029310 0.505782 -1
0.422546 0.173529 -1
0.897201 0.159695 1
0.170968 0.794347 -1
0.595610 0.168122 -1
0.031583 0.868524 -1
0.535706 0.744232 -1
0.146976 0.992386 -1
0.440376 0.634715 -1
0.451469 0.529195 1
0.540619 0.096967 -1
0.481481 0.135488 -1
0.559294 0.556010 -1
0.875377 0.721422 -1
0.624945 0.167007 -1
0.480609 0.972724 -1
0.847316 0.343580 -1
0.756434 0.739092 -1
0.420265 0.993720 -1
