-0.925999 0.128549 1
-0.138254 0.222321 1
-0.101082 0.494281 1
-0.135472 0.994989 -1
-0.377226 0.470270 1
-0.031016 0.602401 -1
-0.552690 0.552606 -1
-0.415266 0.036938 1
-0.758126 0.874728 -1
-0.228763 0.066084 1
-0.463124 0.833455 -1
-0.582143 0.382838 1
-0.855550 0.857068 1
-0.569511 0.217481 -1
-0.931916 0.659693 1
-0.258118 0.601369 1
-0.114321 0.120497 1
-0.271432 0.299571 1
-0.602834 0.955449 1
-0.436867 0.215268 1
-0.091623 0.546294 1
-0.770263 0.411980 1
-0.945529 0.487007 -1
-0.730763 0.335470 1
-0.302767 0.576257 -1
0.661487 -0.017678 1
0.832066 -0.999710 1
0.900519 -0.346858 -1
0.517610 -0.871556 1
0.381464 -0.309868 1
0.643030 -0.423694 1
0.001064 -0.710287 1
0.551272 -0.706865 1
0.085423 -0.484565 -1
0.349397 -0.054674 1
0.362677 -0.455038 1
0.077209 -0.634139 -1
0.651944 -0.246101 1
0.395686 -0.143189 -1
0.338969 -0.500543 1
0.617366 -0.361622 1
0.377354 -0.042842 1
0.366143 -0.227019 1
0.004092 -0.706720 1
0.206082 -0.070432 1
0.810028 -0.534779 1
0.949945 -0.602709 1
0.960739 -0.958730 1
0.173802 -0.096155 1
0.255366 -0.934999 1
-0.356730 -0.530072 1
-0.294298 -0.769384 -1
-0.773440 -0.788456 1
-0.123697 -0.489962 -1
-0.953462 -0.609493 -1
-0.214681 -0.588897 -1
-0.757174 -0.253221 1
-0.377836 -0.754863 -1
-0.602786 -0.013605 1
-0.734918 -0.694515 -1
-0.138985 -0.104186 1
-0.470748 -0.958573 -1
-0.658753 -0.388358 1
-0.644456 -0.139497 -1
-0.408116 -0.381040 -1
-0.915173 -0.341588 -1
-0.416902 -0.543122 -1
-0.774616 -0.704241 -1
-0.153106 -0.494390 -1
-0.180456 -0.668300 -1
-0.725854 -0.134015 -1
-0.246706 -0.175352 -1
-0.862179 -0.618965 1
-0.263281 -0.824907 1
-0.661402 -0.005577 1
0.808019 0.473200 -1
0.369603 0.187439 -1
0.210553 0.812387 -1
0.905237 0.142283 -1
0.716668 0.765532 -1
0.985514 0.124231 -1
0.467034 0.448206 1
0.720096 0.930077 1
0.362701 0.485294 -1
0.241358 0.402991 1
0.882731 0.032756 1
0.357522 0.527131 1
0.057873 0.930598 -1
0.048141 0.404325 -1
0.393364 0.594960 -1
0.250564 0.268253 1
0.124872 0.841047 -1
0.594541 0.250071 1
0.964753 0.015119 -1
0.581293 0.960832 -1
0.717031 0.332669 -1
0.818687 0.496115 -1
0.864840 0.425884 1
0.507310 0.653115 -1
0.400443 0.985913 1
