-0.288060 0.668554 1
-0.834748 0.294825 1
-0.476222 0.671335 1
-0.320033 0.924884 1
-0.572951 0.090112 1
-0.654045 0.009763 1
-0.355617 0.989756 1
-0.656100 0.141232 1
-0.163084 0.821513 1
-0.016153 0.302067 1
-0.792884 0.722235 1
-0.474901 0.549174 1
-0.964544 0.061771 1
-0.657570 0.204349 1
-0.310223 0.826955 1
-0.268323 0.388463 1
-0.772727 0.043994 1
-0.087292 0.345285 1
-0.345770 0.014893 1
-0.391425 0.897602 1
-0.408851 0.643267 1
-0.237953 0.429424 1
-0.727334 0.044295 1
-0.527773 0.963638 1
-0.135414 0.998875 1
0.676807 -0.048063 1
0.284042 -0.306486 1
0.194010 -0.342318 1
0.994635 -0.868992 1
0.307522 -0.504206 1
0.398815 -0.874991 1
0.591977 -0.710969 1
0.851600 -0.148672 1
0.174459 -0.085850 1
0.336529 -0.384657 1
0.081057 -0.236473 1
0.337967 -0.906689 1
0.514495 -0.822672 1
0.895024 -0.836207 1
0.874637 -0.987221 1
0.076708 -0.349217 1
0.297645 -0.701154 1
0.971980 -0.247866 1
0.867241 -0.791831 1
0.211799 -0.099991 1
0.234705 -0.631904 1
0.338578 -0.825093 1
0.575143 -0.871269 1
0.760984 -0.029831 1
0.191272 -0.810840 1
-0.339777 -0.350842 -1
-0.744474 -0.418812 -1
-0.268421 -0.477632 -1
-0.278145 -0.264713 -1
-0.685776 -0.982855 -1
-0.232783 -0.671690 -1
-0.929860 -0.821782 -1
-0.762984 -0.813746 -1
-0.857644 -0.286301 -1
-0.690858 -0.213132 -1
-0.259577 -0.666991 -1
-0.180802 -0.863409 -1
-0.641948 -0.621017 -1
-0.029303 -0.070306 -1
-0.040960 -0.750281 -1
-0.561367 -0.190300 -1
-0.351977 -0.641905 -1
-0.327948 -0.911145 -1
-0.315253 -0.705931 -1
-0.261188 -0.370059 -1
-0.593356 -0.251628 -1
-0.701812 -0.015691 -1
-0.511397 -0.785259 -1
-0.089329 -0.962723 -1
-0.702874 -0.395285 -1
0.318138 0.158399 -1
0.579348 0.323183 -1
0.697077 0.535653 -1
0.978245 0.674778 -1
0.342684 0.721310 -1
0.973194 0.838584 -1
0.358433 0.776126 -1
0.375159 0.663661 -1
0.962962 0.438697 -1
0.872898 0.814752 -1
0.723025 0.812015 -1
0.851924 0.389882 -1
0.774040 0.370433 -1
0.129277 0.582879 -1
0.604476 0.315887 -1
0.690408 0.227488 -1
0.938617 0.210531 -1
0.108572 0.709763 -1
0.497612 0.315649 -1
0.379094 0.629194 -1
0.390779 0.054684 -1
0.476969 0.144589 -1
0.200614 0.284802 -1
0.335029 0.175940 -1
0.355722 0.118858 -1
