-0.024996 0.775123 1
-0.366366 0.167356 1
-0.229780 0.046508 1
-0.864663 0.591953 1
-0.018754 0.325567 1
-0.543077 0.425985 1
-0.789747 0.305131 1
-0.912054 0.491159 1
-0.549708 0.072472 1
-0.013327 0.051794 -1
-0.231481 0.250311 1
-0.928782 0.877921 1
-0.990622 0.260721 1
-0.895284 0.124000 1
-0.271111 0.222816 1
-0.662333 0.654773 1
-0.727125 0.961417 1
-0.266951 0.763397 1
-0.031282 0.886171 1
-0.948829 0.377804 1
-0.126152 0.764115 1
-0.067358 0.324245 1
-0.483668 0.850655 1
-0.591725 0.305947 1
-0.130851 0.700604 1
0.369004 -0.514791 1
0.257090 -0.720518 1
0.805191 -0.509802 1
0.265654 -0.038727 1
0.957302 -0.663753 1
0.794119 -0.439832 1
0.600303 -0.552172 1
0.542257 -0.617958 1
0.996899 -0.987718 1
0.722199 -0.126278 1
0.901899 -0.836936 1
0.279185 -0.308585 -1
0.261490 -0.130210 -1
0.244677 -0.813923 1
0.468498 -0.683255 1
0.273998 -0.104300 1
0.553350 -0.395243 1
0.993834 -0.007533 1
0.533514 -0.799839 1
0.742609 -0.211357 1
0.099409 -0.231654 1
0.097611 -0.531255 1
0.904748 -0.216928 1
0.110935 -0.735667 1
0.300813 -0.759971 1
-0.879655 -0.676488 -1
-0.046629 -0.723299 1
-0.844035 -0.161256 -1
-0.184632 -0.718319 -1
-0.975749 -0.888861 -1
-0.687134 -0.028064 -1
-0.293956 -0.909068 -1
-0.219255 -0.257914 -1
-0.538119 -0.198442 -1
-0.583888 -0.321688 -1
-0.648652 -0.561571 -1
-0.369404 -0.840768 1
-0.138279 -0.425848 -1
-0.579932 -0.189650 -1
-0.415801 -0.835216 -1
-0.368027 -0.117426 -1
-0.023225 -0.495873 -1
-0.016406 -0.204005 -1
-0.418366 -0.025401 -1
-0.658805 -0.601502 -1
-0.247064 -0.257977 -1
-0.976442 -0.383490 -1
-0.023520 -0.018549 -1
-0.875038 -0.063951 -1
-0.596701 -0.807977 1
0.873284 0.941955 -1
0.728297 0.698440 -1
0.124327 0.719795 1
0.397737 0.345946 -1
0.755726 0.603064 -1
0.272560 0.751144 -1
0.026090 0.664281 -1
0.338919 0.733428 -1
0.283746 0.177653 -1
0.719598 0.823018 -1
0.225968 0.304404 -1
0.991529 0.221001 -1
0.468533 0.765858 -1
0.098413 0.919351 -1
0.777372 0.127304 -1
0.639039 0.253955 1
0.343368 0.476777 -1
0.462482 0.515745 1
0.530312 0.005501 1
0.043530 0.019358 -1
0.537360 0.035298 -1
0.758222 0.100450 -1
0.819052 0.991663 -1
0.650293 0.473667 -1
0.131765 0.967961 -1
