-0.836476 0.480976 -1
-0.816054 0.199454 1
-0.980795 0.161048 -1
-0.380537 0.169409 -1
-0.414472 0.211828 1
-0.768819 0.926836 1
-0.116294 0.346707 -1
-0.990496 0.631884 -1
-0.418739 0.047945 1
-0.959280 0.825937 -1
-0.431440 0.319300 -1
-0.823127 0.655799 -1
-0.610791 0.846662 1
-0.203127 0.282087 -1
-0.389107 0.835708 1
-0.851395 0.921203 1
-0.061618 0.484760 1
-0.726810 0.435469 -1
-0.297797 0.556828 1
-0.152707 0.353529 1
-0.401034 0.068593 1
-0.626206 0.293261 1
-0.267209 0.886938 -1
-0.070850 0.016077 1
-0.229854 0.344714 1
0.544198 -0.106515 -1
0.023089 -0.439944 -1
0.774292 -0.971281 -1
0.230711 -0.288965 -1
0.528278 -0.047094 1
0.459017 -0.565735 1
0.782309 -0.384661 1
0.120542 -0.215349 -1
0.508521 -0.844362 1
0.963258 -0.632924 1
0.607034 -0.690695 1
0.737090 -0.385651 1
0.390930 -0.886991 1
0.736312 -0.381102 1
0.412353 -0.792407 1
0.080313 -0.372728 -1
0.224474 -0.049158 1
0.206619 -0.484873 1
0.783799 -0.836373 1
0.954377 -0.226434 1
0.525385 -0.595390 -1
0.291303 -0.654525 -1
0.764284 -0.745187 1
0.957099 -0.020798 -1
0.879214 -0.831845 -1
-0.526869 -0.939021 1
-0.623585 -0.283348 1
-0.835279 -0.612330 -1
-0.149600 -0.712552 -1
-0.916400 -0.745489 1
-0.650265 -0.689331 1
-0.810997 -0.073661 1
-0.080460 -0.380077 -1
-0.598490 -0.962686 1
-0.854667 -0.778958 1
-0.286640 -0.802795 -1
-0.566688 -0.306640 -1
-0.048654 -0.311272 -1
-0.823399 -0.513485 -1
-0.369089 -0.291373 -1
-0.530906 -0.470642 1
-0.858884 -0.704329 1
-0.898011 -0.760030 1
-0.552630 -0.269673 -1
-0.251806 -0.511332 -1
-0.640156 -0.552221 -1
-0.122464 -0.648315 -1
-0.640261 -0.152165 -1
-0.030812 -0.272694 -1
-0.872839 -0.898548 1
0.432878 0.779792 -1
0.699321 0.465016 1
0.519325 0.720449 -1
0.889856 0.545115 -1
0.102124 0.125660 -1
0.258662 0.649495 -1
0.057685 0.871811 1
0.491920 0.933762 -1
0.399147 0.788535 -1
0.740136 0.536428 1
0.424989 0.312070 1
0.244854 0.286997 1
0.263223 0.746869 -1
0.104095 0.892714 -1
0.281657 0.234214 -1
0.085070 0.837542 -1
0.694735 0.360897 1
0.114978 0.499582 -1
0.335887 0.422261 -1
0.841896 0.710392 -1
0.577354 0.280952 -1
0.102619 0.018913 1
0.978260 0.003425 -1
0.737113 0.818305 1
0.983167 0.446266 -1
