-0.609296 0.757274 1
-0.762369 0.178451 1
-0.327759 0.539848 1
-0.572281 0.079977 1
-0.896554 0.521099 1
-0.450235 0.359969 1
-0.236127 0.683746 1
-0.812389 0.596197 1
-0.346309 0.780469 1
-0.091830 0.903233 1
-0.720275 0.022169 1
-0.506412 0.569237 1
-0.149552 0.595054 -1
-0.326641 0.747990 1
-0.091189 0.793305 1
-0.472978 0.001470 1
-0.910502 0.286337 -1
-0.784354 0.300746 1
-0.285488 0.393105 1
-0.641508 0.830063 1
-0.434713 0.703511 1
-0.199077 0.620135 1
-0.994204 0.233265 1
-0.309743 0.349795 1
-0.626453 0.709362 1
0.186942 -0.204008 1
0.455309 -0.926413 1
0.934174 -0.913436 1
0.372400 -0.454900 1
0.241536 -0.337002 1
0.978670 -0.641492 1
0.858883 -0.906934 1
0.680901 -0.262474 1
0.573751 -0.350987 1
0.978793 -0.487742 1
0.410480 -0.528110 1
0.834406 -0.499977 1
0.346767 -0.627744 1
0.434220 -0.416397 1
0.122636 -0.453732 1
0.931799 -0.387072 1
0.987918 -0.544789 -1
0.439587 -0.513919 1
0.233620 -0.750887 1
0.286990 -0.481278 1
0.747465 -0.101297 1
0.228718 -0.955309 1
0.453171 -0.156079 1
0.105258 -0.494229 1
0.603130 -0.111058 1
-0.910859 -0.979311 -1
-0.205625 -0.364214 1
-0.787709 -0.105495 -1
-0.748140 -0.152565 -1
-0.948390 -0.234282 -1
-0.826518 -0.649986 -1
-0.254725 -0.483975 -1
-0.228091 -0.795745 1
-0.297134 -0.169455 -1
-0.362371 -0.854057 -1
-0.041041 -0.175808 -1
-0.301845 -0.060053 1
-0.920470 -0.593356 -1
-0.468643 -0.626979 -1
-0.148513 -0.106992 1
-0.394774 -0.277465 -1
-0.554913 -0.863714 -1
-0.950019 -0.763626 1
-0.276906 -0.842121 -1
-0.366672 -0.704975 -1
-0.225143 -0.446208 -1
-0.768502 -0.674711 1
-0.110742 -0.018888 -1
-0.836056 -0.785870 -1
-0.682003 -0.293884 -1
0.389079 0.963002 -1
0.129843 0.233270 -1
0.732569 0.731046 -1
0.609776 0.007207 -1
0.989093 0.491925 -1
0.159140 0.871499 -1
0.610168 0.780813 -1
0.889460 0.991299 -1
0.345461 0.572498 -1
0.027612 0.436469 -1
0.192929 0.309617 -1
0.380947 0.286198 -1
0.162152 0.698335 -1
0.210067 0.453731 -1
0.875225 0.530634 1
0.727877 0.949183 -1
0.096248 0.727671 -1
0.827151 0.842574 -1
0.024327 0.918037 -1
0.455006 0.677696 -1
0.079382 0.568025 -1
0.170170 0.236251 -1
0.600365 0.112407 -1
0.277427 0.237694 -1
0.413658 0.312103 -1
