-0.778306 0.141700 1
-0.477905 0.271018 1
-0.987051 0.269939 1
-0.144302 0.107644 1
-0.377669 0.567098 1
-0.518885 0.242687 1
-0.909788 0.267893 1
-0.554966 0.397027 1
-0.739078 0.448891 1
-0.657486 0.112270 1
-0.485347 0.890188 1
-0.746858 0.698562 1
-0.510988 0.649597 1
-0.338256 0.151596 1
-0.544696 0.306995 1
-0.703248 0.737707 1
-0.130569 0.339609 1
-0.642163 0.979566 1
-0.692349 0.771688 1
-0.659038 0.634600 1
-0.328265 0.978763 1
-0.826558 0.903440 -1
-0.828748 0.471579 1
-0.729194 0.366310 1
-0.078083 0.047534 1
0.000108 -0.913621 1
0.166119 -0.521109 1
0.143526 -0.179087 1
0.356875 -0.322277 1
0.759846 -0.554863 1
0.342236 -0.129763 -1
0.333136 -0.125212 1
0.708940 -0.701236 1
0.347162 -0.499334 1
0.040496 -0.563488 1
0.630308 -0.203295 1
0.935267 -0.238661 1
0.196183 -0.600116 1
0.693805 -0.642757 1
0.276681 -0.766561 1
0.891189 -0.145716 1
0.459285 -0.787657 1
0.839062 -0.615951 1
0.566484 -0.011348 1
0.952625 -0.772246 1
0.671454 -0.038190 1
0.120977 -0.448637 1
0.515961 -0.689177 1
0.955110 -0.185511 -1
0.323053 -0.490298 -1
-0.908929 -0.980262 -1
-0.031115 -0.955839 -1
-0.051290 -0.447026 -1
-0.914899 -0.425764 -1
-0.966519 -0.797064 -1
-0.238296 -0.642971 -1
-0.661375 -0.648788 -1
-0.073369 -0.939751 -1
-0.378837 -0.072131 1
-0.696281 -0.779256 1
-0.501455 -0.791643 -1
-0.581035 -0.816018 -1
-0.982246 -0.452012 -1
-0.996298 -0.066359 -1
-0.917313 -0.547377 -1
-0.688431 -0.425525 -1
-0.370555 -0.445782 -1
-0.395821 -0.362723 -1
-0.699884 -0.006862 -1
-0.100107 -0.700868 -1
-0.516309 -0.769897 -1
-0.949652 -0.059099 -1
-0.058361 -0.867097 -1
-0.983187 -0.577406 1
-0.257612 -0.023514 -1
0.996693 0.864302 -1
0.790809 0.491474 -1
0.141367 0.465233 -1
0.838204 0.379875 -1
0.277543 0.948548 -1
0.508766 0.028457 -1
0.871340 0.926902 -1
0.089964 0.034656 -1
0.135401 0.864597 -1
0.345505 0.721014 -1
0.785271 0.485540 1
0.316314 0.324552 -1
0.160239 0.691679 -1
0.157740 0.653682 -1
0.099885 0.707591 -1
0.745864 0.176460 -1
0.039973 0.642112 1
0.729088 0.713388 -1
0.753359 0.647699 -1
0.556643 0.416830 -1
0.884102 0.217008 1
0.664460 0.384816 -1
0.361421 0.484657 -1
0.712763 0.690023 -1
0.578972 0.515761 -1
