-0.104827 0.817968 1
-0.066726 0.833869 1
-0.225386 0.525865 1
-0.104837 0.998474 -1
-0.690744 0.283716 1
-0.476629 0.483119 -1
-0.518332 0.758034 1
-0.525534 0.908202 1
-0.143200 0.923055 1
-0.716190 0.117173 1
-0.253487 0.568546 -1
-0.271000 0.250420 1
-0.475748 0.183037 1
-0.120135 0.569975 1
-0.495813 0.017810 1
-0.854042 0.187209 -1
-0.228084 0.569310 -1
-0.346139 0.497049 1
-0.987362 0.082654 1
-0.666747 0.986474 1
-0.304687 0.064075 1
-0.728265 0.886646 -1
-0.761571 0.864000 -1
-0.031464 0.928904 1
-0.817244 0.399297 -1
-0.152877 0.571959 1
-0.805999 0.867465 -1
-0.053093 0.723043 1
-0.196655 0.630981 1
-0.475484 0.923108 -1
-0.355375 0.539327 1
-0.572159 0.214605 1
-0.316570 0.181178 1
-0.056224 0.271167 -1
-0.402216 0.777020 1
-0.453347 0.464506 -1
-0.899834 0.293373 1
-0.988026 0.305505 -1
-0.450928 0.179911 1
-0.780394 0.434014 1
-0.760030 0.815458 1
-0.672653 0.481448 1
-0.694201 0.173734 -1
-0.908830 0.266798 -1
-0.275795 0.100935 -1
-0.285955 0.407134 -1
-0.052283 0.431587 1
-0.565096 0.473422 1
-0.175679 0.462568 -1
-0.782715 0.086097 -1
-0.365965 0.393432 -1
-0.860682 0.946259 1
-0.702719 0.228033 -1
-0.932376 0.296883 -1
-0.184940 0.179630 1
-0.705304 0.955865 -1
-0.158378 0.435677 1
-0.078420 0.064732 -1
-0.362475 0.143079 -1
-0.396290 0.999659 -1
-0.588514 0.756919 1
-0.159812 0.501127 1
-0.445602 0.939056 -1
-0.014192 0.324744 1
-0.079955 0.781837 1
-0.730940 0.522740 1
-0.126271 0.464022 1
-0.588869 0.197745 1
-0.193657 0.929244 -1
-0.053602 0.111665 1
-0.816758 0.191077 1
-0.241834 0.698387 1
-0.802877 0.868667 -1
-0.882363 0.748973 -1
-0.386395 0.245930 1
-0.566983 0.752730 1
-0.341971 0.489924 1
-0.471854 0.385942 1
-0.054548 0.671617 1
-0.811518 0.770803 1
-0.716064 0.494181 -1
-0.864881 0.820274 -1
-0.154890 0.131121 1
-0.850281 0.929657 1
-0.306564 0.163821 -1
-0.988058 0.080397 1
-0.214878 0.743140 -1
-0.305752 0.863661 -1
-0.752091 0.097320 -1
-0.152588 0.844725 1
-0.909046 0.938697 1
-0.128132 0.777034 -1
-0.153514 0.798295 1
-0.084393 0.169961 -1
-0.802105 0.873237 -1
-0.682480 0.584982 -1
-0.885558 0.023905 1
-0.592037 0.906767 -1
-0.251634 0.930420 1
-0.567423 0.278587 1
-0.859787 0.057115 1
-0.483215 0.169220 1
-0.538032 0.257644 1
-0.511199 0.864329 1
-0.560161 0.465689 -1
-0.152224 0.191394 1
-0.529672 0.596682 1
-0.681493 0.398762 1
-0.187667 0.026421 1
-0.900942 0.049519 -1
-0.445540 0.449656 1
-0.362707 0.481872 1
-0.827045 0.919129 1
-0.574735 0.412409 1
-0.816100 0.171861 1
-0.153105 0.314670 1
-0.033725 0.993431 -1
-0.555660 0.654633 -1
-0.580592 0.619044 -1
-0.344942 0.372608 1
-0.452791 0.770334 -1
-0.427979 0.998848 -1
-0.268029 0.234188 1
-0.904774 0.456791 1
-0.492579 0.026210 -1
-0.597342 0.240900 1
-0.812063 0.278149 -1
-0.480645 0.355081 1
-0.175972 0.039260 -1
-0.737548 0.087308 1
-0.662247 0.571219 1
-0.547661 0.155937 1
-0.293092 0.037416 -1
-0.683835 0.415816 1
-0.775594 0.128399 1
-0.305830 0.346025 1
-0.137685 0.306910 1
-0.571312 0.486299 -1
-0.003992 0.400100 1
-0.068091 0.946352 -1
-0.855291 0.137844 -1
-0.187686 0.775038 1
-0.814894 0.250082 1
-0.498512 0.824112 -1
-0.480655 0.179623 1
-0.579707 0.396398 -1
-0.379628 0.260911 1
-0.004594 0.585605 1
-0.059559 0.508537 1
-0.137749 0.314425 1
-0.564896 0.724266 -1
-0.579129 0.002929 1
-0.911342 0.333788 1
-0.856240 0.118743 -1
-0.843167 0.680610 1
-0.167666 0.790252 1
-0.181140 0.864223 1
-0.713223 0.539389 1
-0.413604 0.972305 -1
-0.358769 0.603973 1
-0.724243 0.402951 1
-0.285434 0.971967 1
-0.660733 0.634225 -1
-0.006156 0.059825 1
-0.536818 0.744109 -1
-0.168807 0.625962 1
-0.013454 0.940557 1
-0.345312 0.706436 -1
-0.827499 0.540535 1
-0.883990 0.077727 -1
-0.164804 0.988186 1
-0.343579 0.439331 1
-0.865315 0.996696 -1
-0.210168 0.673165 1
-0.666098 0.406722 1
-0.932594 0.885034 1
-0.138908 0.855924 -1
-0.468732 0.241585 1
-0.629323 0.546905 -1
-0.072120 0.020158 1
-0.725256 0.235152 1
-0.621306 0.360271 1
-0.092106 0.370341 1
-0.736710 0.811012 1
-0.635790 0.148844 -1
-0.903278 0.916470 1
-0.443221 0.315376 1
-0.265134 0.780186 -1
-0.991138 0.846406 -1
-0.509233 0.221528 1
-0.452316 0.000274 1
-0.573028 0.366310 -1
-0.817533 0.373180 1
-0.595796 0.133583 1
-0.930915 0.049327 -1
-0.193683 0.231605 1
-0.179224 0.275910 -1
-0.420472 0.994022 1
-0.280656 0.213585 1
-0.405693 0.968505 1
-0.882413 0.351291 1
-0.831266 0.113498 1
-0.751656 0.134423 1
-0.665573 0.084339 1
-0.854707 0.283530 1
-0.521817 0.267178 -1
-0.254893 0.944505 -1
-0.210155 0.366654 1
-0.061699 0.878512 1
-0.521886 0.297072 1
-0.967219 0.852048 1
-0.780856 0.018735 1
-0.879121 0.606108 1
-0.544437 0.853057 1
-0.540576 0.182850 1
-0.778027 0.432065 -1
-0.650197 0.869909 -1
-0.747881 0.829805 1
-0.918903 0.513423 -1
-0.980798 0.625589 -1
-0.820004 0.060833 1
-0.099308 0.712196 -1
-0.307623 0.751650 1
-0.707965 0.875477 1
-0.631835 0.872405 -1
-0.845042 0.238160 -1
-0.013681 0.289619 1
-0.438228 0.483583 1
-0.430271 0.856637 -1
-0.992684 0.304713 1
-0.096508 0.650887 1
-0.699194 0.827330 1
-0.290384 0.923103 1
-0.739872 0.981972 1
-0.030368 0.272046 -1
-0.690845 0.258907 1
-0.462135 0.162964 1
-0.446978 0.722407 1
-0.850297 0.387702 -1
-0.882653 0.015003 1
-0.739578 0.945425 1
-0.399781 0.389970 -1
-0.638718 0.642171 1
-0.374063 0.849602 1
-0.560792 0.570153 -1
-0.860912 0.748173 1
-0.890728 0.057433 1
-0.756558 0.453440 -1
-0.543426 0.152446 1
-0.685985 0.327152 1
0.788703 -0.853364 -1
0.142284 -0.884845 -1
0.709617 -0.965927 -1
0.483075 -0.670806 1
0.151352 -0.003234 -1
0.218092 -0.117963 -1
0.872914 -0.227731 -1
0.735802 -0.022936 -1
0.683643 -0.756529 1
0.082031 -0.205430 1
0.511225 -0.748741 -1
0.029967 -0.321292 -1
0.052914 -0.665953 -1
0.897200 -0.265305 1
0.469459 -0.804702 1
0.548643 -0.609618 -1
0.084175 -0.076199 1
0.534133 -0.736884 -1
0.895941 -0.593137 1
0.118447 -0.505046 -1
0.599962 -0.063661 -1
0.471057 -0.729350 1
0.099372 -0.346664 1
0.292028 -0.470691 1
0.185164 -0.073346 -1
0.604226 -0.105117 1
0.512111 -0.929634 1
0.408846 -0.112462 1
0.536079 -0.932037 -1
0.614206 -0.686232 1
0.941812 -0.905166 1
0.760780 -0.097757 1
0.959048 -0.344080 -1
0.108049 -0.176653 -1
0.121525 -0.682202 1
0.572871 -0.081905 1
0.536091 -0.525558 -1
0.453356 -0.843149 1
0.843690 -0.995699 1
0.550511 -0.509354 1
0.861792 -0.462080 1
0.760715 -0.665540 1
0.208486 -0.471521 1
0.010495 -0.275139 1
0.538933 -0.110795 1
0.631721 -0.689879 -1
0.301231 -0.673870 -1
0.469664 -0.566253 -1
0.270123 -0.324327 -1
0.961632 -0.915303 1
0.689424 -0.951565 1
0.186071 -0.558439 1
0.386368 -0.164721 1
0.732820 -0.968245 1
0.814149 -0.463800 1
0.333036 -0.030110 1
0.968249 -0.495830 -1
0.947586 -0.346417 -1
0.223485 -0.982873 1
0.001630 -0.819645 1
0.735400 -0.327850 1
0.887377 -0.344744 1
0.234746 -0.551921 -1
0.033483 -0.063009 1
0.781170 -0.885522 -1
0.516552 -0.085107 1
0.993201 -0.744864 -1
0.857186 -0.328827 1
0.406792 -0.166809 1
0.578359 -0.075664 -1
0.597587 -0.484307 1
0.406015 -0.612587 1
0.653664 -0.044529 1
0.522055 -0.611056 1
0.151701 -0.870841 -1
0.353156 -0.273057 -1
0.269277 -0.409909 1
0.761036 -0.433948 1
0.151184 -0.312795 1
0.026099 -0.570273 1
0.947271 -0.817151 1
0.639077 -0.643888 -1
0.534458 -0.285340 1
0.575743 -0.340976 1
0.030367 -0.821323 -1
0.324602 -0.467789 1
0.520430 -0.460700 -1
0.922011 -0.337632 1
0.906598 -0.560002 1
0.209916 -0.788416 -1
0.328098 -0.343197 1
0.034765 -0.215107 1
0.889228 -0.984037 1
0.699172 -0.018460 1
0.460124 -0.135707 1
0.579781 -0.913638 -1
0.543404 -0.459038 1
0.793542 -0.858861 -1
0.823846 -0.763235 1
0.121891 -0.209212 -1
0.930127 -0.271749 1
0.973241 -0.506597 1
0.561079 -0.498029 1
0.024433 -0.291568 -1
0.346226 -0.815897 1
0.126856 -0.256567 1
0.575504 -0.836151 1
0.078306 -0.728558 1
0.875426 -0.164993 1
0.972355 -0.528605 1
0.121969 -0.603715 1
0.801634 -0.763400 1
0.949470 -0.921118 1
0.460031 -0.286188 1
0.792333 -0.958218 1
0.152368 -0.274395 1
0.107447 -0.462436 1
0.656906 -0.111790 1
0.794025 -0.745631 -1
0.041189 -0.906355 -1
0.117260 -0.204180 1
0.613741 -0.196427 -1
0.930434 -0.316907 1
0.197982 -0.888238 -1
0.806527 -0.703250 1
0.446120 -0.399419 -1
0.798544 -0.745487 -1
0.338895 -0.029491 -1
0.818989 -0.215051 1
0.933245 -0.481234 1
0.769905 -0.140525 -1
0.021862 -0.865770 -1
0.775977 -0.953427 -1
0.145590 -0.638852 1
0.072010 -0.281783 1
0.895066 -0.253011 1
0.755588 -0.558053 -1
0.702477 -0.323199 1
0.188093 -0.310213 1
0.607353 -0.643245 1
0.691078 -0.264307 -1
0.302272 -0.755429 -1
0.173127 -0.478535 -1
0.081613 -0.432642 -1
0.733387 -0.732415 1
0.983617 -0.725336 1
0.870438 -0.569515 1
0.011251 -0.223432 -1
0.155327 -0.666491 -1
0.386625 -0.811563 1
0.119569 -0.949471 1
0.598302 -0.887610 -1
0.618150 -0.815944 1
0.509284 -0.141893 1
0.464553 -0.032916 1
0.614786 -0.265910 1
0.917845 -0.355191 1
0.258588 -0.140472 1
0.815379 -0.853129 1
0.321294 -0.599322 1
0.723324 -0.212066 1
0.901402 -0.573357 1
0.314076 -0.609206 -1
0.185298 -0.194806 1
0.242162 -0.332284 -1
0.833737 -0.270180 1
0.185686 -0.028484 -1
0.038649 -0.980588 -1
0.985935 -0.111442 -1
0.371119 -0.898791 1
0.030614 -0.915227 -1
0.257952 -0.518556 1
0.827904 -0.858283 -1
0.492632 -0.923682 -1
0.440989 -0.354268 1
0.011477 -0.992455 -1
0.985508 -0.196421 1
0.926209 -0.657272 -1
0.300179 -0.708350 -1
0.220799 -0.959415 1
0.616305 -0.173710 1
0.439678 -0.017670 -1
0.617309 -0.128693 -1
0.657057 -0.382648 -1
0.160297 -0.449736 1
0.204451 -0.367485 1
0.849797 -0.664660 1
0.963893 -0.478611 -1
0.963837 -0.169430 -1
0.382036 -0.936335 1
0.415109 -0.356775 -1
0.648066 -0.896794 1
0.878591 -0.242799 1
0.228377 -0.305913 -1
0.128789 -0.864434 1
0.333212 -0.647599 1
0.031258 -0.387813 -1
0.001446 -0.364869 -1
0.130831 -0.272705 -1
0.800628 -0.392197 1
0.159977 -0.459828 -1
0.173171 -0.943775 -1
0.616045 -0.797209 -1
0.119927 -0.649796 1
0.337195 -0.821621 -1
0.829665 -0.580120 1
0.325133 -0.674511 1
0.550731 -0.778189 1
0.530066 -0.405779 -1
0.073685 -0.359601 1
0.441850 -0.675492 1
0.395726 -0.397965 1
0.718509 -0.653757 1
0.856636 -0.024942 -1
0.120079 -0.929923 -1
0.160763 -0.650725 1
0.022263 -0.771192 -1
0.399952 -0.577798 1
0.339083 -0.555709 1
0.153738 -0.202333 1
0.479902 -0.512300 1
0.345846 -0.966518 1
0.099813 -0.406943 -1
0.860190 -0.554846 1
0.429182 -0.717307 1
0.562406 -0.448893 -1
0.710121 -0.254946 -1
0.733427 -0.927273 1
0.528245 -0.477139 1
0.640828 -0.747317 -1
0.913451 -0.048386 1
0.591966 -0.150693 -1
0.965850 -0.971445 -1
0.370668 -0.426067 -1
0.200243 -0.650492 1
0.542582 -0.250484 1
0.868346 -0.368465 -1
0.869676 -0.360311 -1
0.193727 -0.105739 -1
0.421433 -0.669125 1
0.989645 -0.492703 1
0.386521 -0.654642 -1
0.444846 -0.074666 1
0.390385 -0.834660 1
0.345857 -0.129013 1
0.910356 -0.041406 -1
0.258061 -0.354684 1
0.674972 -0.444865 1
0.763254 -0.182726 -1
0.887845 -0.635337 1
-0.714003 -0.709609 -1
-0.669809 -0.619749 1
-0.348352 -0.489480 -1
-0.547298 -0.527016 -1
-0.196392 -0.529525 -1
-0.424260 -0.135462 -1
-0.780359 -0.166815 -1
-0.270209 -0.544974 1
-0.888931 -0.505200 -1
-0.608770 -0.385208 1
-0.897787 -0.855523 -1
-0.787594 -0.801329 1
-0.832635 -0.694189 -1
-0.141860 -0.014679 1
-0.583754 -0.479083 1
-0.803944 -0.134064 -1
-0.801243 -0.003478 -1
-0.851655 -0.662478 -1
-0.196460 -0.075268 -1
-0.087544 -0.344619 -1
-0.668409 -0.826707 1
-0.862772 -0.696489 -1
-0.497079 -0.527539 1
-0.203284 -0.742938 -1
-0.748167 -0.678823 -1
-0.035589 -0.225693 -1
-0.469011 -0.427871 -1
-0.139365 -0.956016 -1
-0.192878 -0.453045 -1
-0.902266 -0.438331 1
-0.603698 -0.554110 -1
-0.338115 -0.982846 -1
-0.547090 -0.386642 1
-0.475538 -0.321462 -1
-0.936394 -0.141389 -1
-0.702396 -0.258932 -1
-0.731639 -0.007388 -1
-0.886589 -0.401687 -1
-0.485288 -0.826320 1
-0.176140 -0.028042 1
-0.721320 -0.733148 1
-0.709326 -0.984540 -1
-0.699902 -0.048629 -1
-0.629075 -0.642835 1
-0.835796 -0.835321 1
-0.900332 -0.956057 1
-0.399491 -0.201667 -1
-0.633691 -0.006774 1
-0.882685 -0.495865 -1
-0.725686 -0.495691 -1
-0.021724 -0.026193 -1
-0.002432 -0.232224 1
-0.863060 -0.713385 1
-0.298636 -0.179950 -1
-0.737185 -0.014805 -1
-0.276183 -0.064441 -1
-0.583257 -0.773527 -1
-0.546259 -0.336101 -1
-0.527068 -0.251364 1
-0.253705 -0.980835 -1
-0.541368 -0.055249 -1
-0.927636 -0.668719 -1
-0.933313 -0.698531 1
-0.569675 -0.174278 -1
-0.105869 -0.120786 1
-0.739565 -0.888894 -1
-0.720375 -0.662401 -1
-0.862371 -0.310950 1
-0.456740 -0.335962 -1
-0.586682 -0.433359 1
-0.277074 -0.095515 1
-0.906565 -0.027052 1
-0.733667 -0.983559 1
-0.579280 -0.307711 -1
-0.879961 -0.750875 -1
-0.061207 -0.736343 -1
-0.876141 -0.715036 -1
-0.735445 -0.525242 -1
-0.817200 -0.907111 1
-0.734619 -0.709121 1
-0.389933 -0.612033 1
-0.406658 -0.612674 1
-0.266735 -0.965293 1
-0.298327 -0.288548 -1
-0.491429 -0.640186 -1
-0.244875 -0.555617 -1
-0.925943 -0.806492 -1
-0.279990 -0.114765 1
-0.801840 -0.873688 1
-0.910197 -0.128500 1
-0.260200 -0.832237 1
-0.808352 -0.713384 -1
-0.084075 -0.011613 -1
-0.635494 -0.167711 1
-0.575522 -0.681100 -1
-0.209931 -0.205405 1
-0.808916 -0.250442 -1
-0.243119 -0.695669 1
-0.493893 -0.651307 1
-0.209210 -0.460175 1
-0.862436 -0.550996 -1
-0.126564 -0.385104 -1
-0.008886 -0.584494 1
-0.844732 -0.156939 -1
-0.168317 -0.122551 1
-0.716628 -0.420452 1
-0.597256 -0.135420 -1
-0.042149 -0.335246 -1
-0.186654 -0.889822 1
-0.581166 -0.410792 -1
-0.235497 -0.622693 1
-0.070991 -0.103353 -1
-0.603305 -0.275942 1
-0.557167 -0.154605 -1
-0.082186 -0.749429 -1
-0.001511 -0.769440 -1
-0.886918 -0.459461 1
-0.049681 -0.801507 1
-0.773682 -0.383241 1
-0.608525 -0.430910 1
-0.026427 -0.781326 1
-0.415676 -0.226476 -1
-0.747187 -0.361572 -1
-0.202375 -0.925937 -1
-0.398910 -0.186647 -1
-0.991706 -0.319679 -1
-0.817897 -0.805777 -1
-0.940530 -0.462748 -1
-0.441097 -0.274935 -1
-0.581278 -0.899304 -1
-0.515351 -0.714340 1
-0.669270 -0.646921 1
-0.475171 -0.640044 -1
-0.136622 -0.842357 1
-0.961779 -0.693484 -1
-0.135054 -0.757655 -1
-0.342937 -0.528103 1
-0.987431 -0.318880 -1
-0.935382 -0.207100 1
-0.733175 -0.066000 -1
-0.610418 -0.693576 -1
-0.190157 -0.074703 1
-0.311401 -0.251277 -1
-0.675221 -0.295389 -1
-0.964937 -0.292209 1
-0.115333 -0.553108 1
-0.542217 -0.171208 1
-0.547774 -0.589176 -1
-0.874785 -0.168056 1
-0.966325 -0.621932 1
-0.482514 -0.831807 -1
-0.389256 -0.239494 1
-0.421295 -0.607560 -1
-0.184121 -0.437691 1
-0.259136 -0.125248 -1
-0.637710 -0.328472 -1
-0.806239 -0.151984 1
-0.171349 -0.493333 -1
-0.705804 -0.450805 -1
-0.383739 -0.863160 -1
-0.108322 -0.278977 1
-0.986315 -0.209726 -1
-0.461505 -0.036828 -1
-0.424322 -0.861196 -1
-0.179371 -0.355227 -1
-0.354573 -0.486328 -1
-0.702294 -0.321780 1
-0.741981 -0.039547 -1
-0.361708 -0.291050 1
-0.638968 -0.770603 -1
-0.218612 -0.638305 1
-0.393932 -0.631781 1
-0.150644 -0.534397 -1
-0.571684 -0.648701 1
-0.999396 -0.861375 -1
-0.226921 -0.716077 1
-0.726148 -0.614139 -1
-0.331303 -0.763829 1
-0.110946 -0.595767 1
-0.289256 -0.475116 -1
-0.877157 -0.735528 -1
-0.629889 -0.803337 -1
-0.790347 -0.328069 -1
-0.103388 -0.810477 1
-0.256899 -0.496785 -1
-0.385210 -0.393420 1
-0.812153 -0.625146 -1
-0.965286 -0.913049 -1
-0.594067 -0.888152 -1
-0.193862 -0.079864 1
-0.524487 -0.988534 -1
-0.949406 -0.061700 -1
-0.199556 -0.891448 1
-0.331062 -0.557855 1
-0.619307 -0.641310 1
-0.202212 -0.804850 1
-0.623881 -0.176448 1
-0.468881 -0.705260 1
-0.325332 -0.903815 1
-0.882802 -0.226730 -1
-0.206033 -0.326595 1
-0.201509 -0.666170 -1
-0.028947 -0.227196 -1
-0.445127 -0.102859 1
-0.120461 -0.918541 -1
-0.981613 -0.070119 1
-0.939667 -0.057148 -1
-0.330564 -0.942513 1
-0.263451 -0.334631 -1
-0.126616 -0.262808 1
-0.420507 -0.549081 -1
-0.885239 -0.019062 -1
-0.151511 -0.578343 -1
-0.887925 -0.604165 -1
-0.577181 -0.467341 -1
-0.856461 -0.948974 -1
-0.826851 -0.840047 1
-0.255534 -0.341165 -1
-0.821700 -0.599509 -1
-0.058627 -0.757034 -1
-0.293873 -0.207605 -1
-0.616091 -0.561651 1
-0.034630 -0.597455 1
-0.450915 -0.417724 1
-0.031173 -0.345475 1
-0.501804 -0.632864 -1
-0.460614 -0.954573 1
-0.633979 -0.112696 1
-0.460901 -0.596429 1
-0.885550 -0.443297 1
-0.855885 -0.745701 1
-0.523725 -0.647729 -1
-0.903098 -0.152474 1
-0.563501 -0.226955 -1
-0.278943 -0.252202 1
-0.324303 -0.712621 -1
-0.881743 -0.412201 -1
-0.718774 -0.851444 1
-0.828389 -0.557771 1
-0.696529 -0.127152 -1
-0.612286 -0.253488 1
-0.767466 -0.915961 1
-0.667530 -0.438621 1
-0.724430 -0.063763 1
-0.568143 -0.189233 1
-0.728061 -0.316565 -1
-0.915684 -0.999244 -1
-0.140763 -0.302963 -1
-0.586671 -0.331506 1
-0.046616 -0.442748 -1
0.462069 0.837725 -1
0.245870 0.289504 -1
0.496472 0.438467 -1
0.112601 0.489820 -1
0.769023 0.454005 -1
0.286509 0.255428 1
0.835071 0.198916 -1
0.514680 0.386656 -1
0.678194 0.144605 -1
0.960226 0.340400 -1
0.675757 0.566849 -1
0.909911 0.510912 -1
0.378383 0.588220 -1
0.869578 0.817055 -1
0.943697 0.782306 1
0.478254 0.269496 1
0.165695 0.257314 1
0.638271 0.854052 -1
0.857218 0.130011 -1
0.528346 0.114207 1
0.951183 0.171652 1
0.057522 0.699167 -1
0.614022 0.527547 -1
0.190679 0.809805 -1
0.822266 0.191094 -1
0.215829 0.888981 -1
0.974976 0.399994 1
0.840262 0.879683 -1
0.610708 0.358740 -1
0.398605 0.301759 -1
0.707362 0.450611 1
0.908088 0.112800 -1
0.569658 0.584237 -1
0.656821 0.223001 1
0.054470 0.931972 -1
0.904692 0.069019 1
0.641001 0.864110 1
0.117716 0.347353 -1
0.907064 0.997966 -1
0.505720 0.885712 -1
0.915124 0.841011 -1
0.735548 0.897278 1
0.956792 0.394569 -1
0.767462 0.413933 1
0.536378 0.410459 -1
0.353006 0.640615 1
0.174392 0.511152 1
0.074901 0.082419 -1
0.664600 0.736173 1
0.206701 0.311991 1
0.243078 0.000302 -1
0.493613 0.059782 -1
0.165342 0.911010 1
0.240878 0.256240 1
0.056250 0.209853 1
0.195717 0.969625 1
0.557335 0.694046 -1
0.635289 0.585002 1
0.328854 0.917976 -1
0.356755 0.418301 1
0.283922 0.449547 -1
0.830911 0.421055 -1
0.690243 0.362361 1
0.988131 0.506015 -1
0.268097 0.648512 -1
0.252560 0.993702 -1
0.855928 0.606142 -1
0.912505 0.875705 1
0.136507 0.321014 -1
0.473632 0.141446 -1
0.608462 0.293662 -1
0.372904 0.065400 1
0.922720 0.016834 -1
0.849954 0.446487 -1
0.365552 0.178160 -1
0.836687 0.040474 -1
0.720751 0.136402 1
0.376785 0.112041 -1
0.173898 0.180526 -1
0.457408 0.241548 -1
0.058775 0.358807 1
0.939786 0.514411 -1
0.016929 0.671047 1
0.049324 0.891797 -1
0.641740 0.626182 -1
0.156818 0.982976 1
0.252744 0.244783 -1
0.786938 0.246245 -1
0.829559 0.070797 -1
0.147642 0.270390 1
0.419011 0.930336 1
0.970057 0.026446 -1
0.311944 0.258112 1
0.828046 0.511674 1
0.335568 0.024930 -1
0.943099 0.315980 -1
0.881539 0.173346 -1
0.217400 0.756953 1
0.796473 0.143000 1
0.331087 0.391966 1
0.056632 0.790972 -1
0.707238 0.961367 -1
0.670194 0.900504 1
0.302403 0.953744 -1
0.582111 0.798806 1
0.292607 0.016033 -1
0.083725 0.776345 1
0.166340 0.256858 1
0.696288 0.464441 -1
0.900205 0.067084 1
0.727999 0.160916 1
0.951741 0.917698 1
0.492461 0.229031 -1
0.904941 0.647745 -1
0.401633 0.202828 -1
0.295686 0.911407 1
0.245548 0.604925 -1
0.037658 0.846934 -1
0.502280 0.090365 1
0.823172 0.670305 1
0.367894 0.011938 -1
0.506944 0.905986 1
0.862411 0.712552 -1
0.431966 0.331301 -1
0.359499 0.902375 -1
0.091384 0.082794 1
0.740473 0.680184 -1
0.892945 0.162620 -1
0.025167 0.426150 -1
0.554002 0.287055 1
0.446109 0.441884 -1
0.161792 0.669559 -1
0.652502 0.344838 -1
0.982219 0.286282 -1
0.467476 0.571754 1
0.414282 0.054589 1
0.557885 0.962191 -1
0.096772 0.047438 -1
0.760296 0.025898 -1
0.605394 0.199564 1
0.038686 0.929702 1
0.263241 0.619461 -1
0.361148 0.423560 1
0.879938 0.505847 1
0.311735 0.390311 -1
0.641425 0.834414 -1
0.664027 0.538490 1
0.643723 0.680436 1
0.264216 0.905136 1
0.770008 0.054980 -1
0.870219 0.149681 -1
0.331917 0.504634 -1
0.175010 0.168864 -1
0.413582 0.502022 -1
0.682202 0.843354 -1
0.405306 0.692221 1
0.355647 0.695954 1
0.522930 0.909555 -1
0.176861 0.822438 -1
0.899248 0.985732 -1
0.671727 0.960212 1
0.485437 0.666445 1
0.193328 0.515162 -1
0.243016 0.877163 1
0.808005 0.559907 1
0.764514 0.497339 -1
0.859089 0.827601 1
0.014988 0.364746 -1
0.008567 0.319213 -1
0.340819 0.302014 -1
0.267520 0.942761 -1
0.288373 0.761434 1
0.820792 0.550321 -1
0.553491 0.746637 1
0.148352 0.895933 -1
0.695786 0.261589 -1
0.860755 0.086230 1
0.504165 0.489297 -1
0.405944 0.069334 1
0.100970 0.773958 1
0.045429 0.479179 -1
0.266756 0.939474 1
0.967799 0.979656 -1
0.241972 0.575414 -1
0.296730 0.766672 -1
0.897145 0.485114 -1
0.065337 0.082393 1
0.382295 0.161321 1
0.277839 0.113786 -1
0.831219 0.333373 -1
0.715996 0.069087 -1
0.122543 0.105027 -1
0.302927 0.216694 1
0.310635 0.340015 1
0.237405 0.261503 -1
0.943103 0.401640 -1
0.572185 0.209401 -1
0.335166 0.279190 1
0.465952 0.005042 1
0.426052 0.676929 1
0.021910 0.398561 -1
0.618381 0.560985 -1
0.571895 0.721243 -1
0.230172 0.709117 -1
0.765358 0.686369 1
0.406607 0.484387 -1
0.188573 0.808658 1
0.348682 0.238542 -1
0.567771 0.517045 -1
0.931635 0.908885 1
0.477682 0.947314 1
0.569828 0.094886 1
0.791493 0.788561 -1
0.898461 0.867185 -1
0.265047 0.811975 -1
0.886743 0.560379 -1
0.697410 0.074406 -1
0.120678 0.164966 1
0.940556 0.784321 -1
0.679431 0.530956 -1
0.292707 0.264503 1
0.106062 0.286234 1
0.416442 0.946746 1
0.217329 0.133318 1
0.843527 0.159821 -1
0.570405 0.269173 1
0.002137 0.742123 1
0.305663 0.008763 1
0.557994 0.890555 -1
0.397852 0.046378 1
0.681177 0.324161 1
0.887969 0.943849 1
0.849326 0.858940 1
0.216486 0.825411 -1
0.529650 0.944162 -1
0.972201 0.173616 1
0.138799 0.472247 -1
0.345718 0.795264 -1
0.502546 0.603515 1
0.247164 0.452639 -1
0.942286 0.253935 1
0.970517 0.765677 -1
0.534635 0.160555 1
0.579114 0.112513 -1
0.425054 0.068112 1
0.354788 0.000529 -1
0.714019 0.304857 -1
0.712089 0.666166 1
0.046826 0.631234 -1
0.507235 0.606908 1
