-0.375705 0.363367 1
-0.124266 0.153091 1
-0.099722 0.854790 1
-0.652720 0.008080 1
-0.790340 0.972757 -1
-0.898042 0.215022 1
-0.973723 0.505537 1
-0.140216 0.895200 1
-0.065050 0.576232 -1
-0.019738 0.167343 1
-0.225016 0.056221 -1
-0.969764 0.100964 1
-0.876175 0.131568 1
-0.032455 0.936323 1
-0.793874 0.288618 1
-0.356690 0.153238 1
-0.437181 0.320808 1
-0.487253 0.055980 1
-0.670388 0.850463 1
-0.833379 0.064890 1
-0.717957 0.292229 1
-0.709464 0.295502 1
-0.194154 0.330424 -1
-0.438691 0.998585 1
-0.438139 0.119584 1
0.386910 -0.023665 1
0.522087 -0.050371 1
0.278399 -0.602189 1
0.360081 -0.612390 1
0.707391 -0.114073 1
0.425834 -0.694045 1
0.268031 -0.532835 1
0.917244 -0.959221 1
0.524360 -0.029602 1
0.919179 -0.683502 1
0.098211 -0.317514 1
0.375806 -0.501822 -1
0.787695 -0.769425 1
0.126518 -0.540583 1
0.401815 -0.724467 1
0.307089 -0.860880 1
0.137748 -0.387798 1
0.178319 -0.545220 1
0.353050 -0.799200 1
0.366670 -0.348375 -1
0.549791 -0.810421 1
0.545079 -0.044408 1
0.301877 -0.465250 1
0.912470 -0.066783 1
0.011905 -0.123830 1
-0.496635 -0.021961 -1
-0.850802 -0.594113 -1
-0.719421 -0.196161 -1
-0.066030 -0.719426 1
-0.586173 -0.469689 -1
-0.499490 -0.390838 -1
-0.835828 -0.830825 -1
-0.087006 -0.682429 -1
-0.534653 -0.416803 1
-0.952444 -0.138594 -1
-0.545017 -0.952176 -1
-0.551437 -0.737946 -1
-0.932649 -0.037982 -1
-0.395231 -0.072578 1
-0.668602 -0.836566 -1
-0.336770 -0.919570 -1
-0.185084 -0.100673 1
-0.936033 -0.960831 -1
-0.400201 -0.754835 1
-0.736216 -0.021142 -1
-0.485129 -0.279575 -1
-0.959469 -0.245801 -1
-0.512202 -0.301506 -1
-0.573516 -0.181338 -1
-0.371374 -0.963740 1
0.987548 0.138583 1
0.301438 0.251948 1
0.348741 0.783769 -1
0.427253 0.585256 -1
0.135096 0.354126 -1
0.974504 0.099281 1
0.271323 0.770063 -1
0.197762 0.961532 -1
0.403963 0.428317 -1
0.922340 0.090906 -1
0.191542 0.046993 -1
0.219620 0.212654 1
0.324908 0.251291 -1
0.199664 0.783751 -1
0.354374 0.346484 -1
0.335807 0.492910 1
0.313817 0.748988 -1
0.597511 0.061087 -1
0.558014 0.654916 1
0.810992 0.068854 -1
0.673981 0.959660 -1
0.346830 0.678946 1
0.651295 0.863397 1
0.876700 0.463131 -1
0.037047 0.549223 -1
