-0.314089 0.284675 1
-0.187455 0.428954 1
-0.886049 0.914243 1
-0.329123 0.896524 1
-0.770186 0.419865 1
-0.998709 0.880626 1
-0.490950 0.398748 1
-0.919913 0.581341 1
-0.013470 0.848787 1
-0.852309 0.965617 1
-0.709624 0.073751 1
-0.628573 0.545802 1
-0.477827 0.569815 1
-0.585240 0.239120 1
-0.549814 0.737974 1
-0.502104 0.279520 1
-0.569639 0.737925 1
-0.869342 0.831775 1
-0.436029 0.562157 1
-0.874800 0.592231 1
-0.990107 0.188042 1
-0.080245 0.408994 1
-0.191809 0.936474 1
-0.638415 0.222771 1
-0.001082 0.020673 1
0.421735 -0.154717 1
0.504437 -0.353909 1
0.216121 -0.359765 1
0.352063 -0.489035 1
0.581427 -0.283786 1
0.301499 -0.886451 1
0.960400 -0.110339 1
0.880075 -0.455303 1
0.839562 -0.060368 1
0.784489 -0.847142 1
0.953478 -0.821255 1
0.474084 -0.796597 1
0.259435 -0.166326 1
0.309684 -0.796128 1
0.959428 -0.912150 1
0.302365 -0.763706 1
0.617499 -0.272435 1
0.176034 -0.192251 1
0.475746 -0.110875 1
0.970169 -0.187385 1
0.976151 -0.246022 1
0.758348 -0.520463 1
0.880893 -0.970757 1
0.910761 -0.839719 1
0.766099 -0.634953 1
-0.754764 -0.571254 -1
-0.649248 -0.828721 -1
-0.261512 -0.467372 -1
-0.332063 -0.864374 -1
-0.062386 -0.646038 -1
-0.182242 -0.876191 -1
-0.830701 -0.891577 -1
-0.405095 -0.581381 -1
-0.611807 -0.587338 -1
-0.992444 -0.265846 -1
-0.867347 -0.419911 -1
-0.712482 -0.099885 -1
-0.559008 -0.045355 -1
-0.960674 -0.056658 -1
-0.223285 -0.238595 -1
-0.716791 -0.380669 -1
-0.671377 -0.362850 -1
-0.854591 -0.825303 -1
-0.811163 -0.407992 -1
-0.995078 -0.008502 -1
-0.144565 -0.778630 -1
-0.724718 -0.540971 -1
-0.738235 -0.998840 -1
-0.977441 -0.088013 -1
-0.393550 -0.182851 -1
0.829655 0.144553 -1
0.812378 0.216131 -1
0.628413 0.692718 -1
0.806573 0.024903 -1
0.982255 0.020955 -1
0.152921 0.919582 -1
0.208084 0.937084 -1
0.551411 0.337793 -1
0.424519 0.107451 -1
0.136326 0.351693 -1
0.300399 0.560810 -1
0.488656 0.898040 -1
0.378887 0.124273 -1
0.997648 0.941577 -1
0.415971 0.838284 -1
0.486371 0.474019 -1
0.620920 0.459986 -1
0.119513 0.908319 -1
0.249725 0.311637 -1
0.602452 0.446423 -1
0.920472 0.197712 -1
0.456899 0.854425 -1
0.153911 0.912304 -1
0.272686 0.231663 -1
0.586259 0.366854 -1
