-0.272547 0.055852 1
-0.108760 0.390453 -1
-0.006992 0.983138 1
-0.518336 0.318672 1
-0.221323 0.516842 1
-0.463613 0.064883 1
-0.896872 0.870973 1
-0.181951 0.230377 -1
-0.912557 0.669954 1
-0.161246 0.665152 1
-0.571778 0.493563 1
-0.173681 0.851694 1
-0.766565 0.034325 1
-0.639950 0.361305 1
-0.859156 0.924853 1
-0.904707 0.495060 1
-0.325810 0.206786 1
-0.909618 0.939855 1
-0.682634 0.444533 1
-0.719600 0.524135 1
-0.203636 0.998751 1
-0.591013 0.813556 1
-0.660838 0.647766 1
-0.848650 0.577429 1
-0.060839 0.987744 1
-0.583244 0.329521 -1
-0.181163 0.546687 1
-0.352523 0.091905 1
-0.503870 0.479556 1
-0.200142 0.631062 1
-0.807134 0.249913 1
-0.938443 0.648983 1
-0.320204 0.211905 1
-0.759669 0.850032 1
-0.182852 0.452802 1
-0.573535 0.864693 1
-0.950506 0.786711 1
-0.878786 0.229523 1
-0.649817 0.462424 1
-0.074551 0.222837 1
-0.785699 0.309753 1
-0.909342 0.504271 1
-0.132773 0.376921 1
-0.767917 0.850426 1
-0.912879 0.874731 1
-0.516689 0.739344 1
-0.087929 0.829225 1
-0.850669 0.729757 1
-0.187433 0.076486 1
-0.866178 0.946542 1
-0.585173 0.079636 1
-0.779458 0.192574 1
-0.100097 0.609424 1
-0.833207 0.766736 1
-0.584476 0.945598 1
-0.071089 0.349716 1
-0.585142 0.847626 1
-0.753671 0.981626 1
-0.610262 0.469332 1
-0.950739 0.501821 1
-0.227850 0.215477 1
-0.533308 0.519373 1
-0.403477 0.411642 1
-0.723733 0.599174 1
-0.447886 0.718643 1
-0.664694 0.577540 1
-0.109905 0.858846 1
-0.866036 0.159682 1
-0.273478 0.564558 1
-0.089292 0.585381 1
-0.944590 0.846081 1
-0.663985 0.620256 1
-0.459377 0.180745 1
-0.931433 0.920989 -1
-0.197048 0.009352 1
-0.985252 0.490557 1
-0.119948 0.195153 1
-0.776543 0.148370 1
-0.849698 0.253135 1
-0.194940 0.125018 1
-0.629548 0.385250 1
-0.390670 0.772291 1
-0.774724 0.114479 1
-0.281189 0.463063 1
-0.762018 0.161779 -1
-0.702229 0.940631 1
-0.612189 0.315299 1
-0.096285 0.489151 1
-0.927887 0.592731 1
-0.561264 0.287076 1
-0.153843 0.580073 1
-0.421281 0.823113 1
-0.939365 0.434133 1
-0.614707 0.803010 -1
-0.460176 0.314647 1
-0.383831 0.753521 1
-0.831480 0.446973 -1
-0.354210 0.922228 1
-0.645189 0.070233 1
-0.163106 0.961662 -1
-0.895144 0.501054 1
-0.452403 0.062643 -1
-0.901758 0.932630 1
-0.470479 0.264160 1
-0.915237 0.800966 1
-0.511794 0.026820 1
-0.881843 0.643914 1
-0.039533 0.936973 1
-0.851130 0.941087 1
-0.359926 0.860952 1
-0.051261 0.412088 1
-0.310136 0.523972 1
-0.178773 0.177012 1
-0.229214 0.443728 1
-0.291052 0.806771 -1
-0.981501 0.599496 1
-0.690416 0.707367 1
-0.822199 0.014669 1
-0.858195 0.011098 1
-0.707825 0.780804 1
-0.888494 0.875859 1
-0.195081 0.789278 1
-0.920449 0.854146 1
-0.789368 0.645136 1
-0.977394 0.306959 1
-0.027287 0.989458 1
-0.360029 0.692531 1
-0.883960 0.630013 -1
-0.034215 0.861948 -1
-0.517229 0.821036 1
-0.447083 0.983664 1
-0.432357 0.448749 1
-0.622437 0.204449 1
-0.111170 0.943723 1
-0.712345 0.268592 1
-0.305006 0.377087 1
-0.456621 0.709998 1
-0.716913 0.300971 1
-0.615881 0.843842 1
-0.649600 0.843401 1
-0.029299 0.592380 1
-0.988906 0.450102 1
-0.588583 0.937258 1
-0.979359 0.600331 1
-0.482263 0.565929 1
-0.205209 0.005882 1
-0.234670 0.481642 1
-0.198467 0.327823 1
-0.944095 0.482779 1
-0.811634 0.835963 -1
-0.056328 0.607249 1
-0.333614 0.882673 1
-0.266045 0.834392 1
-0.215920 0.826979 1
-0.399834 0.067437 1
-0.708010 0.142367 1
-0.092749 0.680907 1
-0.781795 0.841012 1
-0.569166 0.148346 1
-0.198239 0.363799 1
-0.253576 0.174291 1
-0.451467 0.915956 1
-0.073287 0.644871 1
-0.316533 0.059470 1
-0.112706 0.634142 1
-0.961323 0.286425 1
-0.063637 0.432634 1
-0.301485 0.175158 1
-0.001190 0.479748 1
-0.789386 0.490584 -1
-0.325028 0.870607 -1
-0.262803 0.598758 1
-0.779519 0.226250 -1
-0.825601 0.442141 1
-0.864065 0.336487 1
-0.361333 0.208415 1
-0.968700 0.403993 1
-0.150264 0.459125 1
-0.055666 0.194663 1
-0.704517 0.444589 1
-0.502176 0.984353 1
-0.972784 0.368760 1
-0.576895 0.281934 1
-0.106140 0.176377 1
-0.059499 0.869833 1
-0.151972 0.019637 -1
-0.790832 0.447121 1
-0.220700 0.442210 1
-0.364207 0.336497 1
-0.560401 0.432271 1
-0.113193 0.108314 1
-0.995533 0.452928 1
-0.807507 0.898470 1
-0.838837 0.207163 1
-0.113627 0.322705 1
-0.779113 0.334906 1
-0.102649 0.788949 1
-0.873438 0.515520 1
-0.297062 0.364604 1
-0.157298 0.462596 1
-0.861953 0.059386 1
-0.453794 0.644203 -1
-0.774998 0.001582 1
-0.781448 0.438140 1
-0.468640 0.595176 1
-0.048513 0.380268 -1
-0.297004 0.032897 1
-0.712748 0.227597 1
-0.580415 0.207104 1
-0.548984 0.719275 1
-0.526626 0.619172 1
-0.662843 0.854773 1
-0.294679 0.225931 1
-0.726547 0.033755 1
-0.177479 0.699143 1
-0.800221 0.482407 1
-0.977363 0.793562 1
-0.072269 0.220704 1
-0.457669 0.801275 1
-0.406684 0.789409 1
-0.374972 0.783628 1
-0.873134 0.017623 1
-0.656298 0.774672 1
-0.659535 0.542340 -1
-0.968659 0.140506 -1
-0.634553 0.304325 1
-0.706616 0.930144 1
-0.736439 0.268621 -1
-0.340879 0.987821 1
-0.407381 0.524261 1
-0.554721 0.801243 1
-0.541987 0.894409 1
-0.606711 0.408866 1
-0.588885 0.906681 1
-0.668866 0.401320 1
-0.182500 0.824597 1
-0.401349 0.258689 1
-0.392685 0.202468 1
-0.898792 0.494089 1
-0.873446 0.539659 1
-0.464882 0.871489 1
-0.036402 0.476748 1
-0.794176 0.348368 1
-0.748976 0.328327 1
-0.386562 0.085550 1
-0.068533 0.639854 1
-0.143711 0.829265 1
-0.384693 0.442863 1
-0.214644 0.558195 1
-0.797086 0.248017 1
0.493888 -0.244747 -1
0.978994 -0.281523 -1
0.005517 -0.799122 1
0.282752 -0.130175 -1
0.330959 -0.469409 1
0.314736 -0.611652 1
0.552529 -0.694220 1
0.594500 -0.809976 1
0.412976 -0.008251 1
0.524909 -0.156642 1
0.308014 -0.161571 1
0.093056 -0.250048 1
0.355580 -0.217705 1
0.748255 -0.422281 1
0.123978 -0.137551 1
0.915997 -0.786319 1
0.207298 -0.138777 1
0.329267 -0.557314 1
0.397895 -0.266058 1
0.162058 -0.439178 1
0.845667 -0.990081 -1
0.417876 -0.097216 1
0.124375 -0.286301 1
0.676214 -0.895153 1
0.739063 -0.290552 1
0.165305 -0.039846 1
0.683472 -0.589816 -1
0.476396 -0.879052 1
0.157209 -0.087241 1
0.981663 -0.411564 1
0.981935 -0.088418 -1
0.308277 -0.333842 1
0.671445 -0.769954 1
0.419050 -0.076268 1
0.536529 -0.338595 1
0.276514 -0.783413 1
0.559372 -0.016155 1
0.974389 -0.756243 1
0.150205 -0.757841 1
0.328112 -0.719263 1
0.949292 -0.567631 1
0.505578 -0.338725 1
0.522371 -0.740220 1
0.953019 -0.679885 1
0.427080 -0.163269 1
0.382234 -0.124125 -1
0.308063 -0.210847 -1
0.980034 -0.279460 1
0.132949 -0.836645 -1
0.212521 -0.794694 1
0.590694 -0.824587 1
0.906521 -0.332568 1
0.150532 -0.914975 -1
0.196940 -0.594026 1
0.869384 -0.467758 1
0.182510 -0.456312 1
0.715865 -0.539608 1
0.723322 -0.309365 1
0.473338 -0.468047 1
0.739170 -0.552182 1
0.988941 -0.626655 1
0.192721 -0.358739 1
0.498558 -0.068151 -1
0.959956 -0.431921 1
0.947611 -0.144773 1
0.294920 -0.231433 1
0.609579 -0.142534 1
0.102134 -0.445122 1
0.390889 -0.592779 1
0.136031 -0.476950 1
0.089912 -0.523816 1
0.800063 -0.855219 1
0.475609 -0.300101 1
0.125204 -0.473892 1
0.983777 -0.688845 1
0.300947 -0.877812 1
0.861113 -0.340892 1
0.944482 -0.482227 1
0.285776 -0.481087 1
0.962378 -0.479307 1
0.686420 -0.009620 1
0.181424 -0.358272 1
0.651522 -0.959694 1
0.093959 -0.963749 1
0.778833 -0.816140 1
0.031452 -0.113542 1
0.817613 -0.675112 1
0.585716 -0.612059 1
0.475415 -0.194727 1
0.296514 -0.049645 1
0.636223 -0.151594 1
0.810399 -0.007025 1
0.973527 -0.252597 1
0.489949 -0.272212 1
0.379183 -0.032754 1
0.903315 -0.439971 1
0.617566 -0.784199 1
0.659116 -0.174659 1
0.284404 -0.834959 1
0.360247 -0.341786 1
0.419102 -0.260979 1
0.066176 -0.842977 1
0.327692 -0.798420 1
0.263406 -0.876661 1
0.460651 -0.593969 1
0.823323 -0.364569 1
0.539291 -0.151440 -1
0.844929 -0.648914 1
0.836447 -0.993423 1
0.090203 -0.643874 1
0.592834 -0.437679 1
0.496122 -0.277026 1
0.150353 -0.203581 1
0.062010 -0.278754 1
0.385096 -0.047211 1
0.768479 -0.617915 -1
0.084521 -0.806110 1
0.770901 -0.612680 1
0.628365 -0.372488 1
0.283583 -0.689680 1
0.701424 -0.872295 1
0.912574 -0.095805 1
0.661954 -0.802828 1
0.361329 -0.516114 1
0.005448 -0.105406 1
0.670743 -0.300594 1
0.014349 -0.700207 1
0.180763 -0.205357 1
0.010882 -0.661891 1
0.230283 -0.464068 1
0.956630 -0.245342 1
0.195225 -0.915430 1
0.081061 -0.537524 1
0.399201 -0.444446 1
0.774668 -0.987011 1
0.805883 -0.013988 -1
0.414495 -0.529363 1
0.562418 -0.834827 -1
0.309754 -0.224846 1
0.437235 -0.090096 1
0.511489 -0.989016 1
0.098540 -0.778203 1
0.586723 -0.571269 1
0.192544 -0.118596 1
0.457189 -0.651693 1
0.877820 -0.071934 1
0.965862 -0.853485 1
0.141443 -0.020440 -1
0.250276 -0.137404 1
0.023180 -0.039728 1
0.510992 -0.789062 1
0.569492 -0.621442 1
0.278354 -0.922106 1
0.849432 -0.813909 1
0.017476 -0.842594 1
0.739416 -0.571248 -1
0.407291 -0.957143 1
0.524240 -0.251712 -1
0.629725 -0.969716 1
0.131462 -0.654998 1
0.642234 -0.983987 1
0.185339 -0.938992 1
0.073285 -0.175548 1
0.153620 -0.198808 1
0.882838 -0.346946 1
0.484484 -0.588433 -1
0.033738 -0.060537 1
0.843145 -0.228608 1
0.695595 -0.024558 1
0.518138 -0.669340 1
0.196426 -0.288100 1
0.631482 -0.248449 1
0.102627 -0.262564 -1
0.366098 -0.655582 -1
0.829366 -0.534129 -1
0.513709 -0.162201 1
0.113093 -0.907337 1
0.183948 -0.462709 1
0.592882 -0.229663 -1
0.768233 -0.395176 -1
0.726974 -0.369017 1
0.629149 -0.476436 1
0.760774 -0.754731 1
0.661539 -0.128916 1
0.031883 -0.367054 1
0.838801 -0.473769 1
0.293299 -0.521478 1
0.374478 -0.703045 1
0.263025 -0.551744 1
0.060844 -0.102088 1
0.016426 -0.372658 1
0.658912 -0.070875 1
0.427691 -0.418502 1
0.538953 -0.736079 1
0.109142 -0.828479 1
0.438085 -0.294115 1
0.586741 -0.412032 1
0.893544 -0.706650 -1
0.518032 -0.768630 1
0.078383 -0.383940 1
0.860301 -0.169779 1
0.299397 -0.235704 1
0.555464 -0.977637 1
0.340699 -0.710012 1
0.006652 -0.301174 1
0.729069 -0.256547 1
0.011478 -0.291891 1
0.284514 -0.481400 1
0.786462 -0.425680 -1
0.622791 -0.282350 1
0.416798 -0.025784 1
0.146698 -0.864185 1
0.903783 -0.295013 1
0.125186 -0.114892 1
0.466976 -0.864080 1
0.658759 -0.781027 1
0.016993 -0.739551 1
0.704520 -0.200119 1
0.944980 -0.284001 1
0.285233 -0.848034 1
0.720660 -0.668536 1
0.751849 -0.634691 1
0.986431 -0.165218 1
0.973758 -0.349979 1
0.331224 -0.489775 1
0.139837 -0.866903 1
0.170976 -0.904870 1
0.866600 -0.481493 1
0.756952 -0.837960 -1
0.112858 -0.317288 1
0.191724 -0.188057 1
0.204350 -0.972994 1
0.622734 -0.335027 1
0.261439 -0.427706 1
0.783516 -0.691570 1
0.423990 -0.719186 1
0.754392 -0.258673 1
0.627623 -0.825282 1
0.983829 -0.463046 1
0.493008 -0.926706 1
0.118206 -0.281983 1
0.365112 -0.786705 1
0.853037 -0.340815 1
0.791981 -0.612053 1
0.007214 -0.070076 1
0.368630 -0.388135 1
0.629446 -0.982592 1
0.928361 -0.132995 1
0.744007 -0.977483 1
0.454639 -0.809442 1
-0.198651 -0.603418 -1
-0.300805 -0.968890 -1
-0.743445 -0.354051 -1
-0.001112 -0.478682 -1
-0.424354 -0.167928 -1
-0.339376 -0.240905 -1
-0.531132 -0.700290 -1
-0.895648 -0.548257 -1
-0.131467 -0.393183 -1
-0.263906 -0.488579 -1
-0.628478 -0.034131 1
-0.397528 -0.593706 -1
-0.656367 -0.066331 -1
-0.944383 -0.232831 -1
-0.937543 -0.896368 1
-0.604246 -0.674563 -1
-0.648312 -0.099173 -1
-0.029674 -0.044375 1
-0.317233 -0.893691 -1
-0.716132 -0.710648 -1
-0.645374 -0.035129 -1
-0.188491 -0.327966 -1
-0.710384 -0.561733 -1
-0.976639 -0.579937 1
-0.011025 -0.475259 -1
-0.906570 -0.152432 -1
-0.590457 -0.725121 -1
-0.444642 -0.126775 1
-0.037310 -0.442738 -1
-0.390015 -0.083333 -1
-0.116571 -0.789278 -1
-0.885980 -0.514120 -1
-0.875818 -0.048144 -1
-0.001086 -0.574898 -1
-0.921413 -0.975499 -1
-0.457084 -0.499001 -1
-0.368613 -0.584535 -1
-0.598728 -0.974774 -1
-0.234209 -0.543051 -1
-0.450418 -0.041992 1
-0.664773 -0.119035 1
-0.341128 -0.432711 -1
-0.265973 -0.327736 -1
-0.517868 -0.181627 -1
-0.182301 -0.696606 -1
-0.817162 -0.032698 -1
-0.644887 -0.565580 -1
-0.967181 -0.835549 -1
-0.539520 -0.665212 -1
-0.201048 -0.317213 -1
-0.455912 -0.683561 -1
-0.333113 -0.771890 1
-0.679614 -0.370297 1
-0.640056 -0.823600 -1
-0.579130 -0.137080 -1
-0.901252 -0.621270 -1
-0.762193 -0.296188 -1
-0.994668 -0.569185 -1
-0.376111 -0.662044 -1
-0.182706 -0.666063 -1
-0.179090 -0.786455 -1
-0.928989 -0.601204 -1
-0.714221 -0.638119 1
-0.770049 -0.720320 -1
-0.600379 -0.213550 -1
-0.853858 -0.609651 1
-0.599201 -0.668603 1
-0.367448 -0.519721 -1
-0.969059 -0.164208 -1
-0.567004 -0.897460 -1
-0.382030 -0.934175 -1
-0.001449 -0.480837 1
-0.386663 -0.261733 -1
-0.256789 -0.957671 -1
-0.089351 -0.868414 -1
-0.801336 -0.799513 -1
-0.683510 -0.810800 -1
-0.286939 -0.681895 -1
-0.532395 -0.351935 1
-0.536365 -0.804977 1
-0.008710 -0.851989 -1
-0.654428 -0.168730 1
-0.540082 -0.966792 -1
-0.903883 -0.713433 -1
-0.337776 -0.751712 1
-0.384216 -0.824952 -1
-0.104103 -0.365778 -1
-0.426451 -0.355323 -1
-0.261675 -0.754640 1
-0.808260 -0.807158 -1
-0.278388 -0.243818 -1
-0.411515 -0.153672 -1
-0.068618 -0.457478 -1
-0.019172 -0.602498 -1
-0.898536 -0.639189 -1
-0.440671 -0.361830 -1
-0.813714 -0.381473 -1
-0.613093 -0.261079 -1
-0.949628 -0.072293 -1
-0.995919 -0.714018 -1
-0.770185 -0.769816 -1
-0.492390 -0.065006 -1
-0.840373 -0.245427 -1
-0.117500 -0.937713 -1
-0.092525 -0.970827 1
-0.641105 -0.845171 -1
-0.247100 -0.783290 -1
-0.218408 -0.746800 -1
-0.902414 -0.515056 -1
-0.125647 -0.651821 -1
-0.023435 -0.263081 -1
-0.263293 -0.152374 -1
-0.324085 -0.808726 -1
-0.177704 -0.011152 -1
-0.835494 -0.207517 -1
-0.886653 -0.782837 -1
-0.549817 -0.755641 -1
-0.368989 -0.586963 -1
-0.555565 -0.419927 -1
-0.465595 -0.117455 -1
-0.382772 -0.902120 1
-0.944655 -0.677972 -1
-0.463850 -0.778199 1
-0.278710 -0.739073 -1
-0.394533 -0.321938 -1
-0.068409 -0.777294 -1
-0.656026 -0.318301 -1
-0.768750 -0.753264 -1
-0.595154 -0.854116 -1
-0.667497 -0.775184 -1
-0.819634 -0.960476 -1
-0.216369 -0.564761 -1
-0.835873 -0.895006 -1
-0.897600 -0.874276 -1
-0.731149 -0.056004 -1
-0.068935 -0.858905 -1
-0.142536 -0.539323 -1
-0.692648 -0.751219 -1
-0.861342 -0.859990 -1
-0.418127 -0.171308 -1
-0.333014 -0.032541 -1
-0.674336 -0.553268 -1
-0.649848 -0.733574 -1
-0.841832 -0.768917 -1
-0.421332 -0.795261 -1
-0.720621 -0.477539 -1
-0.112492 -0.292890 -1
-0.544697 -0.440533 -1
-0.316879 -0.665777 -1
-0.082217 -0.377075 -1
-0.850086 -0.486892 -1
-0.086849 -0.018346 -1
-0.228978 -0.896542 1
-0.716499 -0.534889 -1
-0.078037 -0.756092 1
-0.779852 -0.601737 -1
-0.799038 -0.605813 -1
-0.640243 -0.052912 -1
-0.426721 -0.781225 -1
-0.312836 -0.985566 -1
-0.694133 -0.006131 -1
-0.806749 -0.623567 -1
-0.961293 -0.056021 -1
-0.446873 -0.094524 -1
-0.347352 -0.094122 -1
-0.817479 -0.673845 -1
-0.204330 -0.788387 -1
-0.031594 -0.625562 -1
-0.187925 -0.044523 -1
-0.588857 -0.420986 -1
-0.928668 -0.971463 -1
-0.216014 -0.515073 1
-0.454302 -0.497660 -1
-0.881041 -0.391582 -1
-0.373272 -0.992448 -1
-0.282720 -0.452840 -1
-0.645481 -0.747604 -1
-0.096928 -0.996041 1
-0.535738 -0.914404 -1
-0.174151 -0.557592 -1
-0.723208 -0.847243 -1
-0.062226 -0.885553 1
-0.007246 -0.498278 -1
-0.587715 -0.726483 -1
-0.229706 -0.045740 -1
-0.787269 -0.033039 -1
-0.702734 -0.128716 -1
-0.420882 -0.673461 -1
-0.274650 -0.980945 -1
-0.868241 -0.394377 -1
-0.901815 -0.992425 -1
-0.223815 -0.719528 -1
-0.862668 -0.046297 -1
-0.438539 -0.597319 -1
-0.608968 -0.499633 -1
-0.749264 -0.041861 -1
-0.371104 -0.088951 -1
-0.594084 -0.968025 -1
-0.064895 -0.787477 -1
-0.132303 -0.682365 -1
-0.695139 -0.742762 -1
-0.896461 -0.667125 -1
-0.377163 -0.840146 -1
-0.573220 -0.568911 -1
-0.962158 -0.535573 -1
-0.355517 -0.942552 -1
-0.716229 -0.795140 -1
-0.431568 -0.242094 -1
-0.648110 -0.936230 -1
-0.107312 -0.697511 1
-0.108333 -0.029143 -1
-0.291234 -0.520522 1
-0.232829 -0.885654 -1
-0.778956 -0.621294 -1
-0.458726 -0.131724 -1
-0.438923 -0.325220 -1
-0.852289 -0.527197 1
-0.210270 -0.938133 -1
-0.836087 -0.848443 -1
-0.777172 -0.372564 -1
-0.684005 -0.580902 -1
-0.163818 -0.451181 -1
-0.207887 -0.398526 -1
-0.258461 -0.313960 1
-0.082612 -0.404684 -1
-0.329732 -0.240400 -1
-0.602034 -0.104323 -1
-0.255104 -0.622834 -1
-0.441288 -0.359875 -1
-0.438682 -0.022079 -1
-0.088383 -0.292936 -1
-0.157942 -0.102123 -1
-0.018195 -0.549597 -1
-0.451170 -0.875401 -1
-0.159781 -0.038386 -1
-0.826142 -0.614940 -1
-0.638218 -0.253123 -1
-0.766599 -0.465044 -1
-0.141826 -0.979203 -1
-0.899843 -0.634120 -1
-0.512409 -0.848951 -1
-0.990390 -0.156848 -1
-0.043665 -0.629262 -1
-0.642717 -0.426885 -1
-0.413963 -0.614086 -1
-0.112255 -0.762749 -1
-0.108640 -0.896229 -1
-0.081960 -0.019048 -1
-0.572154 -0.145335 -1
-0.948715 -0.884781 -1
0.639333 0.343950 -1
0.384463 0.311571 -1
0.177857 0.068475 -1
0.869548 0.773515 -1
0.532472 0.466533 -1
0.833465 0.875058 -1
0.298673 0.990713 -1
0.664362 0.884238 -1
0.356689 0.617424 -1
0.635400 0.339065 -1
0.900598 0.700192 -1
0.307155 0.769407 -1
0.276870 0.772849 -1
0.245159 0.286796 -1
0.149220 0.329214 -1
0.181671 0.707336 -1
0.400704 0.239079 -1
0.416081 0.237625 -1
0.419638 0.796650 -1
0.475541 0.652532 -1
0.599529 0.581780 -1
0.185972 0.920221 -1
0.151467 0.431113 -1
0.328286 0.977239 -1
0.679542 0.631561 1
0.540403 0.466142 -1
0.224334 0.785720 -1
0.292449 0.038363 -1
0.934090 0.881886 -1
0.007917 0.011990 -1
0.955039 0.756446 1
0.502442 0.578515 -1
0.810794 0.696143 -1
0.847899 0.670113 -1
0.378595 0.610493 1
0.667997 0.933260 -1
0.553507 0.598213 -1
0.249813 0.485687 -1
0.852174 0.549719 -1
0.087820 0.748723 -1
0.100460 0.421833 -1
0.655850 0.028996 -1
0.778635 0.410830 -1
0.083921 0.723475 -1
0.466733 0.792514 -1
0.525336 0.088748 1
0.152501 0.174712 -1
0.959257 0.062476 -1
0.656900 0.681342 -1
0.042613 0.033985 -1
0.550472 0.177668 -1
0.051388 0.733427 -1
0.448853 0.051936 -1
0.919299 0.456428 -1
0.299423 0.820944 -1
0.230327 0.836241 -1
0.355025 0.167606 -1
0.997417 0.297447 -1
0.652601 0.490277 -1
0.392035 0.879045 -1
0.637619 0.682309 -1
0.114911 0.208654 -1
0.561211 0.615978 -1
0.998540 0.653773 -1
0.967944 0.732620 -1
0.020112 0.620629 -1
0.641126 0.684019 -1
0.362364 0.453937 -1
0.324516 0.905056 -1
0.836461 0.334226 -1
0.074577 0.420564 -1
0.805660 0.145527 -1
0.513751 0.361301 -1
0.889472 0.532172 -1
0.703346 0.232372 -1
0.695274 0.270839 -1
0.134522 0.131714 -1
0.523327 0.470887 -1
0.990010 0.705343 -1
0.832130 0.832783 -1
0.866790 0.560508 -1
0.307930 0.115655 -1
0.371914 0.399935 -1
0.410328 0.788273 -1
0.433306 0.779787 1
0.540246 0.875050 -1
0.523362 0.439029 -1
0.104592 0.696827 -1
0.424308 0.076976 -1
0.232870 0.822049 -1
0.264221 0.988711 -1
0.474850 0.197048 -1
0.688913 0.044896 -1
0.456738 0.764817 -1
0.884703 0.306487 -1
0.299579 0.076229 -1
0.664466 0.059285 -1
0.840388 0.842631 -1
0.499675 0.500082 -1
0.898681 0.067959 -1
0.535701 0.880621 -1
0.066466 0.673500 -1
0.374065 0.799195 1
0.873781 0.325418 -1
0.895743 0.794475 -1
0.846223 0.096814 -1
0.617937 0.753342 -1
0.815834 0.044186 -1
0.444392 0.791247 -1
0.157951 0.078320 -1
0.626219 0.932855 -1
0.557635 0.241394 -1
0.952188 0.550799 -1
0.413412 0.207137 -1
0.563653 0.988945 -1
0.364923 0.076629 -1
0.273162 0.256982 -1
0.870564 0.401243 -1
0.093334 0.842450 -1
0.329323 0.049123 -1
0.361809 0.696098 -1
0.793094 0.607000 -1
0.796492 0.547969 -1
0.077767 0.286765 -1
0.248234 0.823751 -1
0.030287 0.285256 -1
0.683712 0.529732 -1
0.516051 0.922122 -1
0.727407 0.463919 -1
0.212742 0.475131 -1
0.101581 0.940046 -1
0.263358 0.955057 -1
0.025989 0.225627 -1
0.754899 0.373210 -1
0.609475 0.013042 -1
0.482574 0.335861 -1
0.983606 0.677402 -1
0.749579 0.584132 -1
0.283980 0.362006 -1
0.054019 0.296158 1
0.135253 0.886123 -1
0.020305 0.945716 1
0.549419 0.628959 -1
0.746449 0.240138 -1
0.189521 0.510251 -1
0.573992 0.213164 1
0.058191 0.512864 1
0.576043 0.598972 -1
0.720847 0.768503 -1
0.053662 0.395283 1
0.930278 0.571537 -1
0.913188 0.515417 -1
0.609190 0.994414 -1
0.043736 0.150738 -1
0.688004 0.518653 -1
0.279789 0.101643 -1
0.091115 0.420729 -1
0.809676 0.623751 -1
0.027242 0.065760 -1
0.043712 0.487578 -1
0.503313 0.172192 -1
0.023009 0.362080 -1
0.086109 0.837687 1
0.913706 0.704808 1
0.929642 0.958967 -1
0.985403 0.967172 -1
0.688531 0.105499 -1
0.208750 0.576449 -1
0.289255 0.327990 -1
0.071531 0.994339 1
0.652821 0.611480 -1
0.375017 0.722085 -1
0.331176 0.710190 -1
0.346657 0.425838 -1
0.678474 0.340911 -1
0.565056 0.891013 1
0.865475 0.504493 -1
0.019769 0.817252 -1
0.084945 0.081223 -1
0.953825 0.282548 -1
0.470575 0.838178 1
0.545700 0.211736 -1
0.193375 0.370668 -1
0.029097 0.000187 -1
0.282048 0.469896 -1
0.077454 0.022008 -1
0.864732 0.932484 -1
0.094068 0.418293 -1
0.151145 0.253823 -1
0.113216 0.445200 -1
0.961499 0.951559 -1
0.910739 0.113511 1
0.270273 0.966285 -1
0.432368 0.512658 -1
0.656166 0.238895 -1
0.067979 0.337727 -1
0.839091 0.390123 -1
0.540527 0.517642 -1
0.914295 0.846990 -1
0.630435 0.928529 -1
0.078270 0.184342 -1
0.651112 0.303146 1
0.944544 0.138304 -1
0.664621 0.336781 -1
0.517178 0.060380 -1
0.814647 0.686605 -1
0.675279 0.319370 -1
0.614870 0.500671 -1
0.392455 0.514196 1
0.643935 0.914707 -1
0.401671 0.390545 -1
0.004853 0.208475 -1
0.398559 0.501974 -1
0.521422 0.270446 -1
0.038471 0.289550 -1
0.836083 0.682897 -1
0.195845 0.572591 -1
0.799281 0.201998 -1
0.040160 0.331640 -1
0.221004 0.323441 -1
0.648162 0.843663 -1
0.620882 0.725099 -1
0.898456 0.825415 -1
0.042662 0.839243 -1
0.074847 0.521204 1
0.071895 0.670667 1
0.877358 0.308167 -1
0.650773 0.710975 -1
0.036073 0.719382 -1
0.692271 0.757535 -1
0.502171 0.110042 -1
0.238539 0.064481 -1
0.222384 0.454403 -1
0.494814 0.503614 -1
0.039566 0.058589 -1
0.679191 0.060090 -1
0.696354 0.268716 -1
0.905190 0.098440 -1
0.774193 0.724668 -1
0.218043 0.708395 -1
0.088009 0.752241 -1
0.008866 0.051881 -1
0.326134 0.218607 -1
0.518522 0.390103 -1
0.670965 0.386092 -1
0.173831 0.971933 -1
0.280065 0.179898 -1
0.153474 0.899971 -1
0.018055 0.927569 -1
0.106302 0.152016 -1
