-0.805133 0.927973 1
-0.763103 0.442285 1
-0.093375 0.950644 1
-0.535239 0.289206 1
-0.476760 0.909773 1
-0.714539 0.288718 1
-0.040743 0.971429 1
-0.063342 0.915979 1
-0.785746 0.940908 1
-0.809273 0.137405 1
-0.314294 0.919978 1
-0.428373 0.016301 1
-0.256088 0.611655 1
-0.220038 0.276959 1
-0.142100 0.365614 1
-0.096143 0.919768 1
-0.292933 0.026213 1
-0.039426 0.576758 1
-0.111361 0.046382 1
-0.639891 0.612971 1
-0.870982 0.975107 1
-0.029561 0.516608 1
-0.002409 0.306138 1
-0.746557 0.334068 1
-0.524149 0.560634 1
0.577464 -0.908135 1
0.814072 -0.231349 1
0.349743 -0.556011 1
0.682253 -0.234237 1
0.704404 -0.641535 1
0.044431 -0.695619 1
0.251569 -0.197850 1
0.784680 -0.353813 1
0.057075 -0.733102 1
0.476292 -0.536552 1
0.171277 -0.480372 1
0.521479 -0.588577 1
0.616214 -0.160067 1
0.407352 -0.712718 1
0.964168 -0.210308 1
0.648288 -0.386598 1
0.340700 -0.073066 1
0.337845 -0.548611 1
0.528985 -0.823935 1
0.239979 -0.148367 1
0.676375 -0.529732 1
0.429532 -0.360579 1
0.585611 -0.692362 1
0.097256 -0.058160 1
0.454023 -0.590273 1
-0.308616 -0.265051 -1
-0.043194 -0.155947 -1
-0.113387 -0.339347 -1
-0.567808 -0.190251 -1
-0.056264 -0.159610 -1
-0.449696 -0.210129 -1
-0.491642 -0.183262 -1
-0.883773 -0.965134 -1
-0.822546 -0.671985 -1
-0.000742 -0.399326 -1
-0.912518 -0.686749 -1
-0.966347 -0.208588 -1
-0.674802 -0.198313 -1
-0.071864 -0.534681 -1
-0.061540 -0.408446 -1
-0.993953 -0.837231 -1
-0.868285 -0.043463 -1
-0.226084 -0.127422 -1
-0.046627 -0.685682 -1
-0.909588 -0.284856 -1
-0.486182 -0.424794 -1
-0.741078 -0.529425 -1
-0.971922 -0.234017 -1
-0.373191 -0.906844 -1
-0.331043 -0.955546 -1
0.846236 0.818573 -1
0.531693 0.374509 -1
0.641004 0.974498 -1
0.590095 0.113196 -1
0.224332 0.401151 -1
0.213099 0.471621 -1
0.898795 0.361998 -1
0.742286 0.596299 -1
0.589423 0.312808 -1
0.695356 0.375664 -1
0.401739 0.180114 -1
0.272824 0.481690 -1
0.900884 0.074206 -1
0.803798 0.048043 -1
0.251199 0.451038 -1
0.257861 0.515842 -1
0.835404 0.360954 -1
0.349709 0.270189 -1
0.732880 0.184100 -1
0.371880 0.380544 -1
0.915194 0.235495 -1
0.879867 0.704048 -1
0.762440 0.278906 -1
0.882193 0.409526 -1
0.279691 0.457916 -1
