-0.347168 0.327986 1
-0.896296 0.437314 -1
-0.983712 0.429148 1
-0.718677 0.276738 1
-0.502351 0.175043 1
-0.904363 0.286975 1
-0.676135 0.563824 -1
-0.187160 0.798204 -1
-0.772732 0.638625 -1
-0.210216 0.350247 1
-0.364796 0.716452 1
-0.018969 0.011554 -1
-0.102135 0.795385 -1
-0.111321 0.983175 1
-0.144245 0.780304 -1
-0.209465 0.475320 -1
-0.882470 0.254083 1
-0.752375 0.812155 1
-0.142863 0.412268 1
-0.132831 0.654952 1
-0.584530 0.102004 -1
-0.098815 0.424251 -1
-0.507624 0.392248 -1
-0.229693 0.847536 1
-0.795292 0.891895 -1
-0.782085 0.344511 -1
-0.239298 0.978316 1
-0.231608 0.915587 1
-0.505208 0.351256 1
-0.560086 0.217880 1
-0.380485 0.312120 -1
-0.931737 0.089050 1
-0.020846 0.492479 1
-0.000617 0.247107 1
-0.126456 0.512575 -1
-0.154795 0.249340 1
-0.383248 0.677791 1
-0.409799 0.172169 -1
-0.488969 0.998910 1
-0.905512 0.346146 1
-0.289680 0.448986 -1
-0.087748 0.266834 1
-0.871659 0.261477 1
-0.299924 0.724530 -1
-0.041063 0.687503 -1
-0.161929 0.213703 1
-0.099251 0.467925 1
-0.767773 0.009823 1
-0.484389 0.660987 1
-0.875045 0.089052 1
-0.061474 0.586410 1
-0.796944 0.201549 1
-0.143291 0.654597 1
-0.119800 0.511060 1
-0.467957 0.764584 -1
-0.319813 0.729940 1
-0.672445 0.837355 1
-0.320570 0.282810 1
-0.648733 0.985281 -1
-0.047561 0.591884 1
-0.656397 0.283646 1
-0.445516 0.029496 1
-0.993375 0.979266 1
-0.933994 0.637134 1
-0.456121 0.357194 -1
-0.447906 0.545146 1
-0.869680 0.502878 1
-0.224066 0.684498 1
-0.224710 0.704250 -1
-0.335347 0.821513 1
-0.111109 0.004866 -1
-0.561645 0.093866 1
-0.342578 0.174966 1
-0.819342 0.649772 1
-0.852143 0.989201 1
-0.016475 0.453337 -1
-0.375921 0.202374 1
-0.168451 0.073914 1
-0.197699 0.377019 1
-0.790284 0.223309 1
-0.275030 0.814891 1
-0.364498 0.248913 -1
-0.069623 0.481447 1
-0.340214 0.085473 -1
-0.870182 0.646363 1
-0.056434 0.639691 1
-0.779934 0.418544 1
-0.346015 0.101383 -1
-0.524801 0.790426 1
-0.711048 0.733973 1
-0.767924 0.192460 -1
-0.198212 0.814121 -1
-0.016637 0.637249 -1
-0.801609 0.421170 1
-0.628914 0.082087 1
-0.102529 0.448193 1
-0.304411 0.682241 1
-0.077566 0.965557 1
-0.614007 0.535628 1
-0.298303 0.170642 -1
-0.106824 0.586900 1
-0.265804 0.957008 1
-0.429230 0.860699 -1
-0.948322 0.499053 1
-0.487197 0.325442 1
-0.087788 0.708870 1
-0.699468 0.778568 1
-0.059054 0.985205 -1
-0.054439 0.348810 -1
-0.294107 0.384981 1
-0.400723 0.839103 -1
-0.435068 0.413745 1
-0.290985 0.210990 1
-0.116259 0.373628 1
-0.568071 0.092979 1
-0.658423 0.257160 1
-0.399362 0.323282 1
-0.572609 0.830396 -1
-0.482674 0.955065 1
-0.028074 0.875359 1
-0.519445 0.054559 1
-0.197609 0.333627 1
-0.395017 0.755986 1
-0.777345 0.927307 1
-0.274836 0.844150 1
-0.898629 0.465517 -1
-0.603251 0.238514 1
-0.140320 0.306638 1
-0.349427 0.551269 1
-0.167165 0.211964 1
-0.031076 0.368288 -1
-0.575712 0.216955 1
-0.123727 0.976140 1
-0.848392 0.817742 -1
-0.909012 0.058918 -1
-0.874422 0.400366 -1
-0.221061 0.791580 -1
-0.990044 0.072704 -1
-0.943217 0.073834 1
-0.568789 0.437425 -1
-0.356681 0.599987 1
-0.153468 0.656472 1
-0.894894 0.429531 -1
-0.609141 0.029691 1
-0.972764 0.122015 1
-0.828353 0.541585 1
-0.946366 0.894392 1
-0.281292 0.382177 1
-0.054387 0.572996 1
-0.885296 0.185442 1
-0.881839 0.508937 1
-0.381560 0.243549 -1
-0.541458 0.916863 1
-0.536085 0.278592 -1
-0.364913 0.208353 1
-0.311821 0.872949 1
-0.130276 0.092090 -1
-0.242097 0.000161 -1
-0.056435 0.449087 -1
-0.383095 0.388383 1
-0.381261 0.120190 1
-0.069367 0.593925 1
-0.869835 0.311696 1
-0.340895 0.897328 1
-0.755531 0.311081 1
-0.429074 0.862540 -1
-0.329520 0.207172 -1
-0.052364 0.922770 -1
-0.490050 0.960672 1
-0.632937 0.015638 -1
-0.522792 0.191679 -1
-0.085279 0.118418 1
-0.002540 0.177246 1
-0.067810 0.998964 -1
-0.356085 0.930841 1
-0.326230 0.478738 1
-0.597006 0.507128 -1
-0.505676 0.695561 1
-0.057788 0.778331 1
-0.457049 0.611918 1
-0.995276 0.477827 1
-0.265252 0.778272 -1
-0.536896 0.394311 1
-0.373682 0.098593 1
-0.019473 0.912464 1
-0.292772 0.574745 -1
-0.828271 0.034819 1
-0.036957 0.567374 1
-0.669838 0.900559 1
-0.520281 0.994969 -1
-0.934684 0.636123 -1
-0.903708 0.384312 -1
-0.919342 0.423432 1
-0.533156 0.808011 1
-0.621888 0.888248 1
-0.780247 0.364646 1
-0.901776 0.911533 -1
-0.551320 0.958761 1
-0.529722 0.398044 1
-0.301607 0.346888 -1
-0.381883 0.864922 1
-0.165731 0.185723 1
-0.477066 0.025351 1
-0.220076 0.682886 1
-0.370686 0.140325 1
-0.448084 0.343798 1
-0.535776 0.266528 1
-0.249798 0.394425 1
-0.212107 0.641917 1
-0.761722 0.753858 -1
-0.459204 0.690505 -1
-0.570547 0.247493 1
-0.957028 0.155737 -1
-0.458461 0.778513 1
-0.862672 0.345028 1
-0.835952 0.301037 1
-0.592404 0.756166 -1
-0.840378 0.263527 1
-0.098839 0.792039 1
-0.045802 0.317146 -1
-0.851489 0.169076 -1
-0.246912 0.960208 -1
-0.164199 0.299695 1
-0.147770 0.043453 1
-0.670503 0.920910 1
-0.103821 0.416475 1
-0.640641 0.483570 -1
-0.301626 0.084465 1
-0.884986 0.391739 1
-0.055584 0.701439 -1
-0.313120 0.763862 -1
-0.904129 0.844585 -1
-0.957662 0.851860 1
-0.083464 0.484444 1
-0.020794 0.594163 1
-0.610982 0.855050 -1
-0.722378 0.036053 1
-0.448622 0.891482 1
-0.292362 0.514495 -1
-0.636864 0.609517 1
-0.577097 0.010533 1
-0.184689 0.052638 -1
-0.745725 0.519666 -1
-0.168155 0.741841 1
-0.720305 0.098536 1
-0.386985 0.543529 1
-0.346891 0.094956 1
-0.770610 0.251407 -1
-0.820389 0.245573 -1
-0.700275 0.936578 -1
0.903292 -0.841280 1
0.628767 -0.577972 1
0.819139 -0.009320 1
0.156529 -0.297288 1
0.045690 -0.692727 1
0.865230 -0.076437 1
0.546143 -0.057070 1
0.310253 -0.122395 1
0.320931 -0.408132 -1
0.748024 -0.414243 1
0.081847 -0.379237 1
0.518754 -0.250163 1
0.031776 -0.597133 -1
0.613029 -0.379499 1
0.756065 -0.915636 1
0.965112 -0.806559 -1
0.170945 -0.567666 -1
0.785410 -0.965992 1
0.649510 -0.821459 1
0.063321 -0.663993 1
0.199014 -0.736231 1
0.117137 -0.564047 1
0.325906 -0.337954 1
0.563679 -0.528653 1
0.318818 -0.286075 1
0.434647 -0.717294 1
0.672777 -0.171855 -1
0.278218 -0.088360 -1
0.110541 -0.005617 1
0.715574 -0.140516 -1
0.395962 -0.269781 -1
0.642580 -0.710508 1
0.326853 -0.130387 -1
0.825198 -0.293185 -1
0.509750 -0.558761 1
0.280994 -0.136062 1
0.981779 -0.989043 1
0.777395 -0.774938 1
0.748205 -0.380024 -1
0.546524 -0.653326 1
0.828085 -0.862704 1
0.026091 -0.302389 1
0.696544 -0.463234 1
0.612206 -0.081057 1
0.994449 -0.303861 1
0.183641 -0.845514 1
0.229910 -0.110814 1
0.299916 -0.010217 1
0.064034 -0.080640 1
0.236711 -0.080359 1
0.048428 -0.535025 1
0.215286 -0.378005 1
0.253593 -0.507385 1
0.328228 -0.450930 1
0.294419 -0.069121 1
0.534890 -0.214163 -1
0.799629 -0.808650 1
0.468625 -0.165216 1
0.253261 -0.616898 1
0.324248 -0.000294 -1
0.984169 -0.850718 1
0.693266 -0.782341 1
0.361673 -0.065471 1
0.293249 -0.359270 1
0.100024 -0.196192 1
0.310904 -0.167999 1
0.004949 -0.554381 1
0.103202 -0.535607 1
0.575334 -0.548303 1
0.848050 -0.380681 -1
0.406266 -0.653179 -1
0.032988 -0.482870 1
0.963209 -0.719192 -1
0.913910 -0.835996 -1
0.936868 -0.019813 1
0.031106 -0.020321 -1
0.190664 -0.957907 1
0.248701 -0.209915 1
0.448030 -0.957901 -1
0.921388 -0.631023 1
0.020811 -0.783875 -1
0.209853 -0.930301 -1
0.945141 -0.309689 1
0.038653 -0.659259 -1
0.064953 -0.200715 1
0.579739 -0.874823 1
0.470922 -0.749885 -1
0.055571 -0.024770 -1
0.108331 -0.858904 1
0.660801 -0.741337 1
0.860757 -0.274767 1
0.424613 -0.390787 1
0.034495 -0.182496 -1
0.756721 -0.665277 1
0.297180 -0.570503 -1
0.852005 -0.672662 1
0.333925 -0.253194 1
0.174098 -0.306013 1
0.731726 -0.359788 1
0.653337 -0.372555 -1
0.016947 -0.723808 1
0.576408 -0.358130 -1
0.133487 -0.406966 1
0.388677 -0.294441 1
0.330134 -0.241772 -1
0.131122 -0.151057 1
0.105257 -0.131772 1
0.230935 -0.790999 -1
0.213687 -0.844959 1
0.606660 -0.230923 1
0.963728 -0.269552 -1
0.507165 -0.251096 1
0.588816 -0.817108 1
0.537255 -0.215820 1
0.874935 -0.714352 1
0.172157 -0.643532 1
0.804410 -0.203490 1
0.932832 -0.073764 -1
0.986392 -0.408231 -1
0.557087 -0.447779 -1
0.805904 -0.447280 -1
0.657669 -0.561808 -1
0.064769 -0.390927 -1
0.247588 -0.110545 1
0.349883 -0.775024 1
0.476731 -0.550515 -1
0.037613 -0.357722 1
0.528812 -0.161544 1
0.144478 -0.795438 1
0.651819 -0.206002 -1
0.553037 -0.014264 -1
0.730478 -0.591785 1
0.566722 -0.995588 1
0.263937 -0.413525 1
0.055154 -0.166237 1
0.601169 -0.904872 1
0.617490 -0.273891 1
0.121431 -0.790212 1
0.055525 -0.652948 -1
0.051554 -0.214252 1
0.041189 -0.676447 -1
0.690955 -0.917752 1
0.101838 -0.685168 1
0.214517 -0.010279 1
0.907174 -0.066917 -1
0.377938 -0.695484 1
0.115940 -0.931749 1
0.476222 -0.783729 -1
0.299187 -0.480054 1
0.741127 -0.351322 -1
0.776656 -0.831472 1
0.667080 -0.172477 1
0.835232 -0.121490 -1
0.735252 -0.839776 -1
0.075293 -0.230298 -1
0.689033 -0.528887 -1
0.763518 -0.959256 1
0.879822 -0.853505 1
0.548195 -0.014175 1
0.540494 -0.431015 -1
0.308722 -0.307252 1
0.722375 -0.596692 1
0.372278 -0.044291 -1
0.334457 -0.301828 1
0.998251 -0.143037 -1
0.509392 -0.918499 1
0.560461 -0.354458 1
0.071550 -0.210993 -1
0.873752 -0.874886 -1
0.945680 -0.410773 1
0.296380 -0.902628 -1
0.701605 -0.382079 1
0.669078 -0.403704 1
0.225884 -0.772929 1
0.417055 -0.356722 1
0.986342 -0.035107 -1
0.014422 -0.659735 1
0.216998 -0.621296 1
0.306321 -0.181156 1
0.395708 -0.800168 1
0.727415 -0.133136 1
0.210866 -0.832273 -1
0.179307 -0.289862 -1
0.333665 -0.879741 1
0.025097 -0.159504 -1
0.574875 -0.607177 -1
0.966459 -0.268476 -1
0.030702 -0.061756 1
0.571230 -0.540026 1
0.846807 -0.847152 1
0.869379 -0.777668 1
0.524751 -0.287316 -1
0.219678 -0.997163 1
0.776752 -0.425959 1
0.698712 -0.209221 -1
0.870271 -0.285394 -1
0.743280 -0.552864 -1
0.309602 -0.709036 1
0.832997 -0.102205 1
0.239937 -0.192552 1
0.154543 -0.461729 1
0.808928 -0.245584 1
0.100549 -0.714896 1
0.704061 -0.302011 -1
0.290556 -0.328068 1
0.640814 -0.731819 1
0.600699 -0.390177 -1
0.214467 -0.404573 -1
0.704229 -0.986380 1
0.425583 -0.248211 1
0.486844 -0.091675 1
0.061027 -0.678961 1
0.638394 -0.004380 -1
0.317439 -0.501392 -1
0.929936 -0.816213 -1
0.323488 -0.077833 1
0.198065 -0.833905 1
0.878030 -0.894305 1
0.649025 -0.164392 1
0.473564 -0.204781 1
0.799557 -0.624791 1
0.464582 -0.533414 1
0.367854 -0.511446 1
0.659741 -0.652281 -1
0.025373 -0.335606 1
0.575464 -0.565853 1
0.770138 -0.990942 1
0.998293 -0.257638 -1
0.936269 -0.845093 1
0.545179 -0.771713 1
0.484217 -0.423536 1
0.777437 -0.835861 1
0.341346 -0.863257 1
0.766987 -0.803629 -1
0.576679 -0.127808 1
0.275940 -0.306824 1
0.717329 -0.281407 1
0.416721 -0.807199 -1
0.650335 -0.573743 1
0.557978 -0.517221 -1
0.599843 -0.090525 1
0.361026 -0.194030 1
0.343972 -0.382793 1
0.583910 -0.114350 1
0.868319 -0.222098 1
0.619822 -0.807497 1
0.153797 -0.376379 -1
0.294528 -0.547202 1
0.454859 -0.700023 1
0.158156 -0.848649 -1
-0.182142 -0.051108 -1
-0.488233 -0.487310 -1
-0.088686 -0.857737 -1
-0.201311 -0.907457 -1
-0.548657 -0.576220 -1
-0.119517 -0.852361 -1
-0.410208 -0.474592 -1
-0.281160 -0.400782 -1
-0.232527 -0.037574 1
-0.285097 -0.257860 1
-0.397455 -0.715787 1
-0.209895 -0.390921 -1
-0.013270 -0.997275 1
-0.290981 -0.909521 1
-0.553336 -0.584663 -1
-0.135048 -0.175377 -1
-0.830286 -0.619448 -1
-0.424675 -0.443486 1
-0.754696 -0.951478 1
-0.853423 -0.947182 -1
-0.398860 -0.484395 -1
-0.767983 -0.898641 1
-0.554436 -0.909549 -1
-0.563671 -0.233790 -1
-0.285562 -0.213251 -1
-0.750296 -0.879875 1
-0.874263 -0.050020 1
-0.561707 -0.823006 1
-0.191469 -0.003144 1
-0.891802 -0.682137 -1
-0.205530 -0.749237 -1
-0.881513 -0.951983 -1
-0.111278 -0.010803 1
-0.776303 -0.072855 -1
-0.460287 -0.628718 -1
-0.129260 -0.685623 -1
-0.431501 -0.472765 -1
-0.426808 -0.799316 1
-0.367824 -0.343070 -1
-0.462347 -0.873083 -1
-0.026127 -0.197181 -1
-0.618503 -0.197961 -1
-0.713661 -0.470242 -1
-0.411917 -0.204433 -1
-0.676155 -0.335852 -1
-0.206320 -0.826006 1
-0.419869 -0.918753 1
-0.774582 -0.512520 -1
-0.554857 -0.396228 1
-0.037527 -0.089989 -1
-0.264098 -0.688099 -1
-0.256609 -0.214743 -1
-0.331361 -0.848254 1
-0.570042 -0.109370 -1
-0.696181 -0.618848 -1
-0.509341 -0.187385 1
-0.046365 -0.857175 -1
-0.710060 -0.849475 -1
-0.701418 -0.353804 -1
-0.076165 -0.460766 -1
-0.939219 -0.688183 1
-0.608458 -0.765500 1
-0.098219 -0.817894 -1
-0.414153 -0.356864 -1
-0.703776 -0.249858 -1
-0.561321 -0.755209 -1
-0.226769 -0.295859 -1
-0.755922 -0.948096 -1
-0.635290 -0.758195 -1
-0.973854 -0.039335 -1
-0.991524 -0.969618 -1
-0.670925 -0.939390 -1
-0.655986 -0.614238 -1
-0.911297 -0.689833 -1
-0.717141 -0.600632 -1
-0.379967 -0.315776 -1
-0.270464 -0.268933 1
-0.460051 -0.400375 -1
-0.218119 -0.868046 -1
-0.074035 -0.675763 -1
-0.744503 -0.396277 -1
-0.949780 -0.483046 -1
-0.489560 -0.242504 -1
-0.653952 -0.176325 -1
-0.529249 -0.097940 1
-0.639852 -0.505987 1
-0.380033 -0.385454 -1
-0.842470 -0.938030 1
-0.741999 -0.583873 -1
-0.208651 -0.264986 -1
-0.520996 -0.454301 -1
-0.581532 -0.746357 -1
-0.163310 -0.167011 -1
-0.981307 -0.494435 -1
-0.909230 -0.314594 -1
-0.170577 -0.445917 1
-0.959064 -0.851071 1
-0.566398 -0.086069 -1
-0.979044 -0.117321 1
-0.668254 -0.145932 -1
-0.311658 -0.909695 -1
-0.779099 -0.118285 1
-0.207133 -0.609605 1
-0.391845 -0.773951 -1
-0.558876 -0.975698 1
-0.539751 -0.492748 1
-0.943600 -0.381046 -1
-0.750091 -0.435139 1
-0.677908 -0.007527 -1
-0.143089 -0.851358 -1
-0.437825 -0.785503 1
-0.779784 -0.601792 1
-0.567473 -0.598940 1
-0.811604 -0.230429 -1
-0.221856 -0.715294 -1
-0.104416 -0.078140 1
-0.837983 -0.745298 -1
-0.501823 -0.949549 1
-0.866111 -0.514811 -1
-0.275877 -0.971184 -1
-0.934411 -0.417159 -1
-0.655231 -0.445733 -1
-0.128843 -0.447024 -1
-0.614525 -0.974797 1
-0.036434 -0.481541 -1
-0.017480 -0.942298 1
-0.460795 -0.601816 1
-0.920567 -0.947793 1
-0.932155 -0.175174 -1
-0.351466 -0.064425 -1
-0.513931 -0.948398 -1
-0.999833 -0.491442 -1
-0.538310 -0.052517 -1
-0.603207 -0.297975 -1
-0.463428 -0.217585 -1
-0.856752 -0.959704 1
-0.089896 -0.701252 1
-0.041630 -0.992008 -1
-0.947455 -0.543203 -1
-0.738832 -0.696578 1
-0.634221 -0.426743 -1
-0.958732 -0.757577 -1
-0.015982 -0.492617 -1
-0.943680 -0.460367 1
-0.109824 -0.124922 1
-0.390348 -0.769744 -1
-0.954065 -0.591869 -1
-0.051299 -0.091226 -1
-0.863871 -0.171464 -1
-0.676202 -0.288116 1
-0.960715 -0.395867 -1
-0.966480 -0.794531 -1
-0.650800 -0.496420 -1
-0.131894 -0.841545 -1
-0.952348 -0.223557 -1
-0.132761 -0.457300 -1
-0.748006 -0.620419 -1
-0.366872 -0.393345 1
-0.576356 -0.231396 -1
-0.212335 -0.212688 -1
-0.175809 -0.427859 -1
-0.155129 -0.902658 1
-0.370760 -0.195930 -1
-0.972662 -0.983458 -1
-0.539708 -0.755835 -1
-0.429847 -0.614753 1
-0.320350 -0.772724 -1
-0.133464 -0.216178 -1
-0.899646 -0.045949 -1
-0.948845 -0.200690 -1
-0.236523 -0.437534 1
-0.300608 -0.426835 -1
-0.835525 -0.300799 1
-0.356448 -0.814379 1
-0.918067 -0.610273 1
-0.081802 -0.806669 -1
-0.519536 -0.998396 -1
-0.668545 -0.001023 1
-0.627145 -0.799799 -1
-0.339072 -0.621036 -1
-0.603517 -0.965910 -1
-0.581860 -0.124758 -1
-0.975535 -0.711757 1
-0.017413 -0.318478 -1
-0.794297 -0.780594 -1
-0.804845 -0.632808 -1
-0.089314 -0.277592 -1
-0.354650 -0.303875 -1
-0.140638 -0.394263 -1
-0.310651 -0.298224 -1
-0.673053 -0.246110 -1
-0.684766 -0.325689 -1
-0.489601 -0.851749 1
-0.550228 -0.156346 -1
-0.003688 -0.262962 -1
-0.611364 -0.478149 -1
-0.768889 -0.501892 1
-0.115419 -0.142786 -1
-0.569145 -0.748682 -1
-0.886516 -0.353288 -1
-0.011267 -0.772034 -1
-0.023716 -0.700107 -1
-0.961553 -0.371818 -1
-0.939302 -0.413989 -1
-0.411547 -0.404434 -1
-0.743716 -0.832792 1
-0.281541 -0.460639 -1
-0.449558 -0.988265 -1
-0.510621 -0.226173 -1
-0.096913 -0.619778 -1
-0.915347 -0.082604 1
-0.617302 -0.880769 -1
-0.831145 -0.707675 1
-0.704579 -0.413819 1
-0.181560 -0.281733 -1
-0.495595 -0.835777 -1
-0.768106 -0.202452 -1
-0.016229 -0.609525 -1
-0.683017 -0.286693 1
-0.780049 -0.709787 -1
-0.656694 -0.534445 -1
-0.021350 -0.863343 -1
-0.491745 -0.547046 -1
-0.658779 -0.910407 -1
-0.432565 -0.617690 -1
-0.189495 -0.075639 -1
-0.955591 -0.284705 -1
-0.702580 -0.549491 -1
-0.080490 -0.522573 1
-0.745675 -0.596361 -1
-0.618396 -0.869193 -1
-0.512060 -0.632990 1
-0.712025 -0.384557 -1
-0.946330 -0.820377 1
-0.209235 -0.129826 -1
-0.868220 -0.613656 -1
-0.765212 -0.787174 1
-0.587220 -0.958210 -1
-0.489043 -0.764331 -1
-0.036961 -0.220068 -1
-0.474612 -0.560484 1
-0.223122 -0.675810 1
-0.967213 -0.845557 1
-0.214584 -0.704099 -1
-0.317751 -0.474078 -1
-0.717218 -0.180506 -1
-0.713655 -0.114755 -1
-0.580336 -0.457493 -1
-0.087931 -0.114233 -1
-0.102680 -0.032710 -1
0.438462 0.759849 1
0.343222 0.468277 1
0.064480 0.169466 -1
0.075946 0.596269 -1
0.529610 0.433727 -1
0.192862 0.993051 -1
0.779300 0.691171 -1
0.018169 0.129953 1
0.417910 0.546193 1
0.842479 0.976434 -1
0.316613 0.102461 -1
0.780001 0.814544 -1
0.715019 0.433879 -1
0.671665 0.964189 -1
0.685563 0.684669 -1
0.878456 0.660317 -1
0.566178 0.849568 -1
0.836854 0.110225 -1
0.264477 0.909481 -1
0.480871 0.845649 -1
0.041603 0.486153 -1
0.489045 0.382667 -1
0.866886 0.555544 -1
0.882974 0.501193 -1
0.009485 0.258434 1
0.985297 0.839603 -1
0.615522 0.250905 -1
0.188730 0.067150 -1
0.793611 0.986176 1
0.836145 0.579984 -1
0.486166 0.441359 -1
0.296467 0.090025 -1
0.190686 0.204180 -1
0.149771 0.892852 1
0.216495 0.972557 -1
0.728022 0.555568 -1
0.394994 0.366631 -1
0.674984 0.597566 -1
0.945422 0.146560 -1
0.945933 0.489446 -1
0.750953 0.010463 -1
0.319020 0.940624 -1
0.290785 0.750071 -1
0.469294 0.502046 -1
0.709107 0.495001 -1
0.423282 0.670413 -1
0.364700 0.547147 -1
0.840071 0.112358 1
0.006639 0.111384 -1
0.854494 0.991493 -1
0.313287 0.905136 -1
0.842793 0.258106 1
0.305787 0.395989 -1
0.354870 0.425080 1
0.118363 0.701288 -1
0.053557 0.732395 -1
0.115892 0.072219 1
0.990087 0.610338 1
0.393916 0.651694 -1
0.287917 0.621199 -1
0.456002 0.328039 -1
0.069055 0.729477 1
0.993486 0.272744 -1
0.067936 0.561827 -1
0.863599 0.355867 -1
0.239094 0.234518 -1
0.839356 0.226318 1
0.675878 0.402957 -1
0.710029 0.777157 1
0.187077 0.753456 1
0.499529 0.954288 1
0.750145 0.217811 -1
0.505204 0.059074 -1
0.561732 0.223083 -1
0.275695 0.741481 1
0.471003 0.258278 1
0.190707 0.463495 -1
0.741235 0.127262 1
0.150979 0.608521 -1
0.878101 0.365967 -1
0.447534 0.674058 -1
0.540512 0.786354 -1
0.697900 0.860106 1
0.101394 0.831350 1
0.489254 0.598536 -1
0.131360 0.687375 -1
0.675587 0.421676 -1
0.518210 0.628362 1
0.847285 0.413183 1
0.273993 0.824139 -1
0.229721 0.404275 -1
0.940122 0.631652 -1
0.430314 0.431731 -1
0.868261 0.676904 -1
0.411759 0.926109 -1
0.951208 0.382603 -1
0.344391 0.752823 -1
0.477062 0.090703 -1
0.128790 0.331372 1
0.387912 0.519690 1
0.741237 0.701218 -1
0.371316 0.031664 1
0.745848 0.482756 -1
0.739750 0.030872 -1
0.753939 0.261492 -1
0.493952 0.450732 1
0.479047 0.224113 -1
0.062864 0.408213 -1
0.178240 0.018941 1
0.263395 0.087758 -1
0.642408 0.366249 -1
0.831909 0.273745 -1
0.004989 0.838990 -1
0.473481 0.228867 -1
0.570736 0.385346 -1
0.552082 0.932267 1
0.528266 0.356159 -1
0.708872 0.233730 1
0.359871 0.099865 -1
0.138450 0.534601 1
0.108570 0.280495 -1
0.359036 0.580545 -1
0.011349 0.932839 1
0.091913 0.529629 -1
0.849766 0.734787 -1
0.546647 0.028321 -1
0.626296 0.973268 1
0.061899 0.855386 1
0.801555 0.972946 -1
0.708657 0.212486 1
0.195658 0.403125 -1
0.899962 0.951736 1
0.652998 0.302769 1
0.240604 0.393301 -1
0.924903 0.972230 -1
0.342141 0.259701 -1
0.833203 0.744514 -1
0.698485 0.445058 -1
0.464143 0.332860 -1
0.490378 0.093223 1
0.257658 0.874040 -1
0.684017 0.795612 1
0.213601 0.246183 1
0.074574 0.334463 -1
0.111731 0.006980 -1
0.370450 0.257686 -1
0.405712 0.547624 1
0.587679 0.959231 -1
0.772030 0.069225 -1
0.842469 0.812594 -1
0.924668 0.194469 -1
0.800575 0.940780 -1
0.524672 0.954990 -1
0.646612 0.984621 -1
0.717323 0.015415 -1
0.143900 0.436785 1
0.742293 0.967016 -1
0.519701 0.175786 1
0.886363 0.164156 1
0.956852 0.795022 -1
0.695400 0.719172 -1
0.684436 0.935768 -1
0.333949 0.911043 -1
0.892186 0.803583 1
0.048127 0.138480 -1
0.366584 0.767856 -1
0.631869 0.909872 1
0.656858 0.918569 1
0.618932 0.139312 1
0.465291 0.750704 1
0.742630 0.376241 -1
0.853852 0.239611 -1
0.391607 0.621143 -1
0.546722 0.729924 -1
0.559618 0.118297 1
0.365546 0.018515 1
0.970766 0.546222 -1
0.973482 0.883984 -1
0.315673 0.592974 -1
0.324740 0.199947 -1
0.059452 0.886682 -1
0.084713 0.190402 -1
0.774041 0.991858 1
0.990548 0.474379 -1
0.669565 0.693406 -1
0.427092 0.067937 -1
0.693818 0.261041 -1
0.347055 0.425577 -1
0.727995 0.753341 1
0.959627 0.138788 -1
0.651804 0.380302 -1
0.773115 0.323490 1
0.323094 0.012884 -1
0.051822 0.188336 -1
0.926362 0.900271 -1
0.364348 0.171044 1
0.030273 0.686171 -1
0.115081 0.016351 -1
0.641422 0.317017 -1
0.491099 0.410041 -1
0.635389 0.548444 -1
0.193765 0.452356 -1
0.886882 0.028167 1
0.327628 0.597893 -1
0.741790 0.288174 1
0.452331 0.611078 -1
0.946613 0.535262 -1
0.830177 0.997810 -1
0.957612 0.367273 -1
0.357948 0.094501 -1
0.367297 0.415204 -1
0.638613 0.265889 -1
0.736120 0.032802 -1
0.220515 0.399455 -1
0.427341 0.711832 -1
0.032998 0.225479 1
0.951386 0.052623 1
0.858262 0.856046 -1
0.563836 0.609917 1
0.233177 0.554842 1
0.622497 0.858943 -1
0.582272 0.189242 1
0.275479 0.734640 1
0.671326 0.846132 1
0.726809 0.142098 -1
0.387914 0.537135 -1
0.689522 0.735408 -1
0.315596 0.577079 -1
0.473603 0.909388 -1
0.746374 0.611765 1
0.722138 0.096995 -1
0.203611 0.938242 -1
0.638155 0.207208 -1
0.038821 0.620142 1
0.386146 0.848583 1
0.275874 0.123874 -1
0.490295 0.871762 -1
0.524607 0.688240 -1
0.208430 0.705759 -1
0.682308 0.156152 -1
0.872743 0.694082 -1
0.291463 0.129836 -1
0.089252 0.336171 -1
0.176497 0.596889 -1
0.783377 0.384096 -1
0.510676 0.972204 -1
0.148361 0.549067 -1
0.112689 0.410283 -1
0.620319 0.539860 -1
0.286162 0.829170 -1
