-0.864612 0.531716 1
-0.795234 0.921231 1
-0.981295 0.982213 1
-0.608025 0.323096 1
-0.667687 0.722286 1
-0.459630 0.335207 1
-0.074177 0.365423 1
-0.842006 0.279031 1
-0.570320 0.727026 1
-0.130304 0.911242 -1
-0.907867 0.545980 -1
-0.361912 0.813137 -1
-0.759661 0.963092 1
-0.065544 0.969732 1
-0.128627 0.522120 1
-0.226477 0.755662 1
-0.452146 0.430969 1
-0.951123 0.469465 1
-0.684759 0.106375 1
-0.330111 0.710387 -1
-0.576895 0.809829 1
-0.746122 0.124696 1
-0.152907 0.099653 1
-0.612130 0.274500 1
-0.505145 0.892895 1
-0.713791 0.297505 -1
-0.117740 0.214881 1
-0.996028 0.958842 1
-0.419496 0.167099 1
-0.625997 0.304014 1
-0.622760 0.365194 -1
-0.298066 0.639924 1
-0.007102 0.226330 1
-0.547805 0.625135 1
-0.346576 0.231840 -1
-0.229312 0.419165 1
-0.077314 0.310057 1
-0.273410 0.567903 1
-0.113636 0.724683 1
-0.918679 0.571537 -1
-0.592093 0.794115 1
-0.046351 0.007737 1
-0.115849 0.543260 1
-0.528827 0.705469 1
-0.882663 0.334186 -1
-0.822336 0.647092 1
-0.257997 0.796551 1
-0.322453 0.439674 1
-0.394372 0.919198 -1
-0.224336 0.436845 1
-0.484848 0.024928 1
-0.432852 0.336646 -1
-0.124144 0.573984 1
-0.009884 0.005540 -1
-0.265217 0.176646 -1
-0.742440 0.164272 1
-0.323771 0.410924 1
-0.219390 0.600161 1
-0.895457 0.676184 1
-0.989943 0.341484 1
-0.913566 0.545240 1
-0.099154 0.289064 1
-0.834169 0.853806 1
-0.051349 0.235589 -1
-0.894210 0.759132 1
-0.696205 0.293288 1
-0.945207 0.751152 1
-0.930241 0.182473 1
-0.177353 0.853500 1
-0.208627 0.531711 1
-0.826258 0.943922 1
-0.198256 0.333318 -1
-0.223848 0.679358 1
-0.998749 0.691718 1
-0.670802 0.501384 -1
-0.276043 0.944528 -1
-0.754926 0.287426 -1
-0.431641 0.888954 -1
-0.017826 0.246765 1
-0.164207 0.395800 -1
-0.732364 0.774956 1
-0.350475 0.626887 1
-0.785953 0.963530 1
-0.446055 0.042043 1
-0.881492 0.683904 -1
-0.717954 0.111798 1
-0.090402 0.512674 -1
-0.926532 0.583344 -1
-0.360355 0.842988 1
-0.811612 0.173747 1
-0.364105 0.513943 1
-0.670387 0.248693 1
-0.365710 0.516497 -1
-0.556407 0.691068 1
-0.690340 0.911304 1
-0.022515 0.261474 1
-0.267849 0.877170 1
-0.919983 0.612009 1
-0.196812 0.097728 1
-0.929312 0.168513 -1
-0.296212 0.103110 1
-0.684496 0.867017 1
-0.192819 0.583705 -1
-0.462164 0.325933 1
-0.567476 0.290311 1
-0.848597 0.251827 -1
-0.595768 0.923427 1
-0.466895 0.233017 1
-0.768659 0.009289 1
-0.781904 0.265046 -1
-0.040854 0.251060 -1
-0.231712 0.517157 -1
-0.280666 0.674802 1
-0.408874 0.030936 1
-0.637944 0.720065 1
-0.585746 0.927652 1
-0.783765 0.467138 1
-0.732435 0.058010 1
-0.264022 0.603000 -1
-0.895966 0.105818 1
-0.181046 0.603546 -1
-0.508049 0.912430 1
-0.309095 0.270027 1
-0.597875 0.050037 1
-0.119574 0.274117 -1
-0.274858 0.626390 -1
-0.439606 0.726111 1
-0.955696 0.833216 1
-0.543636 0.288457 -1
-0.980366 0.642549 -1
-0.726742 0.985026 -1
-0.493400 0.218896 -1
-0.865294 0.819115 1
-0.843726 0.911158 -1
-0.670510 0.583200 1
-0.251426 0.274177 -1
-0.588017 0.467426 -1
-0.600687 0.724570 -1
-0.580555 0.261503 1
-0.574449 0.630809 1
-0.107786 0.682635 1
-0.835008 0.227441 -1
-0.779632 0.901064 1
-0.602628 0.455165 1
-0.251631 0.062063 1
-0.444546 0.857022 1
-0.583509 0.838476 1
-0.251078 0.598392 1
-0.317312 0.157773 -1
-0.042716 0.231388 1
-0.145185 0.577150 -1
-0.433667 0.250241 1
-0.730996 0.083369 -1
-0.355500 0.880956 -1
-0.287281 0.805389 1
-0.234514 0.723322 1
-0.979351 0.030916 1
-0.675117 0.276693 1
-0.068745 0.679234 1
-0.135900 0.573616 1
-0.291162 0.575981 1
-0.361643 0.773364 1
-0.003482 0.665561 -1
-0.379384 0.116981 1
-0.208877 0.354797 1
-0.208977 0.935487 1
-0.011979 0.901624 1
-0.277156 0.742151 1
-0.324033 0.192002 1
-0.773850 0.895844 1
-0.842641 0.594607 1
-0.480654 0.386683 1
-0.741113 0.179360 -1
-0.478165 0.772847 1
-0.138284 0.393092 1
-0.342275 0.982761 1
-0.805517 0.286131 1
-0.106076 0.021253 -1
-0.681398 0.420291 -1
-0.245540 0.499389 1
-0.959862 0.888089 1
-0.265791 0.630980 1
-0.262408 0.315555 1
-0.945913 0.815447 -1
-0.795521 0.695110 1
-0.467156 0.706170 1
-0.938936 0.124256 1
-0.049600 0.922059 -1
-0.278961 0.188987 1
-0.228518 0.171361 1
-0.006130 0.644447 1
-0.015433 0.754704 1
-0.585750 0.679687 -1
-0.340434 0.026901 1
-0.718893 0.004557 1
-0.239838 0.152511 -1
-0.654593 0.967492 1
-0.167029 0.941172 1
-0.935766 0.720429 1
-0.703696 0.955921 1
-0.504369 0.266827 1
-0.475146 0.750725 1
-0.582447 0.018611 -1
-0.433992 0.382249 1
-0.752867 0.071521 1
-0.392261 0.131515 1
-0.931240 0.872043 1
-0.436477 0.397531 1
-0.165864 0.808894 1
-0.068415 0.481946 1
-0.277615 0.165863 1
-0.672198 0.601706 1
-0.413797 0.940904 -1
-0.554040 0.781353 1
-0.210496 0.458399 1
-0.194480 0.075831 -1
-0.324712 0.530271 1
-0.318441 0.973632 1
-0.712284 0.717067 -1
-0.311695 0.591713 1
-0.872902 0.077334 1
-0.059428 0.729962 1
-0.764623 0.597854 1
-0.639284 0.924131 1
-0.533241 0.660490 1
-0.410036 0.941925 1
-0.489682 0.572255 1
-0.389831 0.764717 1
-0.806299 0.962077 1
-0.352743 0.868451 1
-0.383522 0.048181 -1
-0.415963 0.178344 1
-0.453544 0.952923 1
-0.158023 0.934167 -1
-0.726733 0.716247 1
-0.964611 0.634879 -1
-0.507445 0.810194 -1
-0.326259 0.692366 1
-0.216787 0.403596 1
-0.692434 0.236815 1
-0.230482 0.439843 -1
-0.034067 0.701187 -1
-0.041713 0.062611 1
-0.864155 0.693222 1
-0.452848 0.175683 1
-0.610184 0.515705 1
-0.944070 0.749415 -1
-0.911522 0.611966 1
-0.271393 0.312571 1
-0.280304 0.714893 1
0.546872 -0.614902 1
0.468641 -0.080874 -1
0.622259 -0.016371 1
0.410808 -0.125594 1
0.597760 -0.075321 1
0.314544 -0.306890 -1
0.382864 -0.822877 1
0.325848 -0.536450 -1
0.641716 -0.922891 -1
0.904794 -0.062173 1
0.825486 -0.034029 1
0.357723 -0.373887 1
0.365177 -0.510971 1
0.640906 -0.603481 1
0.935083 -0.737987 1
0.576885 -0.595151 1
0.057767 -0.863897 -1
0.434946 -0.121934 1
0.748158 -0.067009 1
0.285277 -0.919200 -1
0.198077 -0.743089 1
0.320318 -0.703930 1
0.546257 -0.537230 1
0.038929 -0.051245 -1
0.955905 -0.496858 1
0.245523 -0.007645 1
0.534282 -0.658185 -1
0.746235 -0.900306 1
0.742130 -0.588627 -1
0.787577 -0.731156 1
0.422955 -0.045434 1
0.296448 -0.259162 1
0.927822 -0.975964 1
0.864200 -0.344504 -1
0.707706 -0.066862 -1
0.788448 -0.684638 1
0.982750 -0.130495 1
0.169583 -0.744723 -1
0.307488 -0.453061 1
0.483960 -0.029460 1
0.863691 -0.827140 -1
0.042168 -0.911060 1
0.894219 -0.097725 1
0.507998 -0.589621 1
0.847669 -0.239711 1
0.800414 -0.726945 1
0.884063 -0.882372 1
0.588307 -0.180872 1
0.701299 -0.017141 1
0.366528 -0.361597 1
0.421559 -0.654580 1
0.027535 -0.079459 1
0.884321 -0.503245 1
0.129564 -0.547422 1
0.462328 -0.530312 1
0.699581 -0.083378 1
0.276559 -0.501942 -1
0.037811 -0.415726 1
0.177861 -0.353268 1
0.826074 -0.927431 -1
0.721551 -0.104925 -1
0.726811 -0.371271 1
0.794912 -0.489322 1
0.218222 -0.692999 1
0.759458 -0.923476 1
0.090203 -0.690783 1
0.958385 -0.281403 1
0.111427 -0.457208 1
0.979045 -0.369093 1
0.341187 -0.130755 -1
0.264311 -0.012407 1
0.562678 -0.176739 1
0.726961 -0.729790 1
0.433305 -0.561595 1
0.887300 -0.056875 1
0.381384 -0.533763 1
0.604870 -0.229126 1
0.761444 -0.447376 1
0.580044 -0.985800 1
0.737191 -0.793770 -1
0.540656 -0.645879 1
0.525007 -0.565730 1
0.716403 -0.824519 1
0.816606 -0.326437 -1
0.997604 -0.630227 1
0.993440 -0.519954 1
0.377951 -0.587123 1
0.493291 -0.129679 1
0.177749 -0.165750 -1
0.637086 -0.102310 1
0.333447 -0.580538 1
0.975124 -0.894406 1
0.359847 -0.150446 -1
0.217588 -0.370509 1
0.323227 -0.238575 1
0.739794 -0.572285 1
0.198201 -0.140522 1
0.757545 -0.426583 1
0.963706 -0.536593 -1
0.709039 -0.703338 -1
0.271051 -0.541676 1
0.275685 -0.350425 1
0.035703 -0.310490 -1
0.323365 -0.672451 -1
0.364999 -0.563182 -1
0.976288 -0.184408 1
0.761626 -0.784428 1
0.983285 -0.681282 -1
0.199878 -0.025912 1
0.013870 -0.175120 -1
0.566472 -0.857476 -1
0.736261 -0.948922 1
0.741547 -0.108702 1
0.671992 -0.076699 -1
0.779466 -0.180606 -1
0.847086 -0.935392 -1
0.772500 -0.691537 -1
0.641168 -0.480799 -1
0.679189 -0.641985 1
0.664311 -0.548010 1
0.806035 -0.844972 1
0.994814 -0.910219 1
0.343146 -0.465269 -1
0.755538 -0.952513 -1
0.047814 -0.632726 1
0.047768 -0.989290 1
0.862724 -0.893039 1
0.166735 -0.750885 -1
0.969423 -0.098762 -1
0.144909 -0.059691 -1
0.326752 -0.210078 1
0.015019 -0.592879 1
0.329305 -0.131805 -1
0.751360 -0.623970 1
0.467197 -0.778716 -1
0.146341 -0.346066 1
0.471858 -0.371754 1
0.921203 -0.027857 1
0.932062 -0.690690 -1
0.812336 -0.312717 1
0.603099 -0.285518 1
0.025371 -0.031450 -1
0.396009 -0.762073 1
0.357569 -0.420222 1
0.470829 -0.802004 1
0.526715 -0.979139 -1
0.813335 -0.277370 1
0.985779 -0.336378 1
0.487231 -0.727085 1
0.823711 -0.242084 1
0.183420 -0.630879 1
0.406231 -0.039776 -1
0.212184 -0.361083 1
0.694888 -0.811173 1
0.033699 -0.233608 -1
0.234833 -0.260361 -1
0.395997 -0.744286 1
0.994770 -0.083882 1
0.765456 -0.911968 1
0.014756 -0.856938 1
0.631103 -0.829009 1
0.400344 -0.150736 -1
0.911158 -0.860237 1
0.863833 -0.759733 1
0.033338 -0.541715 1
0.308085 -0.291963 -1
0.892619 -0.001824 1
0.705794 -0.496359 1
0.894495 -0.687100 -1
0.424791 -0.813760 1
0.379039 -0.797708 1
0.998198 -0.989685 -1
0.438328 -0.554432 1
0.210245 -0.332136 1
0.670753 -0.319600 -1
0.319627 -0.332171 -1
0.222785 -0.394335 1
0.347985 -0.389846 -1
0.542486 -0.305223 -1
0.712501 -0.019589 -1
0.858705 -0.414375 -1
0.237469 -0.373087 -1
0.567260 -0.044233 1
0.914612 -0.728085 -1
0.398645 -0.050890 1
0.064076 -0.692131 1
0.190228 -0.191045 1
0.202629 -0.770715 1
0.925562 -0.870191 1
0.669797 -0.013740 1
0.269252 -0.445034 -1
0.799290 -0.755045 1
0.979243 -0.907310 -1
0.180241 -0.135158 1
0.335213 -0.347028 1
0.483331 -0.996291 1
0.674679 -0.070148 -1
0.650343 -0.387244 1
0.976325 -0.409996 1
0.371596 -0.162119 1
0.608092 -0.725133 -1
0.812988 -0.292226 -1
0.606196 -0.082165 1
0.053630 -0.674860 1
0.227344 -0.048067 -1
0.850890 -0.774089 -1
0.326562 -0.500445 1
0.964217 -0.506707 -1
0.297181 -0.384185 1
0.324084 -0.144240 1
0.365069 -0.744970 1
0.410360 -0.165572 -1
0.650129 -0.771308 1
0.052414 -0.689797 1
0.549673 -0.348674 -1
0.583865 -0.577341 1
0.118058 -0.061530 -1
0.921821 -0.339755 -1
0.993533 -0.506631 1
0.669843 -0.605940 -1
0.696491 -0.655428 1
0.171067 -0.444340 1
0.729075 -0.681619 -1
0.042792 -0.056343 -1
0.034435 -0.138582 1
0.038152 -0.623337 1
0.811714 -0.191789 1
0.749757 -0.479686 1
0.161361 -0.357992 1
0.075181 -0.947812 1
0.552514 -0.812038 -1
0.951926 -0.820356 -1
0.276086 -0.456638 1
0.183543 -0.706135 -1
0.008163 -0.300059 1
0.415340 -0.119020 1
0.522292 -0.200056 1
0.064684 -0.511048 1
0.654827 -0.720720 1
0.550091 -0.634273 1
0.866185 -0.081612 1
0.468132 -0.335229 1
0.902614 -0.828670 1
0.032221 -0.121094 1
0.705086 -0.647270 1
0.330961 -0.932002 1
0.731007 -0.344152 1
0.290634 -0.103478 1
0.967792 -0.535539 1
0.129231 -0.076252 1
-0.442914 -0.667643 -1
-0.935992 -0.551699 -1
-0.137918 -0.264619 -1
-0.289118 -0.061565 -1
-0.517812 -0.826045 1
-0.588342 -0.714445 1
-0.767753 -0.570307 -1
-0.230694 -0.822400 -1
-0.557664 -0.796824 -1
-0.284393 -0.889178 -1
-0.698057 -0.254092 1
-0.072264 -0.200430 -1
-0.482188 -0.098488 -1
-0.431846 -0.143444 -1
-0.020071 -0.666374 1
-0.393086 -0.052260 -1
-0.432130 -0.580246 1
-0.691359 -0.739148 -1
-0.726400 -0.978425 -1
-0.572626 -0.836159 1
-0.831813 -0.707689 -1
-0.161814 -0.963888 1
-0.624632 -0.798366 -1
-0.802204 -0.016305 -1
-0.423079 -0.759787 -1
-0.296725 -0.817526 1
-0.700939 -0.596263 -1
-0.267903 -0.910728 -1
-0.022627 -0.161651 -1
-0.484868 -0.476199 -1
-0.083008 -0.947078 -1
-0.021884 -0.546011 -1
-0.259139 -0.294850 1
-0.234029 -0.100648 -1
-0.391415 -0.506260 -1
-0.778456 -0.181341 1
-0.207899 -0.697176 1
-0.091441 -0.782997 -1
-0.723904 -0.199441 1
-0.344572 -0.266593 -1
-0.313381 -0.850010 1
-0.472559 -0.255125 -1
-0.541790 -0.716172 -1
-0.630698 -0.536199 1
-0.502770 -0.314955 -1
-0.596794 -0.580466 -1
-0.561570 -0.168720 -1
-0.712316 -0.242573 -1
-0.926810 -0.771289 -1
-0.331163 -0.814192 -1
-0.589327 -0.082290 -1
-0.149544 -0.412481 1
-0.009875 -0.339233 -1
-0.446030 -0.572044 -1
-0.837214 -0.253912 1
-0.166334 -0.575497 -1
-0.237120 -0.192850 1
-0.223558 -0.905224 -1
-0.303512 -0.461574 -1
-0.245680 -0.122410 -1
-0.578304 -0.930962 1
-0.448389 -0.190528 1
-0.145124 -0.509395 -1
-0.771445 -0.876191 1
-0.107170 -0.707065 1
-0.347942 -0.305193 -1
-0.074452 -0.719786 1
-0.774304 -0.989885 -1
-0.161088 -0.069975 -1
-0.370195 -0.964657 1
-0.733962 -0.262055 1
-0.957922 -0.935043 -1
-0.988839 -0.651205 -1
-0.247250 -0.336153 -1
-0.905508 -0.664702 -1
-0.352336 -0.326682 -1
-0.787193 -0.202010 -1
-0.717207 -0.250083 1
-0.342676 -0.953191 1
-0.028429 -0.372204 -1
-0.082670 -0.728499 -1
-0.484782 -0.397703 -1
-0.373074 -0.409047 1
-0.732061 -0.469030 -1
-0.794574 -0.375093 -1
-0.649743 -0.232356 -1
-0.948478 -0.844246 -1
-0.564508 -0.857473 -1
-0.656508 -0.376103 1
-0.818005 -0.796029 -1
-0.754704 -0.362045 -1
-0.206474 -0.191135 -1
-0.202242 -0.378168 -1
-0.854933 -0.650059 -1
-0.043676 -0.749358 1
-0.746321 -0.377013 1
-0.433504 -0.624314 -1
-0.715168 -0.345069 -1
-0.477787 -0.889810 -1
-0.406361 -0.919381 -1
-0.975694 -0.509071 -1
-0.628615 -0.391084 -1
-0.631614 -0.371632 -1
-0.487799 -0.593736 -1
-0.048188 -0.991896 -1
-0.142118 -0.367322 -1
-0.861293 -0.946135 1
-0.346245 -0.764466 -1
-0.441818 -0.214777 1
-0.608135 -0.085291 -1
-0.237869 -0.127230 -1
-0.816612 -0.578765 -1
-0.049926 -0.831543 -1
-0.656991 -0.146597 -1
-0.462879 -0.537837 -1
-0.826607 -0.938676 -1
-0.257206 -0.448377 -1
-0.432248 -0.857012 -1
-0.807724 -0.328854 -1
-0.862070 -0.218536 1
-0.390290 -0.395042 1
-0.615197 -0.584888 -1
-0.963391 -0.704645 -1
-0.553489 -0.895950 1
-0.762315 -0.379698 -1
-0.232152 -0.122800 -1
-0.525676 -0.711589 -1
-0.363701 -0.585353 1
-0.167555 -0.121545 -1
-0.420353 -0.373311 -1
-0.905531 -0.492041 1
-0.847575 -0.443805 -1
-0.237510 -0.871497 -1
-0.374751 -0.610702 1
-0.682752 -0.924882 -1
-0.830310 -0.225622 -1
-0.346561 -0.106554 -1
-0.696915 -0.804349 1
-0.179222 -0.519905 -1
-0.885415 -0.671621 1
-0.144710 -0.885766 -1
-0.219115 -0.823382 1
-0.146041 -0.482661 1
-0.318078 -0.537702 -1
-0.201335 -0.547026 -1
-0.996294 -0.473460 -1
-0.521385 -0.187525 -1
-0.677339 -0.834004 -1
-0.733636 -0.228730 -1
-0.001331 -0.094704 -1
-0.028196 -0.006110 -1
-0.413838 -0.493420 -1
-0.333704 -0.005021 1
-0.634845 -0.267674 1
-0.750537 -0.355800 1
-0.769747 -0.969961 -1
-0.288395 -0.507023 1
-0.780076 -0.048579 -1
-0.697631 -0.145875 -1
-0.750283 -0.932825 -1
-0.269220 -0.703870 -1
-0.212779 -0.097852 1
-0.723848 -0.275762 -1
-0.654302 -0.481140 -1
-0.914914 -0.993822 -1
-0.916317 -0.192755 -1
-0.312366 -0.677727 1
-0.243648 -0.615597 1
-0.280386 -0.894336 -1
-0.941418 -0.646309 -1
-0.695097 -0.821813 1
-0.133156 -0.478029 1
-0.685064 -0.100400 -1
-0.815176 -0.878449 -1
-0.872420 -0.261219 -1
-0.536667 -0.284353 -1
-0.307468 -0.927243 -1
-0.140262 -0.545004 -1
-0.810887 -0.539079 -1
-0.041838 -0.473660 -1
-0.019833 -0.541366 -1
-0.108365 -0.952443 -1
-0.620462 -0.684776 1
-0.001640 -0.454276 -1
-0.052986 -0.418279 1
-0.912763 -0.932417 -1
-0.712705 -0.096055 1
-0.933524 -0.136273 -1
-0.187749 -0.004617 -1
-0.615125 -0.041199 1
-0.069587 -0.434373 -1
-0.485342 -0.062517 1
-0.805112 -0.796698 1
-0.886978 -0.068454 -1
-0.586368 -0.300809 -1
-0.966805 -0.948594 -1
-0.119841 -0.052366 -1
-0.469246 -0.643924 -1
-0.108488 -0.950333 -1
-0.220076 -0.469045 -1
-0.655158 -0.329098 -1
-0.878812 -0.196205 1
-0.890524 -0.505054 -1
-0.199178 -0.768969 -1
-0.021252 -0.790858 1
-0.993004 -0.510144 -1
-0.362789 -0.063480 -1
-0.089392 -0.196583 -1
-0.819646 -0.017362 1
-0.397809 -0.442237 1
-0.350635 -0.813760 -1
-0.323652 -0.122718 -1
-0.789187 -0.581282 -1
-0.730206 -0.751212 -1
-0.725005 -0.128962 -1
-0.529728 -0.134510 -1
-0.066502 -0.523621 1
-0.472536 -0.359414 1
-0.324406 -0.072626 -1
-0.620296 -0.761367 1
-0.476716 -0.090488 -1
-0.891707 -0.054539 -1
-0.288802 -0.587863 1
-0.789803 -0.377224 -1
-0.638817 -0.491374 1
-0.413332 -0.400200 1
-0.644088 -0.524131 -1
-0.197452 -0.481612 -1
-0.100727 -0.701970 -1
-0.005442 -0.024824 -1
-0.712502 -0.426729 1
-0.183303 -0.178265 -1
-0.320755 -0.846341 -1
-0.542948 -0.743734 -1
-0.406542 -0.514929 1
-0.582681 -0.710980 1
-0.369982 -0.499396 1
-0.718762 -0.300849 -1
-0.374632 -0.783305 -1
-0.722907 -0.960386 1
-0.312481 -0.440941 1
-0.011637 -0.857482 1
-0.128229 -0.927958 -1
-0.553297 -0.780854 1
-0.740146 -0.564306 -1
-0.485167 -0.994231 1
-0.446205 -0.016546 1
-0.182175 -0.111914 1
-0.791650 -0.263445 -1
-0.843957 -0.213429 1
0.708110 0.455127 -1
0.018773 0.217791 -1
0.909580 0.015019 -1
0.255893 0.523561 1
0.736398 0.741267 -1
0.631968 0.715085 1
0.093726 0.224802 -1
0.072157 0.422032 1
0.664276 0.613697 -1
0.286507 0.849395 -1
0.007685 0.124682 1
0.342363 0.285139 -1
0.925803 0.716473 -1
0.638044 0.439154 -1
0.358734 0.191551 -1
0.171663 0.684484 -1
0.433964 0.596829 1
0.232764 0.627828 1
0.777760 0.799434 -1
0.934282 0.085667 -1
0.541702 0.131341 1
0.818282 0.226995 -1
0.684992 0.525878 -1
0.297004 0.600509 1
0.660042 0.323699 -1
0.119307 0.990314 1
0.955216 0.396573 1
0.990012 0.924586 -1
0.954268 0.419779 -1
0.437455 0.471350 -1
0.566280 0.707347 -1
0.755753 0.734241 -1
0.463260 0.378300 -1
0.700152 0.246599 -1
0.099000 0.862167 -1
0.503660 0.988300 -1
0.417934 0.800875 -1
0.677562 0.390709 1
0.908655 0.454157 1
0.406665 0.954921 -1
0.171469 0.375008 -1
0.466133 0.328284 -1
0.543086 0.206025 -1
0.656738 0.915950 -1
0.337086 0.850219 -1
0.530413 0.394436 -1
0.202958 0.213245 -1
0.258149 0.893261 1
0.924640 0.706203 -1
0.022490 0.675778 1
0.484989 0.820723 1
0.531779 0.530520 -1
0.383851 0.899836 -1
0.374316 0.830608 -1
0.836562 0.529406 1
0.229744 0.627575 1
0.841056 0.115585 -1
0.366086 0.709985 -1
0.526218 0.231211 -1
0.200098 0.394164 1
0.029945 0.120048 -1
0.898000 0.202339 1
0.090496 0.848972 -1
0.987701 0.924862 1
0.883788 0.743371 -1
0.297547 0.370819 -1
0.731925 0.143738 1
0.864296 0.160398 -1
0.993346 0.420626 -1
0.485666 0.503874 -1
0.411839 0.838373 1
0.789238 0.620639 1
0.607142 0.288787 1
0.036739 0.492360 1
0.915833 0.533281 -1
0.373486 0.914790 1
0.248101 0.643439 1
0.962199 0.591307 -1
0.917526 0.836837 -1
0.953375 0.607586 -1
0.828036 0.658762 -1
0.256945 0.521540 1
0.874409 0.866341 1
0.746444 0.283652 1
0.624335 0.240963 -1
0.084761 0.085675 -1
0.751023 0.384685 -1
0.707310 0.965907 1
0.255381 0.196081 -1
0.128577 0.346889 1
0.020110 0.057274 -1
0.048561 0.033107 -1
0.461026 0.508977 -1
0.433816 0.439309 -1
0.466814 0.038324 -1
0.387199 0.849110 -1
0.783331 0.046661 -1
0.343630 0.913164 -1
0.441226 0.548368 -1
0.572523 0.268679 -1
0.525603 0.136925 1
0.646818 0.202495 1
0.971985 0.647212 1
0.404433 0.492811 -1
0.390551 0.955779 -1
0.187913 0.904527 -1
0.602177 0.648957 -1
0.753028 0.617978 -1
0.735359 0.107305 -1
0.720757 0.508554 1
0.875625 0.603418 1
0.021640 0.227114 -1
0.800135 0.544110 -1
0.601176 0.078317 -1
0.748076 0.561645 1
0.183109 0.599782 -1
0.650658 0.540285 -1
0.092212 0.531181 1
0.388171 0.624704 -1
0.686726 0.233266 1
0.038580 0.158316 -1
0.936682 0.295586 -1
0.931611 0.539272 -1
0.484295 0.224250 -1
0.645134 0.103374 1
0.362447 0.005538 -1
0.398686 0.631924 -1
0.443536 0.407736 1
0.960747 0.913115 1
0.154693 0.377822 1
0.515365 0.677389 1
0.710734 0.065451 -1
0.200768 0.773710 1
0.061423 0.952593 -1
0.562318 0.325043 -1
0.925377 0.184494 -1
0.856487 0.927605 -1
0.067510 0.475975 -1
0.125296 0.383308 -1
0.094448 0.428871 -1
0.022761 0.017588 -1
0.162616 0.614955 -1
0.926037 0.716569 -1
0.654736 0.514222 -1
0.836086 0.945376 1
0.397034 0.465795 -1
0.601043 0.048512 -1
0.001689 0.755584 -1
0.545224 0.560116 -1
0.223104 0.436432 1
0.936268 0.874133 -1
0.111698 0.965006 -1
0.839609 0.751685 -1
0.435615 0.968727 -1
0.714072 0.916967 1
0.995507 0.852091 -1
0.603578 0.886914 -1
0.305138 0.964638 -1
0.918332 0.529013 -1
0.006178 0.658459 1
0.984434 0.370303 -1
0.126526 0.382948 1
0.905560 0.255253 -1
0.496152 0.527949 -1
0.327702 0.491096 -1
0.064778 0.058185 -1
0.638112 0.443252 -1
0.406904 0.602188 1
0.983967 0.018671 1
0.404757 0.033548 -1
0.509855 0.780163 -1
0.406119 0.317161 1
0.278440 0.901653 -1
0.054680 0.194957 1
0.801002 0.205404 -1
0.872751 0.091231 -1
0.984769 0.874017 -1
0.246371 0.868386 -1
0.927913 0.299222 -1
0.207645 0.565868 1
0.544580 0.065436 1
0.480054 0.606262 -1
0.980523 0.252182 1
0.054794 0.000580 -1
0.826513 0.899469 -1
0.981155 0.014148 1
0.424298 0.163994 -1
0.748873 0.341083 1
0.897534 0.695801 -1
0.646294 0.602438 1
0.199182 0.037854 -1
0.603387 0.105611 -1
0.340696 0.193021 -1
0.335203 0.168738 1
0.998055 0.357319 -1
0.912304 0.656515 -1
0.987219 0.909910 1
0.688136 0.028167 1
0.848724 0.184160 -1
0.335619 0.165334 1
0.488302 0.584378 -1
0.914906 0.508935 -1
0.878428 0.583406 -1
0.360845 0.083486 1
0.471754 0.612174 -1
0.885480 0.002263 1
0.046011 0.369885 1
0.383705 0.772050 1
0.072525 0.840382 -1
0.359060 0.225702 -1
0.813164 0.742765 1
0.040597 0.113812 -1
0.803906 0.231819 -1
0.357622 0.055613 -1
0.564386 0.635826 -1
0.289569 0.445324 1
0.647135 0.652746 -1
0.211280 0.601333 -1
0.322514 0.099517 -1
0.727774 0.745139 1
0.242539 0.044814 -1
0.133066 0.973091 1
0.777722 0.924175 -1
0.463768 0.063643 -1
0.302451 0.637512 -1
0.106485 0.604115 -1
0.269198 0.950080 1
0.247767 0.016979 -1
0.179470 0.993942 -1
0.843691 0.403017 -1
0.367916 0.150989 -1
0.479123 0.221675 1
0.200631 0.154947 -1
0.647824 0.538970 -1
0.822805 0.430686 1
0.709205 0.268567 -1
0.538944 0.753821 1
0.313298 0.599314 -1
0.015490 0.371320 -1
0.171767 0.479157 1
0.223819 0.367496 -1
0.890556 0.529923 -1
0.679689 0.731010 -1
0.843305 0.254622 -1
0.204025 0.277331 -1
0.008207 0.677175 -1
0.659474 0.403187 -1
0.684819 0.681409 -1
0.459377 0.303049 -1
0.633198 0.106307 -1
