-0.790535 0.778229 1
-0.382274 0.638976 1
-0.361959 0.244097 1
-0.920156 0.253638 -1
-0.224839 0.689678 -1
-0.482952 0.851623 -1
-0.002355 0.836128 1
-0.920897 0.234505 -1
-0.346418 0.460766 -1
-0.480042 0.673507 1
-0.960139 0.306597 1
-0.767966 0.318430 -1
-0.883802 0.148930 1
-0.213959 0.043337 -1
-0.236154 0.989740 1
-0.002987 0.429399 1
-0.123900 0.769892 -1
-0.212750 0.769012 1
-0.903245 0.085389 -1
-0.773340 0.380965 -1
-0.001268 0.362729 1
-0.305937 0.350467 1
-0.126067 0.309297 -1
-0.755777 0.450637 -1
-0.239837 0.407290 -1
0.182414 -0.989900 1
0.913242 -0.194094 1
0.889224 -0.840420 -1
0.117380 -0.210418 1
0.762551 -0.084421 -1
0.990592 -0.900510 -1
0.600397 -0.621455 1
0.208034 -0.341631 1
0.684964 -0.620245 1
0.982974 -0.926025 1
0.019603 -0.445756 1
0.393897 -0.903370 1
0.720094 -0.930296 -1
0.391162 -0.653415 -1
0.902016 -0.657670 -1
0.727255 -0.225066 -1
0.125276 -0.443108 -1
0.827484 -0.128827 1
0.319197 -0.627762 1
0.461188 -0.760974 1
0.315887 -0.423338 1
0.031562 -0.359149 -1
0.300877 -0.233737 1
0.406720 -0.811838 1
0.153763 -0.390200 -1
-0.485221 -0.451298 -1
-0.745568 -0.825143 -1
-0.863927 -0.139450 -1
-0.514568 -0.839669 -1
-0.287926 -0.031201 -1
-0.525265 -0.945565 -1
-0.015430 -0.031910 -1
-0.311940 -0.419366 -1
-0.845144 -0.741203 1
-0.611760 -0.370218 -1
-0.127866 -0.294712 -1
-0.433535 -0.655735 1
-0.907986 -0.934017 -1
-0.326690 -0.491323 -1
-0.198949 -0.973860 -1
-0.402846 -0.807233 1
-0.654864 -0.072824 -1
-0.532620 -0.879387 -1
-0.363731 -0.891413 -1
-0.129435 -0.282294 -1
-0.030401 -0.052918 -1
-0.878727 -0.663348 1
-0.702703 -0.974685 1
-0.823904 -0.909811 1
-0.587536 -0.873082 1
0.864367 0.689581 -1
0.495236 0.660877 1
0.017307 0.356343 -1
0.550836 0.703202 -1
0.575739 0.149144 -1
0.870765 0.023795 -1
0.534671 0.534391 1
0.493257 0.090528 -1
0.927226 0.794141 1
0.600978 0.603046 1
0.728601 0.995098 -1
0.798556 0.231058 -1
0.507187 0.057038 -1
0.537374 0.647713 -1
0.656913 0.716660 1
0.660567 0.465540 -1
0.271019 0.773319 1
0.686282 0.554798 -1
0.573233 0.520470 -1
0.097495 0.470976 1
0.902252 0.339182 1
0.041185 0.055015 1
0.431420 0.515677 1
0.335969 0.403727 -1
0.074312 0.887528 -1
