-0.112550 0.564415 1
-0.724607 0.159706 1
-0.834671 0.288588 1
-0.697234 0.818650 1
-0.119082 0.152061 1
-0.356304 0.863979 1
-0.300932 0.744181 1
-0.459507 0.468425 1
-0.785647 0.630957 1
-0.308771 0.759978 -1
-0.495414 0.042897 1
-0.737763 0.597040 1
-0.875754 0.797751 1
-0.141903 0.130578 1
-0.503392 0.034130 1
-0.581454 0.742838 -1
-0.579572 0.420660 1
-0.428353 0.664246 1
-0.736020 0.802210 1
-0.350141 0.000344 1
-0.336323 0.303806 1
-0.984117 0.772491 -1
-0.043773 0.133319 -1
-0.600684 0.675774 1
-0.665613 0.428053 1
0.014504 -0.486402 -1
0.415398 -0.659565 1
0.190330 -0.878395 1
0.717454 -0.593924 1
0.007769 -0.584528 1
0.061693 -0.750065 1
0.291124 -0.551509 1
0.538181 -0.201052 1
0.785535 -0.079873 1
0.840479 -0.294108 -1
0.796850 -0.054578 1
0.962620 -0.410828 1
0.857249 -0.256798 -1
0.532251 -0.241587 1
0.543969 -0.928132 1
0.947213 -0.939657 -1
0.407114 -0.553080 1
0.319198 -0.385945 1
0.841036 -0.032417 1
0.892490 -0.054222 1
0.297374 -0.695863 1
0.750233 -0.718872 1
0.289551 -0.084270 1
0.438877 -0.894292 1
0.219033 -0.396686 1
-0.813074 -0.992855 -1
-0.919369 -0.742586 -1
-0.241025 -0.384419 -1
-0.845651 -0.934682 -1
-0.774895 -0.103415 -1
-0.274729 -0.241955 1
-0.155097 -0.261937 -1
-0.994049 -0.209763 -1
-0.267919 -0.521638 -1
-0.240253 -0.790642 -1
-0.125721 -0.103628 1
-0.242384 -0.471405 -1
-0.781737 -0.619071 -1
-0.025449 -0.363738 -1
-0.187711 -0.510686 -1
-0.219174 -0.110234 -1
-0.000869 -0.011869 -1
-0.943172 -0.089430 -1
-0.083326 -0.698006 -1
-0.435403 -0.468225 -1
-0.974781 -0.516932 -1
-0.444874 -0.901583 -1
-0.178512 -0.914622 -1
-0.551573 -0.388517 -1
-0.562156 -0.775370 -1
0.438654 0.637833 -1
0.740020 0.070529 -1
0.512899 0.572920 1
0.328959 0.081823 -1
0.860715 0.427059 1
0.904707 0.782251 1
0.698579 0.906066 -1
0.795102 0.868751 -1
0.093947 0.883262 1
0.770785 0.602599 -1
0.500260 0.041236 -1
0.595934 0.314568 1
0.658170 0.957564 -1
0.078913 0.755062 1
0.083159 0.307757 -1
0.409163 0.275762 -1
0.024302 0.449851 -1
0.645159 0.103522 1
0.862102 0.203334 1
0.411249 0.657345 -1
0.904996 0.043792 -1
0.773788 0.708100 -1
0.183099 0.714130 1
0.760797 0.398910 -1
0.453329 0.524671 1
