-0.933632 0.070179 1
-0.616272 0.645228 1
-0.112168 0.133258 1
-0.270397 0.450228 1
-0.663688 0.031207 1
-0.898280 0.028123 1
-0.989660 0.257301 1
-0.140004 0.075225 1
-0.597862 0.491231 1
-0.554447 0.232464 1
-0.113614 0.183366 1
-0.417006 0.866581 1
-0.485359 0.219280 1
-0.053882 0.953726 1
-0.300935 0.565975 1
-0.752662 0.639755 1
-0.354759 0.165448 1
-0.386933 0.932554 1
-0.769887 0.320374 1
-0.065291 0.170755 1
-0.033705 0.505792 1
-0.576462 0.665113 1
-0.246499 0.169577 1
-0.984691 0.265332 1
-0.980713 0.208790 1
-0.065811 0.357239 1
-0.411728 0.777496 1
-0.329897 0.645849 1
-0.829088 0.025198 -1
-0.501161 0.482022 1
-0.197088 0.621317 1
-0.378669 0.796659 1
-0.464955 0.711470 1
-0.689718 0.659815 1
-0.954867 0.364067 -1
-0.693239 0.771072 1
-0.960747 0.595640 1
-0.019170 0.067694 1
-0.748180 0.896642 1
-0.518354 0.889499 1
-0.641936 0.881265 1
-0.309802 0.738233 1
-0.222031 0.111756 1
-0.950925 0.264180 1
-0.948855 0.625179 1
-0.188041 0.649171 1
-0.524737 0.603523 1
-0.640461 0.366282 -1
-0.160398 0.118113 1
-0.845865 0.469969 1
-0.984293 0.136306 1
-0.221080 0.129041 1
-0.965690 0.797115 1
-0.293714 0.068539 1
-0.255114 0.043335 1
-0.573671 0.577745 1
-0.762579 0.262337 1
-0.524033 0.151200 1
-0.642829 0.629762 1
-0.947358 0.410579 1
-0.843902 0.956950 1
-0.093200 0.230589 1
-0.039194 0.100912 1
-0.146367 0.307098 1
-0.906409 0.272710 1
-0.312612 0.100070 1
-0.455781 0.218705 1
-0.783346 0.324561 1
-0.477537 0.186434 1
-0.856924 0.087016 1
-0.583650 0.967183 -1
-0.243723 0.500277 1
-0.039907 0.263152 -1
-0.648441 0.152698 1
-0.140075 0.148715 1
-0.220090 0.810808 -1
-0.787109 0.984746 1
-0.364143 0.959911 1
-0.948651 0.805135 1
-0.081098 0.692100 1
-0.027272 0.874559 1
-0.352302 0.952225 -1
-0.785108 0.656096 1
-0.650873 0.387718 1
-0.851884 0.691027 1
-0.339684 0.362046 1
-0.380410 0.872267 1
-0.553378 0.766779 1
-0.740452 0.966948 1
-0.178257 0.124612 1
-0.773032 0.205934 1
-0.884334 0.333709 1
-0.603067 0.372071 1
-0.316338 0.134103 -1
-0.349834 0.086062 1
-0.365149 0.575753 1
-0.607762 0.171397 1
-0.443305 0.811603 1
-0.736292 0.455268 1
-0.989814 0.369651 1
-0.973560 0.920807 1
-0.174139 0.096581 1
-0.551218 0.410160 1
-0.606791 0.647429 -1
-0.223239 0.887288 1
-0.781112 0.030312 1
-0.788378 0.814483 1
-0.654157 0.248614 1
-0.003814 0.608012 1
-0.600758 0.593969 1
-0.677102 0.780096 1
-0.389237 0.567050 1
-0.180413 0.403650 1
-0.598825 0.526067 1
-0.921060 0.250101 1
-0.055796 0.148800 1
-0.463254 0.270721 -1
-0.771913 0.353219 1
-0.142566 0.447337 1
-0.301176 0.480175 1
-0.315908 0.413529 -1
-0.004833 0.431965 1
-0.910879 0.695715 1
-0.806407 0.452624 1
-0.288263 0.246038 1
-0.831851 0.765813 1
-0.843704 0.657759 1
-0.049490 0.588422 -1
-0.388898 0.285554 1
-0.869043 0.178090 1
-0.239050 0.986240 1
-0.896889 0.748707 1
-0.071423 0.054613 1
-0.857136 0.641518 1
-0.524800 0.592941 1
-0.279021 0.068349 1
-0.370540 0.245031 1
-0.692564 0.355876 1
-0.165334 0.267720 1
-0.721751 0.201607 1
-0.482529 0.578177 1
-0.772636 0.726839 1
-0.133614 0.415953 1
-0.346251 0.403826 1
-0.506133 0.696553 1
-0.136916 0.806467 1
-0.504970 0.476783 -1
-0.449968 0.073022 1
-0.779230 0.960621 1
-0.413424 0.151226 1
-0.388557 0.604793 -1
-0.997949 0.745373 1
-0.202172 0.969993 1
-0.085270 0.215064 -1
-0.092963 0.687042 1
-0.451727 0.773797 1
-0.952325 0.113931 1
-0.819081 0.188120 1
-0.627305 0.845011 1
-0.417965 0.353219 1
-0.365960 0.781501 1
-0.075139 0.048807 1
-0.527177 0.199763 1
-0.364901 0.262230 1
-0.576001 0.727162 1
-0.868633 0.959514 -1
-0.728841 0.938326 1
-0.899702 0.047004 1
-0.447820 0.878073 -1
-0.416551 0.388789 1
-0.628124 0.500386 1
-0.016659 0.399116 1
-0.818927 0.287570 1
-0.660440 0.590406 1
-0.303404 0.363387 1
-0.549605 0.435771 1
-0.956392 0.474701 1
-0.342312 0.625108 1
-0.360910 0.838272 1
-0.326269 0.927893 1
-0.130853 0.887383 1
-0.656340 0.224436 1
-0.220273 0.597641 1
-0.089066 0.850309 1
-0.153711 0.900005 1
-0.659158 0.527699 1
-0.872953 0.001179 1
-0.090901 0.723050 1
-0.045757 0.197965 1
-0.864986 0.587911 -1
-0.937804 0.874075 1
-0.718755 0.649734 1
-0.470678 0.779516 1
-0.634361 0.859046 1
-0.535830 0.051102 1
-0.410461 0.310813 1
-0.300076 0.737987 1
-0.533178 0.217848 -1
-0.486952 0.505107 1
-0.319635 0.409989 1
-0.691909 0.269518 1
-0.131832 0.483256 1
-0.508871 0.049739 1
-0.270561 0.491981 1
-0.743345 0.466269 1
-0.095389 0.065830 1
-0.547048 0.376867 1
-0.112060 0.217179 1
-0.258186 0.898497 1
-0.858669 0.575545 1
-0.724097 0.375837 1
-0.467050 0.788025 1
-0.064895 0.886382 1
-0.876339 0.597893 1
-0.239384 0.383258 -1
-0.977612 0.655875 1
-0.531226 0.873127 1
-0.423515 0.540735 1
-0.889969 0.546094 1
-0.428995 0.613528 1
-0.538708 0.632407 1
-0.392842 0.661518 1
-0.653988 0.687626 1
-0.644708 0.702788 1
-0.935171 0.410891 1
-0.400692 0.836734 -1
-0.554486 0.738023 1
-0.404710 0.505373 -1
-0.245192 0.495036 1
-0.136042 0.422310 1
-0.804248 0.585842 1
-0.067910 0.625532 1
-0.706952 0.178789 1
-0.129198 0.999650 1
-0.039790 0.253042 1
-0.825623 0.529379 -1
-0.626703 0.198233 1
-0.436758 0.311260 1
-0.423736 0.432015 1
-0.462736 0.593055 1
-0.290460 0.062022 1
-0.377727 0.576872 1
-0.160207 0.811116 1
-0.751745 0.625260 1
-0.444709 0.108458 1
-0.657085 0.076319 1
-0.484583 0.113747 1
-0.476536 0.060302 1
-0.848676 0.682780 1
-0.152408 0.468892 1
0.787008 -0.342315 1
0.023365 -0.340470 1
0.034419 -0.767236 1
0.236129 -0.212457 -1
0.642448 -0.578158 -1
0.766586 -0.759831 1
0.003613 -0.619212 1
0.081190 -0.386895 -1
0.966271 -0.708699 1
0.871432 -0.367840 1
0.944386 -0.213834 1
0.092029 -0.373106 1
0.235751 -0.012544 1
0.684058 -0.592820 1
0.817264 -0.257695 1
0.513649 -0.366918 1
0.193858 -0.122184 1
0.520480 -0.471581 1
0.828343 -0.428436 1
0.547385 -0.402591 1
0.713580 -0.691544 1
0.240408 -0.762307 1
0.885723 -0.440838 -1
0.618433 -0.909586 1
0.887017 -0.945094 -1
0.580162 -0.661246 1
0.742823 -0.119924 1
0.344475 -0.984021 1
0.708702 -0.349465 -1
0.320600 -0.580316 1
0.528393 -0.628516 -1
0.535468 -0.061522 1
0.314392 -0.432169 1
0.781549 -0.068774 1
0.070522 -0.202539 1
0.648676 -0.468917 1
0.857997 -0.313951 1
0.277617 -0.926900 -1
0.002971 -0.278189 1
0.415769 -0.649433 -1
0.004512 -0.873679 1
0.616510 -0.539171 1
0.420072 -0.919532 1
0.456405 -0.737174 1
0.863605 -0.301708 1
0.561813 -0.477505 1
0.316238 -0.382704 1
0.503117 -0.907721 1
0.929010 -0.290708 1
0.204136 -0.259058 1
0.546575 -0.218480 1
0.482458 -0.729709 1
0.980150 -0.044168 1
0.704219 -0.138914 -1
0.006725 -0.997707 1
0.532181 -0.166071 1
0.316190 -0.448892 1
0.844461 -0.020837 1
0.054332 -0.640083 1
0.366215 -0.035253 1
0.498067 -0.434183 1
0.263994 -0.647207 1
0.346797 -0.286601 1
0.312644 -0.938053 1
0.726029 -0.664700 1
0.963549 -0.382658 1
0.654737 -0.083987 1
0.548235 -0.787121 -1
0.962432 -0.852873 1
0.611320 -0.312306 1
0.539618 -0.561561 1
0.803281 -0.059747 1
0.771623 -0.670063 1
0.376133 -0.042550 1
0.907869 -0.518063 1
0.171922 -0.373320 1
0.798502 -0.237496 1
0.844560 -0.479127 1
0.846446 -0.395389 1
0.969630 -0.305968 1
0.629999 -0.638271 1
0.978008 -0.714770 1
0.229552 -0.261390 1
0.890481 -0.717378 1
0.649607 -0.452288 1
0.539455 -0.505113 1
0.562804 -0.957181 1
0.263289 -0.707583 1
0.169848 -0.048105 -1
0.233615 -0.049738 1
0.326090 -0.502668 1
0.647933 -0.152220 1
0.698960 -0.746223 1
0.406738 -0.598644 1
0.574335 -0.982106 -1
0.026728 -0.094255 1
0.842896 -0.245480 1
0.902048 -0.929041 1
0.796315 -0.230692 1
0.995125 -0.697629 1
0.234244 -0.760228 1
0.455486 -0.678063 1
0.124775 -0.847392 -1
0.855741 -0.651816 1
0.468899 -0.601586 1
0.439092 -0.511399 1
0.391871 -0.554550 1
0.594256 -0.595347 1
0.767223 -0.306303 1
0.020436 -0.938091 1
0.796560 -0.749837 -1
0.752438 -0.778430 1
0.911489 -0.181569 1
0.321630 -0.210930 1
0.447019 -0.516061 1
0.938607 -0.881187 1
0.022873 -0.442586 1
0.717951 -0.597461 1
0.820832 -0.922785 1
0.646344 -0.709334 1
0.856983 -0.712041 1
0.375059 -0.843051 1
0.566860 -0.490583 1
0.915368 -0.576522 1
0.748119 -0.952552 1
0.431995 -0.568810 1
0.046499 -0.213957 1
0.259138 -0.994478 1
0.364946 -0.281455 1
0.102742 -0.460386 1
0.488521 -0.904839 1
0.755210 -0.748479 1
0.181876 -0.253683 1
0.324508 -0.008290 1
0.461302 -0.109897 1
0.175932 -0.271662 1
0.107591 -0.927609 -1
0.845625 -0.970236 1
0.805571 -0.435463 1
0.912466 -0.508313 1
0.344869 -0.677672 1
0.951016 -0.907070 1
0.714527 -0.815481 -1
0.859936 -0.400650 1
0.741802 -0.943617 1
0.218079 -0.206957 1
0.545165 -0.411113 1
0.150580 -0.196251 1
0.165871 -0.326168 1
0.023299 -0.760955 1
0.217982 -0.843732 1
0.994852 -0.826949 1
0.812825 -0.140205 1
0.549769 -0.418755 1
0.592745 -0.837796 1
0.805026 -0.502223 1
0.426542 -0.966759 1
0.697529 -0.714917 1
0.560677 -0.283108 1
0.047877 -0.603479 1
0.511670 -0.299865 1
0.315196 -0.143568 1
0.594428 -0.073128 1
0.647374 -0.806870 1
0.953138 -0.128752 1
0.709312 -0.005031 1
0.409376 -0.587379 1
0.455738 -0.782156 1
0.494527 -0.870242 1
0.050286 -0.705604 1
0.949889 -0.704571 1
0.028598 -0.099007 1
0.961638 -0.572367 1
0.516121 -0.229308 1
0.041184 -0.928123 1
0.883753 -0.153193 -1
0.073799 -0.128157 1
0.572116 -0.640243 1
0.315028 -0.110590 1
0.973585 -0.208398 1
0.928052 -0.977978 1
0.734750 -0.221732 1
0.511291 -0.082992 1
0.976637 -0.482201 1
0.328090 -0.032066 1
0.126498 -0.436020 1
0.556087 -0.981800 1
0.540850 -0.426936 1
0.494476 -0.235956 1
0.934672 -0.952663 1
0.999165 -0.441248 1
0.079320 -0.820620 1
0.625625 -0.977812 1
0.703402 -0.413348 1
0.416443 -0.570185 1
0.248706 -0.949287 1
0.347845 -0.702378 1
0.196670 -0.168139 1
0.014546 -0.261746 1
0.899928 -0.100574 1
0.708506 -0.913057 1
0.283413 -0.127608 1
0.478595 -0.086585 1
0.039744 -0.021740 1
0.055545 -0.503015 1
0.009324 -0.277865 1
0.343021 -0.177701 1
0.028612 -0.381440 -1
0.478860 -0.602144 -1
0.820953 -0.995334 1
0.934212 -0.725326 1
0.449464 -0.163890 -1
0.685084 -0.066005 1
0.327005 -0.817747 1
0.605861 -0.213790 1
0.426556 -0.425763 1
0.051329 -0.462600 1
0.816893 -0.696346 1
0.059470 -0.806538 1
0.507626 -0.380051 -1
0.176165 -0.936459 1
0.848022 -0.985276 1
0.006264 -0.214248 1
0.540241 -0.709603 1
0.115612 -0.011376 1
0.770792 -0.028529 1
0.684178 -0.367104 1
0.874232 -0.579548 1
0.339687 -0.818970 1
0.516046 -0.886295 -1
0.417118 -0.285165 1
0.826639 -0.848009 1
0.215739 -0.594999 1
0.389639 -0.334901 1
0.619830 -0.278913 1
0.171174 -0.109922 1
0.312636 -0.564448 1
0.530604 -0.982968 1
0.623320 -0.863647 1
0.425458 -0.760604 1
0.791294 -0.033101 1
0.761398 -0.585008 1
0.854656 -0.819516 1
0.063975 -0.529298 1
0.345275 -0.633760 1
0.596315 -0.305110 1
0.578085 -0.055606 1
0.940435 -0.612451 1
0.601613 -0.037875 1
0.577129 -0.339999 -1
-0.401605 -0.606503 -1
-0.214802 -0.231206 -1
-0.174096 -0.287060 -1
-0.853556 -0.646479 -1
-0.888910 -0.769975 -1
-0.913357 -0.362712 -1
-0.391999 -0.496175 -1
-0.523149 -0.717505 -1
-0.395110 -0.683455 -1
-0.479790 -0.234114 -1
-0.566703 -0.582211 -1
-0.716219 -0.399315 -1
-0.848997 -0.329366 -1
-0.390428 -0.267856 -1
-0.028934 -0.609068 -1
-0.023005 -0.542250 -1
-0.797033 -0.147401 -1
-0.222611 -0.086275 -1
-0.524378 -0.945599 -1
-0.995578 -0.861273 -1
-0.772516 -0.832022 -1
-0.782807 -0.538640 -1
-0.711297 -0.390673 -1
-0.409901 -0.086911 -1
-0.473024 -0.272478 -1
-0.002015 -0.513802 1
-0.554662 -0.201194 -1
-0.251742 -0.295335 -1
-0.136049 -0.961222 -1
-0.675520 -0.758987 -1
-0.676854 -0.224735 -1
-0.928827 -0.093445 -1
-0.035787 -0.622082 1
-0.597057 -0.986153 -1
-0.557317 -0.982619 1
-0.456697 -0.020413 -1
-0.568635 -0.786359 -1
-0.295664 -0.345030 -1
-0.221318 -0.947963 -1
-0.967267 -0.748546 -1
-0.846181 -0.252304 -1
-0.629021 -0.028518 -1
-0.582756 -0.636258 -1
-0.035013 -0.918472 -1
-0.639650 -0.567593 -1
-0.333530 -0.881016 -1
-0.344030 -0.914485 -1
-0.091075 -0.880567 -1
-0.833657 -0.463871 -1
-0.262310 -0.218339 1
-0.577212 -0.872543 -1
-0.003405 -0.685226 -1
-0.190276 -0.683572 -1
-0.257842 -0.013478 -1
-0.936856 -0.909889 -1
-0.856456 -0.683368 -1
-0.806082 -0.233062 -1
-0.809323 -0.068098 -1
-0.946246 -0.595363 1
-0.320868 -0.798821 -1
-0.575499 -0.035701 -1
-0.861826 -0.958563 -1
-0.514382 -0.075044 -1
-0.085673 -0.534185 -1
-0.832276 -0.519308 -1
-0.959190 -0.201895 -1
-0.475875 -0.181763 -1
-0.315940 -0.481318 -1
-0.193121 -0.834163 -1
-0.945394 -0.752913 -1
-0.126201 -0.691118 -1
-0.483938 -0.059801 -1
-0.582167 -0.744057 -1
-0.147000 -0.985918 -1
-0.050880 -0.315732 -1
-0.154248 -0.138867 -1
-0.644098 -0.242771 -1
-0.563531 -0.379331 -1
-0.605436 -0.745854 -1
-0.665438 -0.750041 -1
-0.339383 -0.846052 -1
-0.720496 -0.556104 -1
-0.457559 -0.070809 -1
-0.097255 -0.886496 -1
-0.300920 -0.378718 -1
-0.441069 -0.870353 -1
-0.843359 -0.920897 -1
-0.033363 -0.310648 -1
-0.582999 -0.205439 1
-0.643280 -0.332565 -1
-0.792972 -0.266830 -1
-0.247716 -0.224292 -1
-0.328100 -0.258374 -1
-0.974337 -0.669881 1
-0.206513 -0.542953 -1
-0.507290 -0.180910 -1
-0.353439 -0.360345 -1
-0.090632 -0.665643 -1
-0.287141 -0.366971 -1
-0.337212 -0.348359 -1
-0.353665 -0.922752 -1
-0.591844 -0.333869 -1
-0.441472 -0.454006 -1
-0.995399 -0.629502 -1
-0.880798 -0.062288 -1
-0.796365 -0.762334 -1
-0.810525 -0.956828 -1
-0.073791 -0.403961 -1
-0.507405 -0.672030 -1
-0.428706 -0.817823 -1
-0.592066 -0.918874 -1
-0.666949 -0.886324 -1
-0.443989 -0.170657 1
-0.273595 -0.373058 -1
-0.930237 -0.339253 -1
-0.581090 -0.003511 -1
-0.133788 -0.907075 -1
-0.363692 -0.822601 -1
-0.001210 -0.544629 -1
-0.806026 -0.889752 -1
-0.188721 -0.323056 -1
-0.745889 -0.917004 1
-0.981734 -0.795336 -1
-0.620076 -0.128915 1
-0.872085 -0.935905 -1
-0.800857 -0.051685 -1
-0.772867 -0.506434 -1
-0.894728 -0.361243 -1
-0.758619 -0.491215 -1
-0.410111 -0.341635 -1
-0.802551 -0.448043 -1
-0.643131 -0.608565 1
-0.663165 -0.667087 -1
-0.274954 -0.009907 -1
-0.771021 -0.146513 -1
-0.009228 -0.497552 -1
-0.423377 -0.208290 -1
-0.222819 -0.608762 -1
-0.679158 -0.169317 1
-0.113240 -0.816671 -1
-0.010722 -0.395758 -1
-0.605549 -0.905297 -1
-0.349375 -0.333889 -1
-0.440527 -0.254450 -1
-0.147241 -0.965799 -1
-0.571871 -0.871073 -1
-0.424269 -0.088697 -1
-0.342968 -0.069643 -1
-0.939693 -0.646443 -1
-0.358890 -0.276685 -1
-0.901476 -0.216691 -1
-0.244850 -0.554182 -1
-0.441803 -0.653592 -1
-0.087948 -0.033136 -1
-0.460607 -0.449394 -1
-0.806320 -0.324517 -1
-0.820180 -0.493638 -1
-0.544762 -0.455314 -1
-0.698931 -0.329552 -1
-0.483627 -0.263854 1
-0.650906 -0.747916 -1
-0.616660 -0.444943 -1
-0.762605 -0.172674 -1
-0.087976 -0.935157 -1
-0.838638 -0.666842 -1
-0.421737 -0.250007 -1
-0.084346 -0.996856 -1
-0.020402 -0.391081 -1
-0.854223 -0.283865 -1
-0.086510 -0.265414 -1
-0.413833 -0.530637 -1
-0.513910 -0.575903 -1
-0.468725 -0.830710 -1
-0.098479 -0.181898 -1
-0.040806 -0.120963 1
-0.426782 -0.403592 -1
-0.786857 -0.404865 -1
-0.574740 -0.172021 -1
-0.994928 -0.226145 -1
-0.122009 -0.347613 -1
-0.500316 -0.830958 -1
-0.989147 -0.042511 -1
-0.819036 -0.435734 -1
-0.972789 -0.225572 -1
-0.527053 -0.275242 -1
-0.172437 -0.080107 -1
-0.445100 -0.683303 -1
-0.074830 -0.304533 -1
-0.422874 -0.515214 -1
-0.223279 -0.135930 -1
-0.889470 -0.131333 -1
-0.006943 -0.016780 -1
-0.664035 -0.435243 -1
-0.962908 -0.076359 1
-0.748001 -0.091839 -1
-0.342479 -0.699675 -1
-0.359425 -0.806585 -1
-0.363345 -0.741757 -1
-0.588738 -0.167048 -1
-0.863292 -0.205237 -1
-0.428139 -0.678540 1
-0.123488 -0.266018 -1
-0.712272 -0.761440 1
-0.041183 -0.296126 1
-0.105859 -0.191534 1
-0.647745 -0.886878 -1
-0.844448 -0.530976 -1
-0.885773 -0.782671 -1
-0.521048 -0.206552 -1
-0.645072 -0.937168 1
-0.167518 -0.956103 -1
-0.529247 -0.325758 1
-0.174074 -0.033349 1
-0.213245 -0.075328 -1
-0.501132 -0.443250 -1
-0.989286 -0.372114 -1
-0.424729 -0.182028 -1
-0.843381 -0.034239 -1
-0.316026 -0.438582 -1
-0.895204 -0.530835 -1
-0.146431 -0.769659 -1
-0.558672 -0.713577 -1
-0.711425 -0.853294 -1
-0.274841 -0.216742 -1
-0.822504 -0.274059 -1
-0.062609 -0.049630 1
-0.579246 -0.376991 1
-0.836801 -0.812015 -1
-0.848594 -0.051599 -1
-0.261049 -0.809934 1
-0.882087 -0.450031 -1
-0.065576 -0.116822 -1
-0.933459 -0.164762 -1
-0.585879 -0.590067 -1
-0.065515 -0.385778 -1
-0.219305 -0.722838 -1
-0.812385 -0.731422 1
-0.331694 -0.160955 -1
-0.297140 -0.787417 -1
-0.306915 -0.167451 -1
-0.811928 -0.082873 -1
-0.926239 -0.293735 -1
-0.050001 -0.826447 -1
-0.098364 -0.756366 1
-0.375956 -0.536140 -1
-0.254799 -0.316511 -1
-0.014633 -0.584224 -1
-0.396310 -0.084697 -1
-0.339565 -0.409871 -1
-0.118704 -0.026771 -1
0.756018 0.414061 -1
0.000675 0.432234 -1
0.544440 0.507277 -1
0.278269 0.369107 -1
0.401135 0.607311 -1
0.329412 0.294983 -1
0.770071 0.977800 -1
0.655755 0.017448 -1
0.435038 0.365980 -1
0.722907 0.202302 -1
0.921517 0.413324 1
0.023503 0.953446 -1
0.618233 0.963606 -1
0.665934 0.962780 -1
0.675982 0.014118 -1
0.595488 0.633636 -1
0.494464 0.743756 -1
0.071434 0.848809 -1
0.478698 0.584208 -1
0.145310 0.214332 -1
0.216400 0.640981 -1
0.338067 0.765220 -1
0.008882 0.253903 -1
0.341838 0.738113 -1
0.496911 0.683618 -1
0.723695 0.334164 -1
0.639981 0.765627 -1
0.101452 0.806914 -1
0.967584 0.901038 -1
0.422057 0.398149 -1
0.815664 0.384079 -1
0.976078 0.608308 -1
0.701760 0.340912 -1
0.521957 0.598172 -1
0.451066 0.712381 -1
0.106501 0.934932 -1
0.254901 0.487198 -1
0.537001 0.626764 -1
0.746459 0.782207 -1
0.084230 0.393440 -1
0.167067 0.418238 -1
0.038722 0.756464 -1
0.026126 0.214270 -1
0.365230 0.704526 -1
0.740611 0.356134 -1
0.775099 0.565589 -1
0.246909 0.137891 -1
0.247200 0.022588 -1
0.411494 0.454124 -1
0.032720 0.990286 -1
0.070999 0.893280 -1
0.115444 0.481890 1
0.660157 0.802468 -1
0.703852 0.561334 1
0.808371 0.553091 -1
0.536418 0.974609 -1
0.354181 0.269155 -1
0.597915 0.148966 1
0.146748 0.220975 1
0.606531 0.555888 -1
0.347152 0.149289 -1
0.132451 0.878870 -1
0.812712 0.700617 -1
0.006815 0.476566 -1
0.705488 0.917375 -1
0.574832 0.429273 -1
0.983524 0.591599 -1
0.269132 0.548271 1
0.773190 0.139791 1
0.608008 0.577366 -1
0.523801 0.506475 -1
0.419913 0.688826 -1
0.369062 0.018410 -1
0.239983 0.354049 -1
0.321805 0.325808 1
0.073472 0.657332 -1
0.052828 0.674982 -1
0.278949 0.913631 -1
0.802452 0.062356 -1
0.565657 0.258358 -1
0.785776 0.492929 -1
0.590832 0.771315 -1
0.718019 0.521441 -1
0.995854 0.361973 -1
0.892344 0.598892 -1
0.343161 0.390435 -1
0.599197 0.107975 -1
0.240866 0.237274 -1
0.247654 0.905361 -1
0.482099 0.995951 -1
0.671162 0.341008 -1
0.245774 0.231470 1
0.660159 0.315449 -1
0.968140 0.918950 1
0.608797 0.027200 -1
0.760280 0.999404 -1
0.466604 0.932881 -1
0.709385 0.782244 -1
0.581464 0.127640 1
0.407081 0.985967 -1
0.777476 0.360779 -1
0.812492 0.466970 -1
0.383097 0.571525 1
0.766693 0.392192 -1
0.434412 0.549574 -1
0.991308 0.584577 -1
0.260512 0.376490 -1
0.091168 0.444937 1
0.965802 0.616190 -1
0.305286 0.826753 -1
0.799989 0.761925 -1
0.287934 0.078372 -1
0.584080 0.442669 -1
0.838241 0.704836 -1
0.404978 0.514414 -1
0.697912 0.950275 -1
0.989838 0.577697 -1
0.808076 0.383613 -1
0.219174 0.887928 -1
0.170115 0.397447 -1
0.680663 0.352132 -1
0.889982 0.316702 -1
0.941143 0.071961 -1
0.879725 0.793191 -1
0.328960 0.385746 -1
0.052001 0.759101 -1
0.153883 0.267255 -1
0.122579 0.871793 1
0.945461 0.410984 -1
0.369263 0.438694 1
0.293055 0.761138 -1
0.414481 0.494071 -1
0.780036 0.792048 -1
0.977085 0.443193 -1
0.269136 0.756232 -1
0.809948 0.276853 -1
0.963428 0.462939 1
0.860006 0.961270 -1
0.050423 0.195617 -1
0.486880 0.126311 -1
0.527124 0.923173 -1
0.896815 0.028293 1
0.417310 0.730215 -1
0.644332 0.921622 -1
0.546217 0.647759 -1
0.277136 0.865108 -1
0.917517 0.524508 -1
0.127328 0.483406 -1
0.860963 0.788655 -1
0.424502 0.953429 -1
0.386081 0.500821 -1
0.287908 0.090579 -1
0.131253 0.767336 -1
0.751479 0.972913 -1
0.493210 0.681894 -1
0.862237 0.628625 -1
0.707432 0.876612 -1
0.433101 0.199475 -1
0.208352 0.595998 -1
0.935411 0.224359 -1
0.450993 0.129360 -1
0.971923 0.563107 -1
0.974393 0.481861 -1
0.235625 0.009030 -1
0.696524 0.133653 -1
0.279210 0.036228 -1
0.867221 0.133369 -1
0.545540 0.300869 -1
0.846347 0.094118 -1
0.793794 0.853984 -1
0.742351 0.635183 -1
0.824011 0.065572 -1
0.635810 0.017126 -1
0.641531 0.517779 -1
0.774001 0.879424 -1
0.536778 0.283854 -1
0.573019 0.706606 -1
0.590409 0.825532 -1
0.763339 0.915796 -1
0.545545 0.051801 -1
0.655442 0.734413 -1
0.368943 0.661376 1
0.163218 0.074714 -1
0.716215 0.454881 -1
0.278649 0.123262 -1
0.235882 0.077110 1
0.759420 0.878607 1
0.726758 0.740415 1
0.639396 0.912968 -1
0.949542 0.241948 -1
0.399891 0.461518 -1
0.019031 0.394735 -1
0.307716 0.734485 1
0.421270 0.649187 -1
0.038758 0.746669 -1
0.279751 0.639171 -1
0.810465 0.801283 -1
0.803460 0.346243 -1
0.131497 0.078474 -1
0.709106 0.411935 -1
0.421686 0.849988 -1
0.755650 0.589567 -1
0.077201 0.568725 -1
0.146384 0.245833 -1
0.155574 0.785443 -1
0.578685 0.748638 -1
0.080486 0.353567 -1
0.832186 0.480484 1
0.801333 0.912457 -1
0.284079 0.757408 -1
0.708794 0.888040 -1
0.206485 0.359217 -1
0.463223 0.894765 -1
0.705339 0.574091 -1
0.941147 0.981791 -1
0.972848 0.659908 -1
0.659593 0.395599 -1
0.911753 0.639501 -1
0.053955 0.855698 -1
0.680493 0.279594 -1
0.174928 0.699505 -1
0.181525 0.707101 -1
0.218836 0.435080 -1
0.427866 0.068271 -1
0.599726 0.592080 1
0.928403 0.298777 1
0.060655 0.360623 -1
0.627121 0.503010 -1
0.361985 0.679430 -1
0.901493 0.179569 -1
0.231358 0.402239 -1
0.633038 0.599254 -1
0.130254 0.417156 -1
0.437859 0.455392 -1
0.591071 0.759015 -1
0.904017 0.239283 -1
0.969728 0.995100 -1
0.942366 0.151295 1
0.355636 0.359104 -1
0.258547 0.550833 -1
0.782249 0.796957 -1
0.844067 0.221353 -1
0.195177 0.179096 -1
0.826328 0.936698 -1
0.607229 0.087476 -1
0.471350 0.341870 -1
0.927124 0.514755 -1
0.900751 0.036067 -1
0.997630 0.330667 -1
0.014963 0.109018 -1
