-0.196964 0.143382 1
-0.474795 0.579354 1
-0.522448 0.997614 1
-0.748169 0.677639 -1
-0.819811 0.635563 1
-0.367560 0.610686 -1
-0.742285 0.155657 1
-0.962484 0.669066 1
-0.160964 0.979632 1
-0.812546 0.098218 1
-0.075136 0.190504 1
-0.444335 0.462704 1
-0.244330 0.303824 1
-0.606563 0.633065 -1
-0.540736 0.853986 -1
-0.960839 0.239182 1
-0.168198 0.981480 1
-0.331383 0.026593 1
-0.416235 0.625881 1
-0.625145 0.773933 1
-0.460400 0.869697 1
-0.444034 0.101925 1
-0.612417 0.179329 1
-0.123984 0.996828 1
-0.591122 0.052509 1
0.111674 -0.435747 1
0.004726 -0.927022 1
0.243538 -0.433267 1
0.793015 -0.017805 1
0.800528 -0.741719 1
0.050452 -0.012853 1
0.131869 -0.046005 1
0.508149 -0.027863 1
0.928234 -0.596795 -1
0.225287 -0.762025 1
0.908025 -0.560621 1
0.867230 -0.863806 1
0.175959 -0.792574 1
0.467966 -0.570183 1
0.247764 -0.557665 1
0.009681 -0.123268 1
0.372449 -0.866439 1
0.136861 -0.621626 1
0.109673 -0.996696 1
0.037396 -0.055514 1
0.530790 -0.322852 1
0.326744 -0.147775 1
0.395788 -0.406633 1
0.433198 -0.378330 1
0.563152 -0.556565 1
-0.183824 -0.400794 -1
-0.059670 -0.178157 -1
-0.481376 -0.718645 -1
-0.336791 -0.511928 -1
-0.353123 -0.689102 -1
-0.159260 -0.788950 -1
-0.473007 -0.783119 1
-0.140181 -0.843207 -1
-0.260507 -0.060656 -1
-0.153965 -0.540887 1
-0.679825 -0.744173 -1
-0.865822 -0.982030 -1
-0.926605 -0.159123 -1
-0.448336 -0.943157 -1
-0.703556 -0.327809 -1
-0.888180 -0.324550 -1
-0.521936 -0.842543 -1
-0.849562 -0.850219 -1
-0.784975 -0.864233 -1
-0.528841 -0.074947 -1
-0.134143 -0.113330 -1
-0.315975 -0.541581 -1
-0.735899 -0.552265 -1
-0.018360 -0.100442 -1
-0.401237 -0.570647 -1
0.502426 0.356571 -1
0.902037 0.376822 -1
0.641372 0.783813 -1
0.902536 0.467625 -1
0.001338 0.364834 -1
0.795622 0.938230 -1
0.302640 0.418337 -1
0.376175 0.032198 -1
0.949940 0.586372 -1
0.720005 0.413643 -1
0.756264 0.706458 -1
0.564492 0.388688 -1
0.433792 0.570718 1
0.702095 0.008470 1
0.376698 0.029820 -1
0.279278 0.141289 -1
0.579975 0.917325 -1
0.943971 0.731026 -1
0.019580 0.619168 -1
0.801368 0.642986 -1
0.752816 0.045914 1
0.697642 0.112351 -1
0.722755 0.361943 -1
0.876837 0.804274 -1
0.643656 0.115509 -1
