-0.691592 0.249197 1
-0.544512 0.792829 1
-0.621787 0.023194 1
-0.155460 0.034899 1
-0.757704 0.139655 1
-0.219581 0.141070 1
-0.353907 0.409255 1
-0.039676 0.585671 1
-0.965191 0.021024 1
-0.542173 0.994554 1
-0.395948 0.014784 1
-0.336873 0.085469 1
-0.778972 0.878420 1
-0.656202 0.927799 1
-0.869335 0.154336 1
-0.167216 0.795717 1
-0.544676 0.945626 1
-0.071138 0.114152 1
-0.857411 0.813691 1
-0.408774 0.233372 1
-0.956129 0.980188 1
-0.662752 0.618248 1
-0.559042 0.562612 1
-0.303945 0.284754 1
-0.485710 0.315719 1
0.166421 -0.854351 1
0.105304 -0.348024 1
0.165798 -0.243061 1
0.703429 -0.535535 1
0.498227 -0.343570 1
0.761001 -0.796680 1
0.756998 -0.623786 1
0.046260 -0.910794 1
0.713230 -0.223077 1
0.029838 -0.492857 1
0.943699 -0.098319 1
0.618398 -0.708888 1
0.091655 -0.547938 1
0.245106 -0.828255 1
0.076923 -0.117893 1
0.395623 -0.551144 1
0.040891 -0.468767 1
0.060282 -0.463107 1
0.150072 -0.338015 1
0.854041 -0.055987 1
0.982539 -0.311644 1
0.602377 -0.931465 1
0.681459 -0.255970 1
0.496483 -0.320404 1
0.651167 -0.120049 1
-0.841794 -0.532363 -1
-0.912057 -0.064481 -1
-0.709325 -0.626180 -1
-0.294922 -0.690223 -1
-0.335848 -0.533325 -1
-0.771658 -0.926300 -1
-0.277521 -0.120454 -1
-0.107727 -0.962494 -1
-0.144003 -0.844248 -1
-0.069503 -0.615018 -1
-0.189105 -0.842319 -1
-0.369486 -0.219468 -1
-0.125228 -0.539090 -1
-0.777745 -0.222461 -1
-0.521357 -0.420421 -1
-0.335928 -0.528885 -1
-0.767268 -0.150406 -1
-0.776180 -0.734007 -1
-0.322398 -0.118476 -1
-0.837516 -0.749061 -1
-0.460948 -0.960177 -1
-0.254918 -0.004717 -1
-0.294852 -0.646417 -1
-0.346300 -0.212825 -1
-0.353326 -0.277825 -1
0.652687 0.915570 -1
0.450962 0.395740 -1
0.195469 0.239747 -1
0.559041 0.356263 -1
0.856210 0.154742 -1
0.946004 0.228958 -1
0.458068 0.726707 -1
0.304877 0.657089 -1
0.535213 0.965660 -1
0.379090 0.740577 -1
0.184751 0.018625 -1
0.927660 0.354117 -1
0.611402 0.443443 -1
0.023598 0.822526 -1
0.327042 0.620109 -1
0.431748 0.027911 -1
0.666783 0.625568 -1
0.837147 0.801901 -1
0.254823 0.619964 -1
0.692858 0.564206 -1
0.755035 0.739231 -1
0.261420 0.915134 -1
0.901370 0.353047 -1
0.453481 0.950296 -1
0.775500 0.978385 -1
