-0.353419 0.523562 1
-0.873844 0.714186 1
-0.972007 0.423945 1
-0.104389 0.998395 1
-0.918131 0.039660 1
-0.369822 0.130791 1
-0.297974 0.582700 1
-0.891105 0.853868 1
-0.948503 0.178435 1
-0.895332 0.671717 -1
-0.204537 0.758910 1
-0.946050 0.023742 1
-0.905069 0.094446 1
-0.073266 0.270632 1
-0.450875 0.871407 1
-0.421010 0.479399 -1
-0.639226 0.425177 1
-0.621660 0.595403 1
-0.987194 0.772404 1
-0.569795 0.167035 -1
-0.452065 0.082208 -1
-0.346737 0.792218 1
-0.017248 0.031601 1
-0.670267 0.219843 1
-0.949337 0.380054 1
0.920112 -0.675600 1
0.549320 -0.513768 1
0.828343 -0.708734 1
0.107898 -0.062113 1
0.735634 -0.460973 1
0.355132 -0.117305 1
0.385733 -0.705438 1
0.285960 -0.165585 1
0.619852 -0.014001 1
0.537632 -0.340748 1
0.467546 -0.302128 1
0.306010 -0.043583 1
0.633648 -0.137663 1
0.443747 -0.714619 1
0.785700 -0.421093 -1
0.590605 -0.818910 1
0.652219 -0.578358 1
0.207015 -0.836747 1
0.222227 -0.489426 1
0.795042 -0.236452 1
0.991517 -0.435645 1
0.627467 -0.954395 1
0.762220 -0.900867 1
0.397879 -0.442815 1
0.207377 -0.284928 1
-0.107942 -0.416481 -1
-0.669825 -0.325887 -1
-0.040736 -0.888358 -1
-0.366610 -0.378430 -1
-0.772056 -0.098529 -1
-0.645443 -0.886522 -1
-0.359062 -0.817523 -1
-0.517762 -0.132796 -1
-0.455136 -0.016888 -1
-0.231008 -0.943341 -1
-0.081734 -0.959885 -1
-0.283172 -0.448958 -1
-0.840425 -0.503358 -1
-0.631819 -0.444552 -1
-0.854523 -0.520232 -1
-0.941380 -0.661600 -1
-0.363249 -0.181606 1
-0.992758 -0.843389 -1
-0.716436 -0.744692 -1
-0.937646 -0.856035 -1
-0.331832 -0.442737 -1
-0.161278 -0.500800 -1
-0.513789 -0.280508 1
-0.484162 -0.092236 -1
-0.609669 -0.600271 -1
0.050874 0.178764 -1
0.535061 0.195895 1
0.758539 0.533553 -1
0.217994 0.048145 -1
0.569821 0.374301 -1
0.272518 0.065614 -1
0.783402 0.967657 -1
0.411237 0.982312 -1
0.713336 0.949506 1
0.864873 0.208584 -1
0.579302 0.550383 -1
0.650826 0.534203 -1
0.156931 0.281695 -1
0.121804 0.524860 -1
0.025604 0.152552 -1
0.166571 0.746694 1
0.877727 0.515481 -1
0.174079 0.918576 -1
0.608193 0.492068 -1
0.564076 0.112621 -1
0.419656 0.225091 -1
0.434097 0.368022 -1
0.387744 0.680352 -1
0.975407 0.343329 -1
0.001703 0.751443 -1
