-0.028047 0.079466 1
-0.428969 0.754310 1
-0.560702 0.524255 -1
-0.408978 0.462248 1
-0.297382 0.524786 1
-0.789427 0.619845 1
-0.425974 0.754865 1
-0.401715 0.750598 1
-0.227591 0.344640 1
-0.181984 0.026316 1
-0.252403 0.930063 1
-0.126559 0.780808 1
-0.813383 0.307620 1
-0.146066 0.806437 1
-0.051222 0.558837 1
-0.462473 0.198169 1
-0.272271 0.578193 1
-0.148125 0.463897 1
-0.883778 0.783622 1
-0.282865 0.997090 1
-0.108330 0.327097 1
-0.188099 0.825480 -1
-0.092174 0.663776 1
-0.310958 0.146881 1
-0.197662 0.320120 1
0.501230 -0.782406 1
0.451099 -0.740643 1
0.854695 -0.841461 1
0.218077 -0.896006 1
0.300951 -0.712833 1
0.156249 -0.330337 1
0.871729 -0.202757 1
0.371327 -0.602050 1
0.237451 -0.174828 1
0.028514 -0.862141 1
0.594169 -0.296883 1
0.379937 -0.976427 -1
0.048594 -0.285241 1
0.884798 -0.687635 1
0.487644 -0.270618 1
0.196126 -0.409734 1
0.377665 -0.492311 1
0.743294 -0.324191 1
0.953760 -0.171523 1
0.230915 -0.978436 1
0.079949 -0.861407 1
0.986421 -0.392771 1
0.980782 -0.918178 1
0.176582 -0.068662 1
0.671275 -0.302881 1
-0.727575 -0.185229 -1
-0.114478 -0.680408 -1
-0.650203 -0.897707 -1
-0.332874 -0.139150 -1
-0.906214 -0.324816 -1
-0.702547 -0.360198 -1
-0.522646 -0.912741 -1
-0.607979 -0.819299 -1
-0.024183 -0.540966 -1
-0.008803 -0.043291 -1
-0.564643 -0.779499 -1
-0.677744 -0.454241 -1
-0.646205 -0.699736 1
-0.068595 -0.027635 1
-0.051756 -0.795743 -1
-0.657150 -0.556924 -1
-0.526261 -0.291254 -1
-0.836916 -0.623110 -1
-0.298805 -0.876928 -1
-0.789470 -0.130912 1
-0.100662 -0.849723 -1
-0.627274 -0.662973 1
-0.009790 -0.215732 -1
-0.990825 -0.400239 -1
-0.869342 -0.444816 -1
0.845071 0.575898 1
0.258579 0.859466 -1
0.663930 0.170288 -1
0.076573 0.690343 -1
0.857385 0.565364 -1
0.515247 0.332991 -1
0.486940 0.153326 -1
0.446396 0.036183 -1
0.251245 0.821151 -1
0.366317 0.764874 -1
0.806611 0.408893 -1
0.617108 0.100854 -1
0.298007 0.027962 -1
0.735552 0.183644 1
0.998395 0.476553 -1
0.248052 0.965139 -1
0.506272 0.241862 -1
0.998013 0.093586 -1
0.263436 0.193187 -1
0.705231 0.125172 -1
0.612753 0.345506 -1
0.920801 0.849101 -1
0.070034 0.188992 -1
0.243494 0.212627 1
0.002778 0.690345 -1
