-0.797544 0.744828 -1
-0.595281 0.119318 1
-0.924867 0.127813 1
-0.438441 0.438643 1
-0.039106 0.226962 1
-0.939621 0.165409 1
-0.651564 0.070863 1
-0.671754 0.129370 1
-0.835726 0.715544 1
-0.764058 0.525122 1
-0.723821 0.781473 1
-0.793894 0.616723 1
-0.451258 0.964299 1
-0.634429 0.458782 1
-0.899089 0.317275 1
-0.727555 0.319051 1
-0.060346 0.219954 1
-0.520728 0.180994 1
-0.172342 0.539945 1
-0.160822 0.267042 1
-0.125462 0.850901 1
-0.498791 0.857638 1
-0.224323 0.869932 1
-0.256616 0.127921 1
-0.386741 0.628994 1
-0.388928 0.948293 -1
-0.022872 0.620393 1
-0.180801 0.541831 1
-0.708671 0.229042 1
-0.516895 0.765955 1
-0.834708 0.805593 1
-0.687885 0.639972 1
-0.580588 0.550338 1
-0.308201 0.546755 -1
-0.777334 0.502235 1
-0.674171 0.268731 1
-0.908231 0.868391 1
-0.001166 0.292696 1
-0.840321 0.399134 1
-0.859668 0.847090 -1
-0.626053 0.281837 1
-0.473645 0.458656 1
-0.956959 0.204007 1
-0.221364 0.741323 1
-0.159171 0.298720 1
-0.046406 0.328549 1
-0.145278 0.695421 1
-0.383862 0.913271 1
-0.164629 0.602724 1
-0.358958 0.367496 1
-0.689579 0.293047 1
-0.947399 0.703973 -1
-0.646682 0.384162 1
-0.400326 0.204357 1
-0.310860 0.815760 1
-0.784763 0.587789 -1
-0.710734 0.086053 1
-0.287685 0.059970 1
-0.333150 0.456549 -1
-0.128090 0.167736 -1
-0.322562 0.119219 1
-0.497998 0.050710 1
-0.881982 0.166148 1
-0.443673 0.236572 -1
-0.042408 0.830350 1
-0.703835 0.743823 -1
-0.395725 0.918190 1
-0.490229 0.549875 1
-0.979859 0.506884 1
-0.607411 0.562516 1
-0.688487 0.032609 1
-0.578645 0.668686 1
-0.342939 0.587045 -1
-0.450791 0.559450 -1
-0.220729 0.080642 1
-0.760664 0.880123 -1
-0.604659 0.819419 1
-0.681551 0.733964 1
-0.030343 0.972834 -1
-0.644350 0.495261 1
-0.857268 0.545093 1
-0.219494 0.881103 1
-0.592998 0.692297 1
-0.759517 0.832465 -1
-0.891718 0.375309 1
-0.184268 0.047330 1
-0.772581 0.691787 -1
-0.403315 0.623790 1
-0.190316 0.590034 -1
-0.602826 0.990594 1
-0.307875 0.388064 1
-0.761395 0.905728 -1
-0.137538 0.045615 1
-0.820400 0.829537 1
-0.063798 0.903909 1
-0.586023 0.616260 1
-0.789756 0.761216 1
-0.083321 0.090501 -1
-0.057465 0.281162 1
-0.997733 0.830142 1
-0.697315 0.603981 -1
-0.094936 0.568183 1
-0.686593 0.316055 -1
-0.776419 0.716176 1
-0.926994 0.079911 1
-0.656704 0.490674 1
-0.990000 0.993014 1
-0.261299 0.584769 1
-0.272946 0.184123 -1
-0.495034 0.999148 1
-0.453732 0.551542 -1
-0.322383 0.005160 1
-0.682039 0.760765 1
-0.717286 0.827467 1
-0.400088 0.370320 -1
-0.850823 0.375104 1
-0.224448 0.567476 1
-0.351587 0.851165 1
-0.349348 0.975197 1
-0.507054 0.223706 1
-0.463404 0.349449 1
-0.945312 0.583155 1
-0.834523 0.939285 1
-0.138582 0.084468 -1
-0.739073 0.727189 1
-0.294720 0.340651 1
-0.589361 0.956812 1
-0.193881 0.947469 1
-0.854276 0.980385 -1
-0.149839 0.041130 1
-0.595284 0.828484 1
-0.075199 0.908810 1
-0.227534 0.377597 1
-0.683116 0.414423 1
-0.900550 0.430235 -1
-0.551526 0.533176 1
-0.969458 0.166478 1
-0.809718 0.443505 1
-0.328453 0.353781 1
-0.636881 0.113008 -1
-0.226474 0.649876 1
-0.708151 0.225448 1
-0.080001 0.791170 1
-0.438026 0.392941 1
-0.017653 0.731521 1
-0.159463 0.254315 1
-0.729691 0.325284 1
-0.354496 0.175799 1
-0.698906 0.528156 1
-0.444103 0.411801 1
-0.440200 0.642817 1
-0.393821 0.645841 1
-0.415221 0.462234 1
-0.395273 0.348525 -1
-0.695961 0.658902 1
-0.452037 0.092230 1
-0.457117 0.750429 1
-0.462995 0.173101 1
-0.266670 0.432629 1
-0.634514 0.225475 1
-0.543796 0.411303 -1
-0.413896 0.479601 1
-0.715245 0.271890 1
-0.791636 0.632707 -1
-0.018836 0.039604 1
-0.513658 0.862220 1
-0.281872 0.615533 1
-0.862725 0.586932 1
-0.956642 0.052880 1
-0.200508 0.269303 1
-0.317834 0.852070 1
-0.857080 0.630575 1
-0.937029 0.731640 1
-0.202245 0.845467 1
-0.546976 0.428325 1
-0.426104 0.361859 1
-0.298029 0.033172 1
-0.775011 0.492215 1
-0.827794 0.948845 1
-0.822537 0.553298 1
-0.169936 0.694424 1
-0.868253 0.882204 1
-0.749288 0.916596 1
-0.841188 0.822178 1
-0.412597 0.401012 1
-0.432465 0.858412 1
-0.343903 0.893042 1
-0.952361 0.139404 1
-0.920192 0.059507 1
-0.764720 0.158710 1
-0.384229 0.368759 1
-0.589524 0.158801 1
-0.789509 0.268939 1
-0.522190 0.417867 1
-0.526394 0.426968 -1
-0.583224 0.815005 1
-0.640907 0.876141 1
-0.556571 0.483016 1
-0.755028 0.900333 1
-0.387529 0.913015 1
-0.155606 0.023175 1
-0.289777 0.887713 1
-0.089900 0.020620 1
-0.117980 0.933172 1
-0.224767 0.208367 1
-0.092643 0.545134 1
-0.173419 0.946164 1
-0.614108 0.636806 -1
-0.259022 0.890655 1
-0.353322 0.868985 1
-0.130330 0.611026 1
-0.373150 0.503091 1
-0.264751 0.007195 1
-0.518533 0.648425 1
-0.386928 0.156778 1
-0.215424 0.787801 1
-0.309894 0.990613 -1
-0.916372 0.070419 -1
-0.984117 0.742075 1
-0.296821 0.979354 -1
-0.936508 0.095605 1
-0.210931 0.524356 1
-0.840388 0.792219 -1
-0.733298 0.081140 1
-0.870004 0.024904 1
-0.396502 0.121714 1
-0.112386 0.004182 1
-0.118275 0.681224 1
-0.331752 0.368055 -1
-0.001479 0.490726 1
-0.126413 0.343165 1
-0.100831 0.802873 1
-0.933117 0.188084 -1
-0.640808 0.748934 1
-0.769687 0.478544 1
-0.341618 0.531745 1
-0.778098 0.487372 1
-0.593271 0.099579 1
-0.011223 0.220251 -1
-0.049061 0.352175 1
-0.169959 0.619621 1
-0.150602 0.720345 -1
-0.956711 0.952915 -1
-0.081980 0.909121 1
-0.883526 0.303233 1
-0.021840 0.928178 1
-0.670590 0.825416 -1
-0.775819 0.389597 1
-0.452779 0.931790 1
-0.708525 0.743335 1
0.527993 -0.052258 1
0.813632 -0.731814 1
0.937440 -0.720229 1
0.866432 -0.740116 1
0.277828 -0.506937 1
0.639809 -0.527565 -1
0.338607 -0.113947 -1
0.800393 -0.684426 1
0.614316 -0.583807 1
0.358197 -0.709799 1
0.903663 -0.901054 1
0.258517 -0.046405 1
0.573404 -0.186180 1
0.797852 -0.608028 -1
0.233453 -0.443351 1
0.504025 -0.784526 1
0.889666 -0.673406 1
0.453751 -0.204348 1
0.793176 -0.252881 -1
0.685460 -0.058016 1
0.055063 -0.141472 1
0.170741 -0.029491 1
0.926787 -0.583523 1
0.836956 -0.575394 1
0.366543 -0.185655 -1
0.203735 -0.098352 1
0.389881 -0.260602 1
0.739723 -0.569934 1
0.020019 -0.588471 -1
0.159464 -0.597097 1
0.250766 -0.068119 1
0.677260 -0.094507 1
0.504440 -0.934375 1
0.874356 -0.471856 1
0.240473 -0.973800 1
0.150952 -0.296832 1
0.414436 -0.176997 1
0.100424 -0.298104 1
0.299799 -0.534613 1
0.874985 -0.794652 1
0.799959 -0.238290 -1
0.468475 -0.702521 1
0.963722 -0.130394 1
0.400814 -0.885179 1
0.243319 -0.697803 -1
0.178889 -0.417546 1
0.968031 -0.076089 1
0.603897 -0.939992 1
0.287569 -0.464284 1
0.087638 -0.738474 1
0.356626 -0.786434 1
0.470292 -0.112529 1
0.087373 -0.020559 1
0.909638 -0.469494 -1
0.503649 -0.257293 1
0.697172 -0.861621 1
0.258271 -0.895738 1
0.439984 -0.289054 1
0.111895 -0.571126 1
0.625774 -0.150700 1
0.562010 -0.236238 1
0.848007 -0.832766 1
0.665587 -0.330775 1
0.881299 -0.328396 1
0.155355 -0.946322 -1
0.519902 -0.382613 1
0.573729 -0.721161 1
0.194964 -0.608448 1
0.512431 -0.076305 -1
0.009279 -0.200253 1
0.515242 -0.106471 1
0.935359 -0.506008 1
0.861975 -0.490506 1
0.051702 -0.489232 1
0.547434 -0.591074 1
0.208170 -0.416808 1
0.820758 -0.247041 1
0.575081 -0.080673 1
0.791130 -0.330467 1
0.733267 -0.937362 1
0.642028 -0.096426 -1
0.461047 -0.095374 1
0.728723 -0.967393 1
0.986375 -0.525046 1
0.513273 -0.235359 1
0.861277 -0.031478 1
0.089470 -0.545544 -1
0.056432 -0.492324 1
0.810186 -0.119284 1
0.399470 -0.534843 1
0.511032 -0.519052 1
0.632878 -0.390316 -1
0.851252 -0.151748 1
0.553358 -0.013180 1
0.791822 -0.848810 -1
0.400338 -0.782401 1
0.572069 -0.447259 1
0.911693 -0.945374 1
0.928573 -0.550520 -1
0.481403 -0.767368 1
0.433283 -0.018770 1
0.320728 -0.754223 1
0.490835 -0.209641 1
0.160303 -0.514618 1
0.244850 -0.444984 1
0.646722 -0.403217 1
0.529556 -0.930321 1
0.704898 -0.550359 1
0.695734 -0.394461 1
0.680301 -0.759626 1
0.062539 -0.459983 1
0.207633 -0.959618 1
0.671119 -0.839997 1
0.576147 -0.897122 1
0.705972 -0.367698 1
0.865280 -0.273429 1
0.801545 -0.206941 1
0.426228 -0.036557 1
0.178771 -0.086504 1
0.116632 -0.333063 1
0.196485 -0.279559 1
0.488555 -0.392813 1
0.091202 -0.425410 1
0.626000 -0.039393 -1
0.740793 -0.835044 1
0.576840 -0.794866 -1
0.900548 -0.867098 1
0.188040 -0.027909 1
0.340840 -0.603231 -1
0.515777 -0.969322 1
0.852140 -0.378681 1
0.134124 -0.921972 1
0.934702 -0.540979 -1
0.050749 -0.397892 1
0.082691 -0.082546 1
0.170409 -0.706481 1
0.832441 -0.365851 1
0.697405 -0.423847 -1
0.309357 -0.826356 1
0.801783 -0.437000 1
0.135097 -0.014990 1
0.290784 -0.385158 -1
0.617273 -0.167671 1
0.023722 -0.584175 1
0.473716 -0.369392 1
0.652991 -0.511070 -1
0.162806 -0.521376 1
0.534466 -0.419733 -1
0.587658 -0.250852 -1
0.232129 -0.779855 1
0.474664 -0.447254 -1
0.773614 -0.428762 -1
0.774287 -0.774585 1
0.252147 -0.069317 1
0.113088 -0.771787 1
0.333045 -0.594655 1
0.148343 -0.195265 1
0.911505 -0.962737 1
0.757057 -0.800989 1
0.990557 -0.129962 1
0.115806 -0.098316 1
0.287464 -0.095678 1
0.055272 -0.795028 1
0.726998 -0.391378 1
0.639586 -0.971559 1
0.636028 -0.472064 -1
0.047129 -0.673088 1
0.619015 -0.770058 1
0.438235 -0.716901 -1
0.213578 -0.866163 1
0.257091 -0.648089 1
0.260381 -0.888196 1
0.596483 -0.768140 1
0.668087 -0.901759 1
0.318578 -0.255951 1
0.027079 -0.177115 1
0.682303 -0.602451 1
0.730416 -0.643018 -1
0.459099 -0.696992 -1
0.423976 -0.235724 1
0.695200 -0.087775 1
0.124632 -0.467623 1
0.606726 -0.602745 -1
0.238491 -0.094819 1
0.970403 -0.376604 1
0.633722 -0.076016 -1
0.946169 -0.142056 1
0.435250 -0.200959 1
0.686111 -0.397822 1
0.458607 -0.369026 -1
0.938116 -0.486925 1
0.608341 -0.802008 -1
0.796120 -0.654924 1
0.813446 -0.397337 1
0.258945 -0.823698 1
0.553991 -0.605691 1
0.246765 -0.710219 1
0.914709 -0.493977 1
0.406161 -0.305128 1
0.598663 -0.485015 1
0.187062 -0.942535 1
0.981339 -0.586124 -1
0.435010 -0.894969 -1
0.647874 -0.034218 1
0.750115 -0.390147 1
0.817477 -0.152973 1
0.986941 -0.615782 1
0.539512 -0.851553 1
0.673627 -0.709886 1
0.759351 -0.440998 1
0.103206 -0.238372 1
0.666952 -0.246186 -1
0.670132 -0.410841 1
0.514040 -0.022691 1
0.048597 -0.099707 1
0.975503 -0.574363 1
0.239766 -0.019426 1
0.430651 -0.576264 -1
0.331011 -0.826631 1
0.801296 -0.134368 1
0.077261 -0.002741 1
0.639118 -0.124119 -1
0.988394 -0.345743 1
0.901817 -0.282313 1
0.470916 -0.987474 1
0.483754 -0.492545 -1
0.050335 -0.903857 1
0.883620 -0.425419 -1
0.629327 -0.305847 -1
0.174432 -0.153352 1
0.232604 -0.785087 -1
0.501800 -0.553318 1
0.249140 -0.590324 1
0.730093 -0.964709 1
0.752916 -0.824365 1
0.948277 -0.790158 1
0.830505 -0.544038 1
0.970561 -0.501170 1
0.534068 -0.795256 -1
0.247307 -0.941666 1
0.429899 -0.436062 1
0.154574 -0.994985 -1
0.606306 -0.442637 1
0.083461 -0.148727 1
0.136974 -0.956797 1
0.319736 -0.899029 -1
0.389460 -0.237247 1
0.023871 -0.324273 1
0.177582 -0.514251 1
0.679226 -0.544569 1
-0.183315 -0.602547 -1
-0.083660 -0.556815 -1
-0.604500 -0.602930 -1
-0.804837 -0.681377 -1
-0.344295 -0.989097 -1
-0.837327 -0.396020 -1
-0.718590 -0.691560 1
-0.960607 -0.745838 1
-0.149632 -0.047878 -1
-0.130276 -0.940260 -1
-0.942068 -0.661114 -1
-0.045002 -0.576650 -1
-0.386375 -0.201064 -1
-0.679074 -0.564823 -1
-0.521779 -0.547776 -1
-0.144063 -0.038181 1
-0.532984 -0.539949 -1
-0.402950 -0.922195 -1
-0.571741 -0.929859 -1
-0.620962 -0.517128 -1
-0.399170 -0.412412 -1
-0.806587 -0.889772 1
-0.271637 -0.185801 -1
-0.133311 -0.540676 -1
-0.911257 -0.246028 1
-0.487144 -0.276489 1
-0.473152 -0.662399 -1
-0.452610 -0.194121 1
-0.435192 -0.551075 1
-0.989600 -0.596886 -1
-0.878885 -0.770151 -1
-0.473027 -0.266982 1
-0.335337 -0.493675 1
-0.533864 -0.985308 -1
-0.718071 -0.737211 1
-0.882735 -0.989833 -1
-0.149447 -0.496990 -1
-0.103897 -0.040338 -1
-0.062798 -0.652542 -1
-0.494508 -0.647567 -1
-0.963302 -0.900822 -1
-0.794263 -0.148726 -1
-0.561258 -0.222624 1
-0.209613 -0.282039 -1
-0.061001 -0.101296 -1
-0.191663 -0.341486 -1
-0.699323 -0.702554 -1
-0.048196 -0.828690 1
-0.408116 -0.104759 -1
-0.917958 -0.382695 -1
-0.435699 -0.471455 -1
-0.403825 -0.369463 -1
-0.375577 -0.238248 -1
-0.525387 -0.802771 -1
-0.588376 -0.008547 -1
-0.470509 -0.796026 -1
-0.372028 -0.401063 -1
-0.461047 -0.638582 -1
-0.978167 -0.533029 -1
-0.756695 -0.618067 -1
-0.524290 -0.367503 -1
-0.769850 -0.170290 -1
-0.190135 -0.301087 1
-0.163278 -0.273428 1
-0.639245 -0.015409 -1
-0.789261 -0.282609 1
-0.111188 -0.070788 -1
-0.122308 -0.353823 -1
-0.719209 -0.353296 -1
-0.110699 -0.014512 1
-0.615987 -0.627157 -1
-0.287407 -0.231682 -1
-0.602962 -0.585097 -1
-0.759717 -0.548997 -1
-0.475170 -0.585976 -1
-0.096377 -0.956806 -1
-0.547225 -0.419819 -1
-0.013475 -0.787606 -1
-0.823235 -0.810501 -1
-0.361839 -0.066614 1
-0.277507 -0.719237 -1
-0.900229 -0.482158 -1
-0.823012 -0.237264 -1
-0.280172 -0.216915 -1
-0.257318 -0.878279 -1
-0.443654 -0.084981 -1
-0.839901 -0.027183 -1
-0.083425 -0.922002 1
-0.084170 -0.784128 -1
-0.496632 -0.567047 -1
-0.742580 -0.128522 -1
-0.469145 -0.661951 1
-0.696856 -0.847384 -1
-0.120276 -0.030548 -1
-0.849441 -0.491649 -1
-0.754570 -0.633763 -1
-0.051615 -0.544329 -1
-0.613510 -0.621078 -1
-0.427187 -0.264206 -1
-0.231472 -0.006489 1
-0.576068 -0.037374 1
-0.770071 -0.299980 -1
-0.421473 -0.071686 -1
-0.820967 -0.292133 -1
-0.685523 -0.297526 -1
-0.871015 -0.115956 -1
-0.058079 -0.722851 -1
-0.481718 -0.563741 -1
-0.293670 -0.692934 1
-0.942734 -0.443550 -1
-0.929355 -0.412171 1
-0.826936 -0.189860 -1
-0.054926 -0.931530 1
-0.356064 -0.363294 -1
-0.842866 -0.624698 1
-0.700082 -0.934500 -1
-0.028701 -0.812265 -1
-0.745354 -0.960737 -1
-0.696007 -0.612701 -1
-0.388598 -0.583159 -1
-0.466793 -0.061156 -1
-0.942848 -0.464419 -1
-0.488275 -0.578676 -1
-0.814839 -0.560438 -1
-0.792274 -0.657425 -1
-0.061993 -0.720590 1
-0.485272 -0.457702 -1
-0.381727 -0.522664 1
-0.267668 -0.459167 1
-0.066645 -0.065859 -1
-0.221434 -0.626376 1
-0.786330 -0.078793 -1
-0.280385 -0.365960 -1
-0.780424 -0.222298 1
-0.289578 -0.971167 -1
-0.230001 -0.184640 1
-0.522000 -0.632545 -1
-0.614181 -0.537012 1
-0.482281 -0.938167 -1
-0.071977 -0.837941 -1
-0.440435 -0.924278 -1
-0.091394 -0.900969 -1
-0.601151 -0.117118 -1
-0.464725 -0.213439 -1
-0.196753 -0.527073 -1
-0.707442 -0.845863 -1
-0.647597 -0.901285 -1
-0.457592 -0.827696 -1
-0.958861 -0.510662 -1
-0.982453 -0.218915 -1
-0.647468 -0.494819 -1
-0.776036 -0.221265 -1
-0.078598 -0.326203 1
-0.622384 -0.075816 1
-0.626704 -0.692929 1
-0.824397 -0.112750 -1
-0.632907 -0.894063 1
-0.374009 -0.557696 -1
-0.405763 -0.805574 -1
-0.054992 -0.040839 -1
-0.174019 -0.201520 1
-0.760912 -0.155324 -1
-0.273749 -0.568041 -1
-0.130185 -0.675191 -1
-0.246485 -0.327960 -1
-0.967946 -0.359698 -1
-0.539627 -0.229766 1
-0.237079 -0.686892 -1
-0.604185 -0.287538 -1
-0.959357 -0.479946 1
-0.591741 -0.603426 -1
-0.157336 -0.636877 -1
-0.431244 -0.958201 -1
-0.989458 -0.103437 1
-0.377778 -0.540235 -1
-0.173276 -0.691485 -1
-0.052169 -0.813608 -1
-0.893635 -0.206891 1
-0.646409 -0.380716 -1
-0.032792 -0.142786 -1
-0.812482 -0.396357 1
-0.214849 -0.114182 -1
-0.081945 -0.915176 -1
-0.868755 -0.374505 -1
-0.324723 -0.668938 -1
-0.432537 -0.751824 -1
-0.937965 -0.563233 1
-0.326834 -0.262822 -1
-0.786361 -0.434637 -1
-0.188820 -0.203077 -1
-0.828093 -0.549806 -1
-0.768500 -0.895937 -1
-0.388864 -0.315721 -1
-0.467567 -0.994718 -1
-0.687178 -0.489259 -1
-0.287211 -0.880037 -1
-0.044249 -0.350860 -1
-0.583960 -0.850572 -1
-0.556068 -0.679766 -1
-0.642849 -0.735188 -1
-0.785215 -0.006683 -1
-0.658245 -0.363094 -1
-0.770500 -0.588064 -1
-0.604185 -0.982863 -1
-0.426058 -0.680050 -1
-0.924647 -0.113088 -1
-0.703559 -0.438324 -1
-0.896134 -0.021457 1
-0.126238 -0.085535 -1
-0.827933 -0.888278 -1
-0.506649 -0.461617 1
-0.421381 -0.326456 -1
-0.552047 -0.386022 1
-0.110095 -0.570771 -1
-0.454895 -0.564478 -1
-0.214924 -0.631958 -1
-0.393471 -0.255414 -1
-0.561735 -0.456860 -1
-0.481024 -0.187379 -1
-0.219862 -0.677485 -1
-0.032625 -0.420338 -1
-0.549092 -0.262103 -1
-0.710874 -0.882234 -1
-0.460905 -0.434777 -1
-0.260401 -0.887471 -1
-0.148824 -0.262458 -1
-0.806018 -0.525722 -1
-0.762761 -0.328799 -1
-0.350801 -0.388845 -1
-0.743204 -0.392468 -1
-0.047267 -0.001815 -1
-0.964930 -0.623634 -1
-0.578198 -0.386741 -1
-0.659314 -0.529759 -1
-0.196074 -0.808406 -1
-0.565730 -0.854020 1
-0.227155 -0.734792 -1
-0.803809 -0.508417 -1
-0.760669 -0.610432 1
-0.275961 -0.545205 -1
-0.311732 -0.182269 -1
-0.757915 -0.407970 -1
-0.617075 -0.458260 1
-0.984929 -0.865685 1
-0.672089 -0.519912 -1
-0.841595 -0.947891 -1
-0.559249 -0.883499 -1
-0.584266 -0.465943 -1
-0.513829 -0.796273 -1
-0.497798 -0.534176 -1
0.344923 0.994934 1
0.596085 0.507859 -1
0.436169 0.679247 -1
0.032952 0.367283 1
0.209171 0.931810 -1
0.382507 0.356026 -1
0.601053 0.831570 -1
0.104740 0.507587 1
0.814047 0.709924 1
0.901237 0.670446 -1
0.098366 0.501362 1
0.184821 0.003326 -1
0.899993 0.379877 -1
0.631880 0.701596 1
0.262958 0.108225 -1
0.306716 0.487741 -1
0.766321 0.043628 1
0.627880 0.521452 -1
0.416049 0.900621 -1
0.610699 0.006380 -1
0.944819 0.921316 -1
0.671430 0.839612 -1
0.717021 0.545375 -1
0.962480 0.802151 -1
0.034728 0.156221 -1
0.326234 0.600331 1
0.122633 0.684325 1
0.881384 0.919283 -1
0.716059 0.449844 -1
0.991423 0.951736 -1
0.473459 0.274278 -1
0.884079 0.889197 -1
0.796258 0.698028 -1
0.507452 0.131941 -1
0.358542 0.733677 -1
0.181626 0.717016 -1
0.866279 0.243690 1
0.288264 0.422461 -1
0.797010 0.744502 -1
0.008744 0.235551 -1
0.230583 0.652026 -1
0.801610 0.420844 -1
0.215389 0.904291 -1
0.429518 0.970164 -1
0.324564 0.516680 -1
0.840997 0.914928 -1
0.204723 0.616188 1
0.413008 0.849925 -1
0.528075 0.993906 -1
0.635372 0.225286 -1
0.066969 0.641464 -1
0.843954 0.920265 1
0.444057 0.928706 -1
0.275896 0.902671 -1
0.757375 0.178430 -1
0.171364 0.757746 1
0.945356 0.609236 -1
0.645893 0.366959 -1
0.565318 0.395599 1
0.273303 0.417805 -1
0.904209 0.012549 -1
0.880470 0.893312 -1
0.866115 0.983913 -1
0.404894 0.253235 -1
0.065676 0.998422 -1
0.609442 0.848179 -1
0.283442 0.644136 -1
0.026049 0.858992 -1
0.119020 0.003480 -1
0.119136 0.575878 -1
0.870373 0.725167 -1
0.029415 0.713927 1
0.586996 0.731808 -1
0.018398 0.691281 -1
0.945513 0.223144 -1
0.803383 0.802495 -1
0.929980 0.471960 1
0.961278 0.406452 -1
0.884911 0.558222 1
0.522261 0.420445 -1
0.109419 0.025139 -1
0.449421 0.162423 -1
0.920730 0.112896 1
0.140771 0.623586 1
0.060904 0.869714 -1
0.292678 0.217147 -1
0.212128 0.106329 1
0.649849 0.620703 -1
0.774209 0.185929 -1
0.250169 0.839533 1
0.013520 0.000658 -1
0.997623 0.381332 -1
0.186251 0.338813 1
0.807567 0.460104 -1
0.000770 0.777434 -1
0.695409 0.869676 1
0.742433 0.054408 1
0.499477 0.927412 1
0.597176 0.746569 -1
0.585362 0.945483 1
0.037299 0.691097 -1
0.271821 0.676200 -1
0.118392 0.084477 -1
0.438602 0.362005 -1
0.461078 0.670338 -1
0.691475 0.403286 -1
0.555924 0.860280 -1
0.631231 0.192056 -1
0.563038 0.572680 -1
0.432210 0.197494 -1
0.146793 0.481029 -1
0.758889 0.412747 -1
0.464577 0.676839 -1
0.253395 0.106673 -1
0.058617 0.564865 -1
0.759259 0.707421 -1
0.126309 0.722287 -1
0.805906 0.953179 -1
0.582918 0.136200 1
0.156229 0.075871 -1
0.278454 0.173436 -1
0.477042 0.470128 -1
0.264598 0.880225 -1
0.914306 0.160038 -1
0.005146 0.208246 -1
0.415333 0.497883 1
0.044304 0.718583 -1
0.309058 0.060191 -1
0.037597 0.325387 1
0.161467 0.696652 -1
0.679068 0.254194 1
0.901381 0.450166 1
0.783632 0.992731 -1
0.002072 0.932020 -1
0.293216 0.774885 1
0.750719 0.767030 -1
0.527386 0.694332 1
0.321319 0.003733 -1
0.139270 0.077594 1
0.320763 0.120247 1
0.888406 0.617461 -1
0.950429 0.454594 1
0.428433 0.844494 -1
0.358756 0.005016 -1
0.451064 0.843751 -1
0.914683 0.333105 -1
0.623396 0.641572 1
0.863535 0.574955 -1
0.353278 0.137021 1
0.702190 0.832863 -1
0.878106 0.550944 -1
0.899857 0.066000 1
0.110652 0.096683 -1
0.690959 0.664675 1
0.465113 0.996024 -1
0.418810 0.549505 -1
0.308717 0.481733 -1
0.334850 0.005361 -1
0.675282 0.266578 -1
0.058772 0.286944 -1
0.808622 0.926548 -1
0.503294 0.138148 -1
0.293504 0.193174 -1
0.053397 0.144434 -1
0.230539 0.238842 -1
0.956089 0.263144 1
0.435734 0.345099 -1
0.518079 0.284584 1
0.776628 0.051086 -1
0.856116 0.639652 1
0.942875 0.499092 -1
0.619641 0.579646 -1
0.287996 0.731327 -1
0.953290 0.593971 -1
0.743461 0.962117 -1
0.149305 0.575150 -1
0.666684 0.305598 -1
0.849522 0.738672 -1
0.865520 0.947789 1
0.925315 0.157278 1
0.613661 0.134206 -1
0.345682 0.375082 1
0.682711 0.762472 -1
0.446885 0.508444 1
0.368629 0.315734 -1
0.014289 0.154158 -1
0.619422 0.422606 -1
0.424152 0.693528 -1
0.926608 0.453613 -1
0.287973 0.362340 1
0.062309 0.980915 -1
0.697418 0.655852 -1
0.992260 0.257226 -1
0.198504 0.819003 -1
0.312594 0.772800 -1
0.546031 0.891459 -1
0.642657 0.232732 -1
0.142227 0.930864 -1
0.456776 0.378046 -1
0.847161 0.836883 -1
0.904447 0.148711 1
0.824814 0.628789 1
0.515711 0.211584 -1
0.649122 0.634918 -1
0.243413 0.762881 -1
0.118818 0.918382 -1
0.173785 0.666992 1
0.323360 0.904030 -1
0.167178 0.704060 1
0.234618 0.992630 -1
0.822367 0.781405 -1
0.984521 0.401158 1
0.329568 0.139446 1
0.710531 0.955451 -1
0.205702 0.244867 -1
0.157391 0.873441 -1
0.065205 0.217101 1
0.997444 0.816290 -1
0.828080 0.005031 -1
0.985714 0.426453 -1
0.454949 0.767762 1
0.786241 0.420049 -1
0.275564 0.664128 -1
0.470937 0.748143 -1
0.311744 0.114063 -1
0.612648 0.788401 -1
0.479019 0.744594 -1
0.641083 0.372518 -1
0.591074 0.548222 1
0.529022 0.018309 -1
0.100674 0.288757 1
0.248664 0.739542 -1
0.981402 0.422169 -1
0.441055 0.162616 1
0.037260 0.467948 -1
0.553761 0.914386 -1
0.450229 0.896769 -1
0.226504 0.987495 -1
0.465846 0.940923 -1
0.822691 0.808249 -1
0.149118 0.674701 -1
0.747171 0.261944 -1
0.735449 0.857774 -1
0.839407 0.099816 -1
0.861834 0.422141 -1
0.764954 0.249355 -1
0.706949 0.666903 -1
0.598123 0.267551 -1
0.155895 0.720160 -1
0.311421 0.685734 -1
