-0.403753 0.449037 1
-0.767380 0.198033 1
-0.604641 0.248970 1
-0.000743 0.729148 -1
-0.942081 0.240063 -1
-0.793266 0.797140 1
-0.270457 0.618599 -1
-0.406585 0.754811 1
-0.927761 0.915800 1
-0.406111 0.479038 -1
-0.318626 0.433046 1
-0.638847 0.301580 1
-0.119063 0.631091 -1
-0.853549 0.573549 1
-0.283929 0.486540 1
-0.813814 0.795171 -1
-0.996175 0.244015 -1
-0.059151 0.644125 1
-0.192959 0.254445 -1
-0.939867 0.989474 1
-0.949779 0.926006 1
-0.680899 0.361477 -1
-0.802040 0.734880 1
-0.698628 0.475773 1
-0.657874 0.567603 1
0.228939 -0.039344 1
0.031778 -0.915433 1
0.461398 -0.564087 1
0.423268 -0.370692 -1
0.499667 -0.021802 1
0.948448 -0.385240 -1
0.556019 -0.152718 1
0.688512 -0.119744 -1
0.087771 -0.895597 1
0.206809 -0.565063 -1
0.439566 -0.455276 -1
0.245902 -0.834761 1
0.587075 -0.277200 1
0.776858 -0.936355 -1
0.348486 -0.144054 1
0.647031 -0.813236 -1
0.794286 -0.473091 1
0.936043 -0.501613 1
0.154449 -0.261947 1
0.442685 -0.699656 1
0.262295 -0.594312 -1
0.326819 -0.922958 1
0.568624 -0.676254 1
0.834063 -0.517611 1
0.429463 -0.778617 1
-0.641038 -0.844590 1
-0.810130 -0.224445 -1
-0.531259 -0.244513 -1
-0.848957 -0.392593 -1
-0.865288 -0.968735 -1
-0.628471 -0.137808 -1
-0.768897 -0.857792 -1
-0.501883 -0.411753 1
-0.316078 -0.799616 -1
-0.572384 -0.875984 -1
-0.133552 -0.272142 -1
-0.808005 -0.347846 -1
-0.233136 -0.682752 1
-0.907762 -0.618203 -1
-0.446910 -0.854664 1
-0.302101 -0.850757 -1
-0.154203 -0.590759 -1
-0.976714 -0.317925 -1
-0.690979 -0.123832 1
-0.657864 -0.423628 -1
-0.368618 -0.303275 -1
-0.893672 -0.860650 -1
-0.960812 -0.351622 -1
-0.864536 -0.240299 -1
-0.338962 -0.514224 -1
0.842607 0.842495 -1
0.748602 0.095731 1
0.085523 0.640904 1
0.602424 0.412608 -1
0.370569 0.954197 -1
0.774212 0.620798 -1
0.288405 0.618112 -1
0.244305 0.869031 -1
0.965109 0.122427 -1
0.375497 0.237500 -1
0.053386 0.370239 -1
0.797233 0.283440 -1
0.354081 0.965517 -1
0.235195 0.211762 -1
0.923617 0.563912 -1
0.712428 0.359159 -1
0.878499 0.705740 1
0.514536 0.168983 1
0.148742 0.597500 1
0.742404 0.790725 -1
0.778970 0.320353 -1
0.854198 0.354044 1
0.494226 0.428790 -1
0.748229 0.107017 1
0.608391 0.747631 1
