-0.119087 0.197200 1
-0.833544 0.873799 1
-0.806927 0.900033 1
-0.917481 0.132517 1
-0.549206 0.324680 -1
-0.612174 0.606006 -1
-0.089475 0.069256 1
-0.847598 0.289825 1
-0.609542 0.530862 -1
-0.528924 0.101296 1
-0.351104 0.242231 1
-0.505887 0.587977 -1
-0.510358 0.713261 -1
-0.982148 0.471792 -1
-0.954516 0.866230 -1
-0.076597 0.065186 1
-0.912815 0.195443 -1
-0.997330 0.580930 1
-0.341172 0.681729 1
-0.841703 0.250134 1
-0.051233 0.204719 1
-0.389053 0.580515 -1
-0.761469 0.701943 -1
-0.626932 0.892427 1
-0.451187 0.642252 1
0.798047 -0.861580 1
0.874961 -0.336594 1
0.109987 -0.334560 1
0.596682 -0.819412 1
0.118175 -0.460022 1
0.377672 -0.758213 1
0.688236 -0.670597 1
0.025587 -0.536881 1
0.837101 -0.690553 1
0.549179 -0.068211 -1
0.082081 -0.979001 -1
0.991034 -0.592766 -1
0.074966 -0.762720 -1
0.133704 -0.114232 1
0.648158 -0.506281 1
0.948434 -0.936578 1
0.588027 -0.957264 1
0.806511 -0.261474 1
0.829486 -0.170721 1
0.390329 -0.276595 -1
0.563833 -0.099970 1
0.023053 -0.422357 -1
0.001013 -0.506085 1
0.245938 -0.344023 1
0.626916 -0.533005 -1
-0.217244 -0.913304 1
-0.902692 -0.800392 1
-0.535666 -0.492739 -1
-0.267142 -0.893258 -1
-0.848772 -0.006679 -1
-0.476313 -0.064690 -1
-0.237490 -0.582011 1
-0.546773 -0.010410 -1
-0.560048 -0.358641 -1
-0.931428 -0.925948 1
-0.994404 -0.112995 -1
-0.022856 -0.958866 -1
-0.610315 -0.659180 1
-0.821591 -0.926634 -1
-0.388390 -0.852917 1
-0.666233 -0.167244 1
-0.976802 -0.450426 1
-0.445965 -0.892378 1
-0.337898 -0.976490 1
-0.890225 -0.846024 1
-0.129250 -0.177297 -1
-0.056687 -0.333921 -1
-0.156290 -0.061199 1
-0.764363 -0.932506 -1
-0.368653 -0.921175 1
0.803630 0.092687 1
0.474884 0.670186 1
0.527338 0.725918 -1
0.862694 0.894845 -1
0.722916 0.508591 -1
0.013680 0.261093 1
0.211497 0.571640 -1
0.002434 0.142939 -1
0.673351 0.419594 -1
0.589402 0.533022 1
0.018301 0.920195 -1
0.117284 0.146216 -1
0.177289 0.161113 -1
0.524484 0.290243 -1
0.845932 0.618782 1
0.054781 0.977338 -1
0.550836 0.551548 1
0.328336 0.388815 -1
0.383869 0.043028 1
0.427390 0.858516 -1
0.269257 0.229327 1
0.447437 0.598358 -1
0.808577 0.516681 1
0.360378 0.811155 1
0.598468 0.745476 -1
