-0.146134 0.224129 1
-0.168995 0.278504 -1
-0.030487 0.535299 1
-0.367111 0.124577 1
-0.939345 0.934368 1
-0.317488 0.327762 1
-0.440252 0.490598 1
-0.743444 0.894539 -1
-0.122077 0.603546 -1
-0.230644 0.130725 1
-0.668990 0.513678 1
-0.306917 0.206315 1
-0.702558 0.152773 1
-0.028145 0.554787 -1
-0.757723 0.215292 1
-0.072549 0.126989 -1
-0.014385 0.109598 1
-0.618870 0.578480 1
-0.159781 0.412587 1
-0.701365 0.657811 1
-0.648207 0.604339 1
-0.534331 0.344129 1
-0.501200 0.684442 1
-0.218792 0.768010 1
-0.363818 0.906896 1
0.315986 -0.545946 1
0.734279 -0.307270 -1
0.868601 -0.014510 -1
0.765760 -0.589526 -1
0.725148 -0.431324 1
0.961371 -0.729660 1
0.036260 -0.828373 -1
0.413476 -0.310764 -1
0.540598 -0.319560 -1
0.055913 -0.411727 1
0.700706 -0.339637 -1
0.308208 -0.126967 1
0.615536 -0.572272 -1
0.868628 -0.241551 1
0.920976 -0.532063 -1
0.269521 -0.368681 1
0.488969 -0.455373 1
0.864264 -0.923628 1
0.113711 -0.541156 1
0.277326 -0.442750 1
0.759918 -0.963455 -1
0.014341 -0.324520 1
0.617321 -0.004479 1
0.982827 -0.297345 1
0.230846 -0.276376 -1
-0.775657 -0.747524 1
-0.083999 -0.767801 1
-0.653193 -0.752839 -1
-0.998720 -0.566614 1
-0.501736 -0.253717 -1
-0.234782 -0.815166 -1
-0.924452 -0.216532 -1
-0.579613 -0.380616 -1
-0.836698 -0.926788 -1
-0.966779 -0.024972 -1
-0.010331 -0.354193 -1
-0.627490 -0.643767 -1
-0.629424 -0.935781 -1
-0.222687 -0.901722 1
-0.629574 -0.008289 -1
-0.158477 -0.254327 -1
-0.376826 -0.350336 -1
-0.367851 -0.755928 -1
-0.347296 -0.279240 -1
-0.743379 -0.316048 -1
-0.058552 -0.318855 -1
-0.035028 -0.265068 -1
-0.021038 -0.626201 1
-0.199067 -0.419943 1
-0.344239 -0.367461 -1
0.157379 0.129451 1
0.269574 0.637547 -1
0.529225 0.261408 -1
0.014114 0.282045 -1
0.841855 0.799251 -1
0.349889 0.348860 -1
0.693794 0.116015 -1
0.728716 0.392863 1
0.021239 0.898544 -1
0.042453 0.722770 -1
0.441487 0.355860 -1
0.321273 0.953193 -1
0.595308 0.398367 1
0.784061 0.529549 1
0.755059 0.586595 -1
0.258459 0.690656 1
0.889396 0.687154 1
0.394309 0.433129 -1
0.215120 0.546265 -1
0.513281 0.611359 -1
0.435524 0.762051 -1
0.725361 0.507717 -1
0.332463 0.541487 1
0.399569 0.151107 -1
0.399796 0.399776 1
