-0.401225 0.693655 1
-0.470089 0.901122 1
-0.617761 0.058432 1
-0.394436 0.039600 1
-0.944964 0.281724 1
-0.363611 0.020720 1
-0.434696 0.296025 1
-0.633811 0.488201 1
-0.639492 0.874280 1
-0.067881 0.555623 1
-0.378749 0.550666 -1
-0.002221 0.000295 1
-0.089020 0.836950 1
-0.240403 0.034065 1
-0.750937 0.956045 1
-0.858597 0.194392 -1
-0.093848 0.289532 1
-0.289217 0.716912 1
-0.209679 0.539786 1
-0.463310 0.983158 1
-0.404874 0.194740 1
-0.373892 0.841501 1
-0.000982 0.832912 1
-0.108785 0.443932 1
-0.745283 0.462640 1
-0.095750 0.127337 1
-0.049272 0.088097 1
-0.252670 0.558771 1
-0.694459 0.050807 -1
-0.056062 0.009659 1
-0.647831 0.424816 1
-0.449172 0.332206 1
-0.063412 0.139054 1
-0.765293 0.301373 1
-0.671272 0.115690 1
-0.805615 0.889253 1
-0.386538 0.626363 1
-0.611335 0.005931 1
-0.243421 0.942184 1
-0.621549 0.586814 1
-0.667405 0.585677 1
-0.703770 0.617279 1
-0.362639 0.870037 1
-0.181333 0.795003 1
-0.933146 0.314801 1
-0.247700 0.141657 1
-0.140877 0.927040 1
-0.820709 0.345860 -1
-0.213210 0.256482 1
-0.187897 0.144278 1
-0.367566 0.905576 -1
-0.697403 0.866745 -1
-0.082332 0.039311 -1
-0.707035 0.178657 1
-0.875413 0.444045 1
-0.377834 0.802047 1
-0.820571 0.502576 1
-0.829117 0.856520 1
-0.738297 0.563067 1
-0.764525 0.089818 1
-0.092389 0.558159 1
-0.980972 0.301584 1
-0.521549 0.473627 1
-0.710733 0.041284 1
-0.956106 0.889285 1
-0.438487 0.653626 1
-0.613776 0.441241 1
-0.491901 0.995873 1
-0.053003 0.942432 1
-0.359749 0.429170 1
-0.205577 0.175782 1
-0.039342 0.351829 1
-0.377601 0.800360 1
-0.412335 0.649307 1
-0.573732 0.497150 1
-0.775494 0.273252 1
-0.508491 0.207007 1
-0.034522 0.635274 -1
-0.388694 0.193765 1
-0.847451 0.400767 1
-0.268616 0.927993 1
-0.886320 0.259042 1
-0.030713 0.818961 1
-0.413108 0.013914 1
-0.397383 0.320961 1
-0.377724 0.536150 1
-0.816886 0.200498 1
-0.963911 0.638155 1
-0.695865 0.174042 1
-0.266871 0.197426 1
-0.659557 0.980208 1
-0.248840 0.214164 1
-0.110362 0.170074 1
-0.750166 0.929456 1
-0.195139 0.455552 1
-0.138361 0.732221 -1
-0.276133 0.918777 1
-0.202411 0.139069 1
-0.792321 0.748531 1
-0.324385 0.180115 -1
-0.694530 0.604013 1
-0.480977 0.702900 1
-0.708864 0.073668 1
-0.267338 0.419500 1
-0.656893 0.770031 -1
-0.144776 0.024026 1
-0.029682 0.776290 1
-0.085927 0.238671 1
-0.080715 0.642309 1
-0.159759 0.278571 1
-0.904812 0.870107 1
-0.632900 0.673461 1
-0.670853 0.394702 1
-0.580937 0.473083 1
-0.073807 0.804315 -1
-0.792482 0.970384 1
-0.845401 0.018996 1
-0.547236 0.383228 -1
-0.496168 0.521355 1
-0.641709 0.715735 1
-0.003887 0.266989 1
-0.307824 0.084065 1
-0.147908 0.295618 1
-0.185855 0.384064 1
-0.990386 0.911877 1
-0.820126 0.474906 1
-0.444742 0.060827 -1
-0.797820 0.417503 1
-0.351099 0.812830 1
-0.885801 0.687662 1
-0.835030 0.703167 -1
-0.741607 0.011235 1
-0.138548 0.123209 1
-0.536605 0.428546 1
-0.318252 0.158098 1
-0.096676 0.705348 1
-0.219686 0.401538 1
-0.840773 0.631411 1
-0.040846 0.766679 1
-0.094260 0.821013 1
-0.258314 0.436878 -1
-0.988422 0.841489 -1
-0.971117 0.216660 1
-0.122858 0.015627 1
-0.873244 0.126520 1
-0.767091 0.123188 1
-0.979288 0.558114 1
-0.313292 0.816052 -1
-0.424358 0.422794 1
-0.218214 0.492392 1
-0.526888 0.112013 1
-0.740932 0.053035 -1
-0.015893 0.130688 1
-0.369408 0.280326 1
-0.216370 0.284682 1
-0.233566 0.424252 1
-0.771642 0.423224 -1
-0.869202 0.129053 1
-0.024757 0.061398 1
-0.396167 0.712412 1
-0.496852 0.599243 1
-0.004236 0.902555 1
-0.465505 0.010795 1
-0.674103 0.437462 1
-0.194448 0.197477 1
-0.891575 0.585406 1
-0.499972 0.008958 1
-0.301369 0.409961 1
-0.398214 0.667861 -1
-0.745057 0.106105 1
-0.887023 0.913534 1
-0.497374 0.652985 1
-0.787463 0.520629 1
-0.491674 0.687982 1
-0.713485 0.748663 1
-0.907112 0.809813 -1
-0.553696 0.364244 1
-0.086131 0.876004 1
-0.394755 0.172269 1
-0.790365 0.316756 1
-0.181900 0.869106 1
-0.422060 0.172651 -1
-0.383992 0.870074 1
-0.153283 0.018100 -1
-0.898964 0.247468 1
-0.785475 0.838968 1
-0.118612 0.501964 1
-0.920622 0.193874 1
-0.181920 0.240660 1
-0.160021 0.160440 -1
-0.810100 0.313681 1
-0.418142 0.255384 1
-0.839634 0.618390 -1
-0.408361 0.822051 1
-0.392664 0.152481 1
-0.444840 0.502972 1
-0.925546 0.379197 1
-0.059269 0.486776 -1
-0.738058 0.653832 1
-0.408539 0.470380 1
-0.635855 0.775162 -1
-0.531788 0.518098 1
-0.779824 0.448269 1
-0.235666 0.476064 1
-0.451536 0.036557 1
-0.391630 0.898512 -1
-0.432951 0.257312 1
-0.377751 0.545724 1
-0.655246 0.176654 1
-0.931259 0.537351 1
-0.073445 0.138518 1
-0.074474 0.343968 1
-0.750566 0.340406 1
-0.162018 0.820955 -1
-0.390710 0.742442 -1
-0.495019 0.142841 1
-0.459725 0.422231 1
-0.056261 0.291434 1
-0.602352 0.828854 1
-0.621238 0.914562 -1
-0.889153 0.705723 1
-0.951588 0.659319 1
-0.114708 0.131023 1
-0.825317 0.770097 1
-0.041662 0.931841 1
-0.319687 0.118844 1
-0.146887 0.351881 1
-0.914372 0.366004 1
-0.888462 0.893934 1
-0.716950 0.289377 1
-0.678039 0.749410 -1
-0.700818 0.930732 1
-0.187831 0.787738 1
-0.235542 0.254921 -1
-0.412005 0.973257 -1
-0.925498 0.188217 -1
-0.505194 0.361835 1
-0.535637 0.918034 1
-0.353514 0.630154 1
-0.625950 0.130361 -1
-0.700851 0.622264 1
-0.572298 0.838615 1
-0.973054 0.567715 1
-0.308836 0.849450 1
-0.977518 0.210568 1
-0.612263 0.437824 1
-0.123880 0.242028 -1
-0.438203 0.679048 1
-0.058501 0.614924 1
-0.565143 0.493981 1
0.772833 -0.942474 -1
0.486668 -0.001153 1
0.434922 -0.031572 1
0.577447 -0.452937 1
0.486150 -0.498126 1
0.416595 -0.998257 1
0.821392 -0.750183 1
0.658549 -0.079246 1
0.326842 -0.830921 1
0.162336 -0.191985 1
0.827698 -0.356378 1
0.551245 -0.492983 1
0.185615 -0.669828 -1
0.902093 -0.695622 1
0.385060 -0.438478 1
0.729913 -0.480580 1
0.385543 -0.374576 1
0.395029 -0.076837 1
0.555563 -0.074833 -1
0.883314 -0.453922 1
0.738684 -0.916051 1
0.052536 -0.692817 1
0.987021 -0.687923 1
0.364096 -0.830032 1
0.716054 -0.575076 1
0.628823 -0.847620 1
0.866713 -0.768734 1
0.574782 -0.662184 1
0.925656 -0.458484 1
0.275555 -0.733007 1
0.190934 -0.771032 1
0.022856 -0.452348 1
0.205500 -0.013158 1
0.513280 -0.508707 1
0.308466 -0.815007 1
0.908951 -0.675319 1
0.055673 -0.533889 1
0.683120 -0.936073 -1
0.317106 -0.262312 1
0.769412 -0.385745 -1
0.724916 -0.459007 1
0.324909 -0.041418 -1
0.157034 -0.820280 1
0.608980 -0.310502 1
0.819363 -0.641203 1
0.194071 -0.556089 -1
0.103727 -0.317447 -1
0.697770 -0.051485 1
0.622828 -0.382162 1
0.596574 -0.774246 -1
0.994459 -0.857015 1
0.114196 -0.636047 1
0.624135 -0.490421 -1
0.006861 -0.163470 1
0.200388 -0.325421 1
0.157581 -0.288900 1
0.569992 -0.507672 1
0.981804 -0.737331 1
0.500686 -0.945019 1
0.315046 -0.958125 1
0.446812 -0.265420 1
0.491306 -0.922387 1
0.141062 -0.984020 1
0.948902 -0.429887 1
0.565694 -0.899025 1
0.924790 -0.648032 -1
0.188311 -0.342909 1
0.328377 -0.390365 1
0.648648 -0.034106 1
0.574522 -0.976471 1
0.448428 -0.815784 1
0.530907 -0.612174 1
0.909781 -0.008837 1
0.745306 -0.643889 -1
0.983331 -0.844699 1
0.189405 -0.838878 1
0.070239 -0.059526 1
0.101190 -0.400056 -1
0.290768 -0.605689 -1
0.819408 -0.325513 1
0.837557 -0.145351 1
0.095643 -0.132960 1
0.424272 -0.990717 -1
0.451239 -0.544446 1
0.328155 -0.977184 1
0.581164 -0.488858 1
0.293067 -0.527478 1
0.099330 -0.858209 1
0.578250 -0.770768 -1
0.354153 -0.921328 1
0.243664 -0.009498 1
0.743359 -0.983489 1
0.229577 -0.525487 1
0.511654 -0.907743 1
0.871790 -0.908012 -1
0.304761 -0.688115 1
0.458723 -0.930261 1
0.712017 -0.465327 1
0.492157 -0.219372 1
0.463717 -0.139205 -1
0.080890 -0.118749 1
0.286472 -0.514744 1
0.761345 -0.497076 1
0.636293 -0.343257 1
0.140049 -0.059783 1
0.575950 -0.932779 1
0.259228 -0.926809 1
0.936181 -0.795808 1
0.924824 -0.823214 -1
0.748771 -0.485293 1
0.198503 -0.191284 1
0.246027 -0.196449 1
0.229065 -0.840294 1
0.171767 -0.890842 1
0.056811 -0.063726 1
0.949391 -0.456823 1
0.666915 -0.394215 1
0.476090 -0.422892 1
0.998298 -0.090641 1
0.657288 -0.522969 1
0.422481 -0.738626 1
0.836371 -0.133913 1
0.014476 -0.476339 1
0.646522 -0.798268 1
0.717146 -0.612274 -1
0.690061 -0.207038 1
0.226927 -0.967002 1
0.807882 -0.943844 1
0.096967 -0.881897 1
0.425750 -0.677405 -1
0.141044 -0.515824 1
0.374303 -0.862482 1
0.174598 -0.075244 -1
0.773830 -0.364272 1
0.673763 -0.807243 1
0.699718 -0.821862 1
0.214705 -0.486501 1
0.049463 -0.503289 1
0.616511 -0.113195 1
0.782055 -0.861700 1
0.711471 -0.842508 -1
0.913103 -0.510037 -1
0.581664 -0.740360 1
0.739824 -0.541895 1
0.955751 -0.785181 1
0.652347 -0.524319 1
0.917488 -0.842641 1
0.099316 -0.619972 1
0.936032 -0.112780 1
0.056566 -0.940751 1
0.203897 -0.975779 1
0.928016 -0.114942 1
0.016411 -0.294375 1
0.888129 -0.312807 1
0.614874 -0.544387 1
0.556142 -0.653064 1
0.683622 -0.604292 -1
0.583372 -0.995518 1
0.461079 -0.895243 -1
0.912696 -0.473667 -1
0.993077 -0.799039 -1
0.110054 -0.371517 1
0.775436 -0.240984 1
0.161320 -0.549092 1
0.376852 -0.479848 1
0.343316 -0.753924 1
0.413101 -0.048108 1
0.245256 -0.993198 1
0.611488 -0.548899 -1
0.602015 -0.512226 1
0.593035 -0.238933 1
0.643484 -0.113081 1
0.159825 -0.062556 1
0.686737 -0.768496 -1
0.320093 -0.860129 1
0.165384 -0.243251 1
0.365658 -0.147838 1
0.854942 -0.037302 1
0.710864 -0.907098 -1
0.220107 -0.364384 1
0.241562 -0.539453 1
0.490891 -0.427423 -1
0.014835 -0.134257 1
0.720858 -0.700982 -1
0.893013 -0.138016 1
0.823896 -0.216202 1
0.462598 -0.760048 1
0.654970 -0.403996 1
0.227787 -0.979713 1
0.673126 -0.536322 -1
0.828043 -0.122138 1
0.817459 -0.633119 -1
0.307245 -0.330174 1
0.682684 -0.596478 -1
0.320468 -0.890806 1
0.293647 -0.490275 1
0.301729 -0.579629 1
0.914882 -0.137432 1
0.269938 -0.693943 1
0.603960 -0.003923 1
0.295314 -0.127979 1
0.034032 -0.971977 1
0.355220 -0.673855 1
0.606413 -0.656308 -1
0.409269 -0.876026 1
0.280224 -0.134214 1
0.479076 -0.756544 1
0.776150 -0.499206 1
0.648973 -0.635949 1
0.040101 -0.500250 -1
0.529078 -0.425241 -1
0.162465 -0.403055 -1
0.968463 -0.720537 -1
0.434503 -0.640818 -1
0.177227 -0.860546 -1
0.522246 -0.601671 1
0.626393 -0.275563 1
0.753450 -0.558296 1
0.328906 -0.480214 1
0.757315 -0.595549 1
0.756810 -0.420717 1
0.077353 -0.105976 1
0.004648 -0.617173 -1
0.510640 -0.774742 1
0.304786 -0.879894 1
0.221121 -0.041800 1
0.536407 -0.931230 1
0.598530 -0.857682 1
0.868751 -0.770670 1
0.394533 -0.446945 -1
0.235091 -0.104440 1
0.461157 -0.561917 1
0.790990 -0.790057 1
0.564842 -0.590370 -1
0.627313 -0.391545 -1
0.831925 -0.247434 1
0.107462 -0.935138 -1
0.231793 -0.506967 1
0.036102 -0.845318 1
0.470459 -0.106438 1
0.563606 -0.657637 1
0.514676 -0.638738 1
0.055858 -0.266831 1
0.486460 -0.971336 1
0.871866 -0.089031 -1
0.356578 -0.378562 1
0.523744 -0.702645 1
0.608601 -0.320839 1
0.454690 -0.012292 1
0.735745 -0.616851 1
-0.130489 -0.833099 -1
-0.541616 -0.727176 -1
-0.738934 -0.481010 -1
-0.411365 -0.947367 -1
-0.563749 -0.779239 -1
-0.589240 -0.996816 -1
-0.053219 -0.235244 1
-0.983102 -0.887311 -1
-0.204451 -0.680366 1
-0.338909 -0.652011 -1
-0.797809 -0.985907 -1
-0.776971 -0.107706 -1
-0.921136 -0.633051 -1
-0.768245 -0.970959 1
-0.051887 -0.126334 1
-0.311176 -0.568301 -1
-0.305565 -0.382955 -1
-0.246801 -0.971268 1
-0.967297 -0.618094 -1
-0.886523 -0.282758 -1
-0.567072 -0.887505 -1
-0.087786 -0.216485 1
-0.056795 -0.810359 -1
-0.813513 -0.209532 -1
-0.683122 -0.657439 -1
-0.597457 -0.079254 -1
-0.738974 -0.302867 1
-0.683310 -0.111590 -1
-0.442454 -0.819635 -1
-0.992958 -0.653777 1
-0.356564 -0.807117 -1
-0.847493 -0.698854 1
-0.157252 -0.407537 -1
-0.611040 -0.900004 1
-0.460016 -0.750038 -1
-0.531686 -0.186877 -1
-0.918011 -0.207336 -1
-0.980244 -0.532443 1
-0.938268 -0.079827 1
-0.538330 -0.333291 1
-0.363740 -0.719464 -1
-0.452047 -0.107320 -1
-0.717854 -0.212360 -1
-0.264902 -0.633812 -1
-0.469431 -0.425594 -1
-0.226972 -0.872330 -1
-0.956393 -0.309516 -1
-0.385400 -0.100934 -1
-0.667265 -0.323456 -1
-0.767717 -0.821130 -1
-0.891183 -0.920000 -1
-0.554398 -0.987741 1
-0.042868 -0.912185 1
-0.287875 -0.070357 1
-0.641908 -0.444011 -1
-0.075066 -0.824666 -1
-0.179437 -0.786912 -1
-0.618635 -0.973465 1
-0.091953 -0.379952 -1
-0.407203 -0.745599 -1
-0.846083 -0.906837 -1
-0.473102 -0.693696 -1
-0.852979 -0.716807 -1
-0.532010 -0.715464 -1
-0.501143 -0.252521 1
-0.022709 -0.611002 -1
-0.643731 -0.590789 1
-0.634096 -0.106710 -1
-0.627857 -0.364428 -1
-0.561105 -0.559525 -1
-0.385287 -0.972051 -1
-0.999661 -0.095022 -1
-0.461881 -0.468491 -1
-0.038739 -0.691467 -1
-0.822156 -0.611435 1
-0.992627 -0.016656 -1
-0.557371 -0.100346 -1
-0.093146 -0.229191 -1
-0.019519 -0.395891 -1
-0.181346 -0.096251 -1
-0.498051 -0.947588 -1
-0.053635 -0.120180 1
-0.504245 -0.013281 -1
-0.517103 -0.098769 -1
-0.069542 -0.160640 -1
-0.452467 -0.964275 -1
-0.163409 -0.226770 1
-0.169242 -0.687897 1
-0.289673 -0.602915 -1
-0.161950 -0.642285 -1
-0.342316 -0.985986 -1
-0.981675 -0.309147 1
-0.444388 -0.668428 1
-0.862911 -0.504992 -1
-0.388216 -0.270795 1
-0.272209 -0.730464 -1
-0.956700 -0.395113 1
-0.977658 -0.466725 -1
-0.875078 -0.183393 1
-0.226562 -0.389213 -1
-0.623323 -0.976575 -1
-0.873107 -0.264072 -1
-0.507010 -0.587000 -1
-0.886713 -0.802560 -1
-0.618620 -0.663753 1
-0.598607 -0.892245 1
-0.736460 -0.117513 -1
-0.710851 -0.685067 -1
-0.528834 -0.638718 -1
-0.164988 -0.847175 -1
-0.844677 -0.181154 1
-0.447356 -0.839389 -1
-0.237334 -0.272113 1
-0.818844 -0.247524 1
-0.657932 -0.217848 1
-0.871426 -0.289633 -1
-0.726955 -0.488234 -1
-0.499101 -0.360472 1
-0.602785 -0.524419 -1
-0.039882 -0.999536 -1
-0.968128 -0.926809 -1
-0.963730 -0.328824 -1
-0.510894 -0.656026 -1
-0.438407 -0.577922 -1
-0.724141 -0.282555 -1
-0.457853 -0.636639 -1
-0.508235 -0.291583 -1
-0.792872 -0.968504 -1
-0.353798 -0.707552 -1
-0.183995 -0.254318 1
-0.483747 -0.042865 -1
-0.800709 -0.960890 -1
-0.425983 -0.794899 -1
-0.285454 -0.559130 -1
-0.721620 -0.610575 -1
-0.821100 -0.328090 -1
-0.884372 -0.038376 1
-0.182421 -0.721214 1
-0.845809 -0.080190 -1
-0.280644 -0.964766 -1
-0.665561 -0.663016 -1
-0.238180 -0.274556 -1
-0.084316 -0.022722 -1
-0.924906 -0.017316 -1
-0.593144 -0.063553 -1
-0.837645 -0.255713 -1
-0.426056 -0.021208 -1
-0.032642 -0.043098 -1
-0.292563 -0.156696 -1
-0.344041 -0.191663 -1
-0.044059 -0.531727 -1
-0.984123 -0.187096 -1
-0.439264 -0.448995 -1
-0.102362 -0.393134 -1
-0.370613 -0.954811 1
-0.212262 -0.592688 -1
-0.566859 -0.219262 1
-0.599463 -0.251526 -1
-0.153001 -0.749712 1
-0.594310 -0.662115 -1
-0.239625 -0.357704 -1
-0.525160 -0.994441 -1
-0.180281 -0.906668 -1
-0.246428 -0.686241 -1
-0.388342 -0.081670 -1
-0.283174 -0.585262 -1
-0.434216 -0.243301 1
-0.514017 -0.575581 -1
-0.600036 -0.384957 -1
-0.837934 -0.838235 1
-0.704000 -0.275295 -1
-0.040887 -0.504102 -1
-0.617822 -0.225360 -1
-0.307672 -0.331498 -1
-0.218293 -0.455137 -1
-0.195470 -0.101088 -1
-0.977425 -0.517914 -1
-0.273744 -0.822666 -1
-0.542015 -0.843402 -1
-0.889513 -0.535604 -1
-0.067894 -0.805137 1
-0.542897 -0.899723 1
-0.887079 -0.774577 -1
-0.420547 -0.849151 -1
-0.962620 -0.084333 -1
-0.775278 -0.661304 -1
-0.951830 -0.595972 -1
-0.476377 -0.671538 -1
-0.992712 -0.183388 -1
-0.675356 -0.409055 -1
-0.959177 -0.608031 1
-0.481345 -0.562042 -1
-0.409404 -0.922442 -1
-0.904090 -0.839418 -1
-0.989972 -0.175764 1
-0.887327 -0.605278 -1
-0.698993 -0.344141 -1
-0.653260 -0.835101 -1
-0.166292 -0.895362 -1
-0.530961 -0.005161 -1
-0.288672 -0.246211 1
-0.322782 -0.085972 1
-0.026097 -0.142599 -1
-0.814256 -0.017841 -1
-0.892313 -0.106882 -1
-0.681394 -0.367081 -1
-0.859459 -0.034242 -1
-0.178511 -0.447173 -1
-0.225486 -0.164147 -1
-0.918674 -0.798334 1
-0.555173 -0.518977 -1
-0.834377 -0.938183 1
-0.311331 -0.605627 -1
-0.811829 -0.300376 -1
-0.653694 -0.407958 -1
-0.076776 -0.201586 -1
-0.184474 -0.828976 -1
-0.526610 -0.977398 1
-0.875727 -0.443831 -1
-0.679277 -0.106557 -1
-0.985671 -0.663838 1
-0.438881 -0.608163 -1
-0.469299 -0.578110 1
-0.687509 -0.244568 -1
-0.067109 -0.271950 -1
-0.854931 -0.574590 1
-0.061949 -0.382369 -1
-0.474687 -0.995488 -1
-0.129191 -0.891782 -1
-0.247088 -0.343001 -1
-0.113253 -0.384797 -1
-0.802510 -0.731192 -1
-0.148084 -0.341804 -1
-0.251810 -0.110468 -1
-0.347497 -0.246811 1
-0.402577 -0.956885 -1
-0.226088 -0.107506 -1
-0.780817 -0.827474 1
-0.251769 -0.713199 1
-0.836127 -0.039619 -1
-0.986888 -0.502781 -1
-0.119117 -0.614870 -1
-0.003630 -0.937197 -1
-0.460370 -0.702051 -1
-0.624209 -0.405850 -1
-0.948245 -0.750874 -1
-0.999464 -0.908923 -1
-0.448998 -0.339648 -1
-0.706262 -0.428830 1
-0.675269 -0.074040 -1
0.007782 0.193455 1
0.632433 0.388564 -1
0.351776 0.088522 -1
0.715210 0.260501 -1
0.896120 0.447820 -1
0.889151 0.037740 -1
0.016079 0.872061 -1
0.386263 0.541190 -1
0.810488 0.812401 -1
0.115881 0.769733 -1
0.727455 0.911946 1
0.897209 0.240943 -1
0.985261 0.346999 -1
0.057617 0.742926 1
0.518822 0.370983 -1
0.411736 0.265705 1
0.471199 0.213026 -1
0.563441 0.067474 -1
0.022540 0.664596 -1
0.268901 0.686690 -1
0.969603 0.511718 -1
0.746960 0.711241 -1
0.505299 0.518628 -1
0.616260 0.742862 1
0.134284 0.436473 -1
0.997027 0.058139 -1
0.232131 0.095078 -1
0.249672 0.559226 -1
0.431781 0.516132 -1
0.988901 0.421013 -1
0.878415 0.209733 1
0.519481 0.830577 -1
0.907700 0.872291 -1
0.726404 0.036532 -1
0.409938 0.473370 -1
0.015923 0.222977 -1
0.667477 0.001190 -1
0.528490 0.977301 -1
0.364963 0.316510 1
0.949460 0.966117 -1
0.805397 0.188107 -1
0.761741 0.609595 -1
0.683121 0.682837 -1
0.616514 0.480288 -1
0.977788 0.702141 1
0.073694 0.580382 1
0.176594 0.548007 -1
0.439692 0.060651 -1
0.949567 0.862203 -1
0.246764 0.136815 -1
0.860677 0.303999 -1
0.809078 0.701958 -1
0.664333 0.817366 1
0.933488 0.322983 -1
0.483355 0.266476 1
0.095999 0.433084 -1
0.471051 0.805579 -1
0.667354 0.892845 -1
0.305050 0.463225 -1
0.266233 0.406680 1
0.428631 0.544167 -1
0.540562 0.922302 -1
0.759186 0.220357 -1
0.106951 0.074709 1
0.295286 0.208837 -1
0.353344 0.495405 -1
0.963023 0.927223 -1
0.323289 0.586582 -1
0.534584 0.306729 -1
0.351522 0.128226 1
0.337725 0.371591 -1
0.162007 0.230958 -1
0.398554 0.140389 1
0.258769 0.295782 -1
0.155779 0.486999 -1
0.027663 0.835706 -1
0.483475 0.464245 -1
0.649061 0.858009 -1
0.010824 0.657536 1
0.470513 0.717154 -1
0.911223 0.094384 -1
0.806989 0.857273 -1
0.983271 0.201411 -1
0.935174 0.704290 -1
0.352922 0.051155 -1
0.415266 0.354072 -1
0.390850 0.808070 -1
0.209960 0.957482 -1
0.474442 0.946419 1
0.072491 0.502769 -1
0.371992 0.773602 1
0.128827 0.277397 1
0.797481 0.509438 -1
0.670446 0.827279 1
0.217620 0.907219 -1
0.263690 0.963375 -1
0.818731 0.815045 -1
0.674794 0.130689 -1
0.802646 0.539556 -1
0.766667 0.889178 -1
0.925846 0.774624 -1
0.790295 0.680067 -1
0.326187 0.038568 -1
0.528727 0.338940 -1
0.005486 0.436306 -1
0.720054 0.675584 -1
0.077475 0.128369 -1
0.586675 0.263049 -1
0.274624 0.902512 -1
0.610013 0.739177 -1
0.843966 0.341087 -1
0.251773 0.627634 -1
0.830982 0.380969 -1
0.522781 0.314477 -1
0.972064 0.261893 -1
0.437458 0.766629 1
0.439654 0.172863 -1
0.278429 0.654788 -1
0.249162 0.301169 -1
0.477489 0.330543 1
0.544422 0.459041 -1
0.255534 0.018665 -1
0.633090 0.589690 1
0.374970 0.473471 -1
0.605255 0.577687 1
0.543416 0.784620 -1
0.394977 0.617264 -1
0.039214 0.342608 1
0.291907 0.405243 -1
0.871409 0.238119 -1
0.829149 0.238312 -1
0.240503 0.939847 1
0.228909 0.751277 -1
0.261343 0.244878 -1
0.064246 0.515813 -1
0.053823 0.103625 -1
0.219663 0.747148 -1
0.437134 0.135841 1
0.477640 0.822663 -1
0.687173 0.642497 -1
0.248611 0.929164 -1
0.460531 0.306808 1
0.842191 0.024042 1
0.047851 0.788446 -1
0.524645 0.607748 -1
0.739881 0.576619 -1
0.707056 0.664955 -1
0.639561 0.301996 -1
0.730016 0.727023 1
0.741503 0.830486 -1
0.854234 0.965469 -1
0.211553 0.967067 -1
0.712691 0.334943 -1
0.564179 0.252495 -1
0.080573 0.269627 -1
0.528953 0.945887 -1
0.468064 0.243739 -1
0.895572 0.944400 -1
0.976447 0.431413 1
0.932991 0.027733 -1
0.858442 0.314061 1
0.683823 0.228689 -1
0.151887 0.870087 1
0.417521 0.056427 -1
0.213820 0.895149 -1
0.234858 0.261275 1
0.265473 0.035423 -1
0.732966 0.614083 -1
0.742915 0.255144 1
0.521730 0.301112 -1
0.499938 0.339691 -1
0.005010 0.965892 -1
0.658293 0.194185 -1
0.527056 0.609573 1
0.808247 0.544432 -1
0.163520 0.348259 -1
0.271153 0.541271 -1
0.687747 0.113568 -1
0.140458 0.583146 -1
0.946350 0.740265 -1
0.137813 0.642011 -1
0.325002 0.391141 1
0.749868 0.333995 -1
0.225008 0.844521 -1
0.674510 0.509000 -1
0.801131 0.767258 1
0.265560 0.853135 -1
0.419369 0.197161 -1
0.399277 0.810024 -1
0.760115 0.039081 -1
0.089810 0.590834 1
0.686065 0.708824 -1
0.096092 0.486453 1
0.437958 0.410161 -1
0.330652 0.971332 1
0.384277 0.991300 1
0.177537 0.989528 -1
0.205456 0.257175 -1
0.564584 0.436501 -1
0.777524 0.726702 -1
0.184637 0.387133 -1
0.645124 0.720250 1
0.140880 0.873965 -1
0.889877 0.117956 -1
0.532907 0.410501 -1
0.724850 0.028796 1
0.418671 0.306380 -1
0.768385 0.340442 -1
0.787310 0.509385 -1
0.880073 0.993968 1
0.776241 0.407842 -1
0.814080 0.850400 1
0.761149 0.904584 -1
0.430099 0.049925 1
0.968074 0.577765 -1
0.350696 0.715573 1
0.372895 0.963071 -1
0.871704 0.314939 -1
0.740974 0.608929 -1
0.119696 0.368732 -1
0.116741 0.288037 -1
0.745581 0.767105 -1
0.971770 0.857217 1
0.602364 0.273170 -1
0.231930 0.827806 -1
0.151599 0.607704 1
0.764037 0.445492 -1
0.556021 0.892511 -1
0.836901 0.201210 -1
0.666693 0.085650 -1
0.450505 0.580226 -1
0.050355 0.507582 -1
0.813734 0.121205 -1
0.341041 0.101681 -1
0.668718 0.974684 1
0.021688 0.191088 -1
0.675098 0.222884 -1
0.871050 0.884055 -1
0.134272 0.792111 -1
0.329700 0.900877 -1
0.980115 0.394144 -1
0.307545 0.645662 -1
0.979408 0.922912 1
0.547546 0.539716 -1
0.281105 0.706675 -1
0.288757 0.241681 -1
0.584738 0.071189 1
0.988683 0.420066 1
0.382011 0.465567 -1
0.051218 0.194861 -1
