-0.833980 0.384245 1
-0.639300 0.634701 1
-0.626096 0.053912 1
-0.780418 0.880479 1
-0.215126 0.390827 1
-0.005906 0.530433 1
-0.285923 0.989318 1
-0.283817 0.599602 -1
-0.521378 0.169616 1
-0.955931 0.090975 1
-0.033029 0.811940 1
-0.625692 0.231493 1
-0.161457 0.865670 1
-0.124574 0.481077 1
-0.771572 0.578840 -1
-0.496816 0.300265 1
-0.455914 0.834827 1
-0.398184 0.026366 1
-0.502818 0.454644 -1
-0.172809 0.660851 -1
-0.182826 0.363679 1
-0.294143 0.883375 1
-0.733380 0.666124 1
-0.315625 0.480449 -1
-0.475041 0.168685 1
-0.342080 0.811434 1
-0.826135 0.448461 1
-0.481186 0.959187 1
-0.381838 0.593843 1
-0.994043 0.475694 1
-0.915818 0.785032 1
-0.389447 0.657087 1
-0.179969 0.073844 1
-0.110506 0.987683 1
-0.023505 0.596262 1
-0.290747 0.219950 1
-0.617874 0.824967 1
-0.467282 0.668140 1
-0.616614 0.521906 1
-0.653175 0.945902 1
-0.335778 0.987231 1
-0.365572 0.543123 1
-0.311335 0.708946 1
-0.586586 0.396823 1
-0.428812 0.388967 1
-0.636562 0.127646 1
-0.808401 0.920227 1
-0.966863 0.250916 -1
-0.754334 0.530198 1
-0.626340 0.742322 1
-0.769314 0.813805 -1
-0.448326 0.102789 -1
-0.388260 0.792517 1
-0.140315 0.187133 1
-0.520234 0.067101 1
-0.422117 0.389439 1
-0.189954 0.421721 1
-0.782214 0.837655 1
-0.594554 0.427610 -1
-0.430935 0.430579 1
-0.646310 0.249509 1
-0.683668 0.971695 1
-0.890610 0.618544 1
-0.657057 0.724288 1
-0.453227 0.987212 1
-0.843290 0.621692 -1
-0.479605 0.031709 1
-0.587124 0.104225 1
-0.807738 0.372606 1
-0.987604 0.654474 1
-0.682418 0.651670 1
-0.571543 0.392520 1
-0.694237 0.078354 1
-0.742830 0.713462 1
-0.204274 0.015443 1
-0.332433 0.739510 1
-0.058483 0.823646 1
-0.939345 0.584046 1
-0.018248 0.345433 1
-0.425950 0.390585 1
-0.903680 0.638700 1
-0.299371 0.646274 -1
-0.419183 0.273754 1
-0.557726 0.188415 1
-0.284225 0.261243 1
-0.643473 0.326981 1
-0.845893 0.430119 -1
-0.881213 0.707700 1
-0.194413 0.477112 1
-0.224660 0.024383 -1
-0.296387 0.696354 1
-0.958478 0.514622 1
-0.606698 0.776753 1
-0.203929 0.686734 1
-0.988625 0.760268 1
-0.345218 0.311989 1
-0.313230 0.104047 1
-0.878409 0.166457 1
-0.939551 0.754315 -1
-0.671553 0.865936 1
-0.721471 0.124085 1
-0.416116 0.398058 1
-0.553551 0.445729 1
-0.595390 0.353671 -1
-0.615714 0.390288 1
-0.540475 0.935710 1
-0.458453 0.371899 1
-0.826366 0.176401 1
-0.456074 0.968621 1
-0.792429 0.712381 1
-0.122455 0.827418 1
-0.691228 0.104709 1
-0.401924 0.254115 1
-0.166678 0.457935 1
-0.455817 0.447092 -1
-0.798491 0.412355 1
-0.989126 0.611608 1
-0.464355 0.722737 1
-0.454282 0.702592 1
-0.406085 0.558928 1
-0.533906 0.815006 1
-0.464747 0.367921 1
-0.872454 0.886139 1
-0.971475 0.936401 1
-0.807811 0.195109 1
-0.837943 0.868559 1
-0.349314 0.036277 1
-0.638639 0.097795 1
-0.283360 0.693441 1
-0.166586 0.059930 1
-0.286435 0.426904 1
-0.261067 0.824528 1
-0.187814 0.121295 1
-0.166242 0.371049 1
-0.987051 0.053676 1
-0.249280 0.602216 1
-0.098507 0.835509 1
-0.549503 0.374855 1
-0.618518 0.474060 1
-0.433719 0.354634 1
-0.446012 0.223114 1
-0.769230 0.118592 1
-0.252052 0.671015 1
-0.697268 0.765086 1
-0.848673 0.975774 1
-0.889846 0.389096 1
-0.245358 0.799644 1
-0.334247 0.603546 1
-0.144405 0.939025 1
-0.123093 0.545815 1
-0.617805 0.561771 1
-0.574865 0.048391 1
-0.640099 0.626341 1
-0.831421 0.600777 1
-0.844076 0.183520 1
-0.422136 0.745536 1
-0.074226 0.039012 1
-0.677771 0.043238 1
-0.514182 0.770624 1
-0.818820 0.499732 1
-0.528118 0.943784 1
-0.444856 0.666467 1
-0.942858 0.532937 1
-0.496686 0.620734 1
-0.243716 0.624630 1
-0.589876 0.828201 1
-0.014534 0.831435 1
-0.950976 0.410935 1
-0.511794 0.704061 1
-0.454404 0.053537 1
-0.699484 0.582497 1
-0.489429 0.253301 1
-0.915478 0.229390 1
-0.441663 0.547520 1
-0.286166 0.515778 -1
-0.446100 0.800211 1
-0.595053 0.380952 1
-0.713379 0.937106 1
-0.016091 0.225592 1
-0.409537 0.552166 1
-0.701664 0.701413 1
-0.651468 0.160439 1
-0.388996 0.614699 1
-0.714319 0.416809 1
-0.778476 0.588481 1
-0.133244 0.488272 1
-0.391177 0.873810 1
-0.794058 0.035648 1
-0.899532 0.963900 -1
-0.671909 0.124597 1
-0.588309 0.839746 1
-0.446968 0.072604 1
-0.753267 0.254963 1
-0.551682 0.495316 1
-0.267557 0.187836 1
-0.270938 0.318504 1
-0.716732 0.706354 -1
-0.297917 0.205147 1
-0.401966 0.951153 1
-0.980092 0.520429 1
-0.898508 0.073038 1
-0.981552 0.752236 1
-0.071112 0.519676 1
-0.669067 0.214245 1
-0.812032 0.215999 1
-0.671311 0.102322 -1
-0.379518 0.594980 1
-0.903060 0.603560 1
-0.163599 0.650507 1
-0.731964 0.832962 1
-0.568497 0.028282 1
-0.381834 0.332223 1
-0.368050 0.326676 -1
-0.621484 0.058430 1
-0.219262 0.411259 -1
-0.079613 0.874898 1
-0.102039 0.634231 1
-0.005748 0.179063 1
-0.889717 0.000051 1
-0.324906 0.195204 1
-0.843480 0.063344 -1
-0.314397 0.525474 1
-0.066473 0.233982 1
-0.086331 0.787388 -1
-0.699442 0.122062 1
-0.560329 0.365645 1
-0.434292 0.750401 1
-0.693881 0.529483 1
-0.772206 0.224142 1
-0.454561 0.141756 1
-0.194453 0.301525 1
-0.980167 0.666786 1
-0.303245 0.437255 -1
-0.344536 0.220522 1
-0.213905 0.591378 -1
-0.600805 0.419344 1
-0.287070 0.478768 1
-0.055641 0.473199 1
-0.818800 0.490608 1
-0.031009 0.557768 1
-0.799870 0.201600 1
-0.097119 0.628810 1
-0.589643 0.461614 1
-0.908047 0.502142 1
-0.882046 0.286526 1
-0.153616 0.457856 1
-0.907343 0.612738 1
-0.172415 0.691669 1
-0.147266 0.437418 1
-0.731579 0.771598 1
0.544976 -0.244212 1
0.454626 -0.977596 -1
0.606546 -0.234100 1
0.320358 -0.612017 1
0.291265 -0.087691 1
0.799571 -0.866816 1
0.779810 -0.415557 1
0.191856 -0.434947 1
0.102841 -0.490359 1
0.222921 -0.481296 1
0.164268 -0.204441 1
0.421528 -0.405127 1
0.467557 -0.080795 1
0.082579 -0.897201 1
0.580137 -0.248358 1
0.347146 -0.763396 1
0.183108 -0.537172 -1
0.465692 -0.227734 1
0.010005 -0.841340 1
0.877253 -0.519008 -1
0.558536 -0.214068 1
0.830340 -0.077180 1
0.151025 -0.562128 1
0.466481 -0.070649 1
0.860018 -0.184805 1
0.580705 -0.496943 1
0.057627 -0.917735 -1
0.292086 -0.802770 1
0.589044 -0.075544 1
0.114681 -0.092864 1
0.860017 -0.603089 1
0.414032 -0.551395 1
0.695445 -0.936762 1
0.301349 -0.681691 1
0.205367 -0.839180 1
0.289294 -0.993138 1
0.379195 -0.359247 1
0.842362 -0.338741 -1
0.311932 -0.952559 1
0.731785 -0.715963 1
0.806227 -0.690498 1
0.012589 -0.516200 1
0.042460 -0.177764 1
0.678650 -0.270804 1
0.794614 -0.865063 1
0.016458 -0.535853 1
0.165253 -0.363805 1
0.904158 -0.686234 1
0.066762 -0.774416 1
0.184077 -0.391461 1
0.355076 -0.856823 1
0.958595 -0.011263 1
0.007400 -0.426429 1
0.805523 -0.984911 1
0.185285 -0.067287 1
0.360450 -0.375841 1
0.530529 -0.893263 1
0.841312 -0.260230 -1
0.590164 -0.859513 1
0.170596 -0.096780 1
0.179083 -0.741425 1
0.106573 -0.122437 1
0.307476 -0.856314 1
0.663796 -0.228471 1
0.830171 -0.285950 1
0.410120 -0.007990 1
0.960943 -0.448532 1
0.981646 -0.809637 1
0.796705 -0.076048 1
0.895071 -0.023630 1
0.934717 -0.672952 1
0.454534 -0.530517 1
0.069597 -0.006461 1
0.363386 -0.509117 1
0.903837 -0.067908 1
0.603383 -0.958184 1
0.219705 -0.211058 1
0.311792 -0.970781 -1
0.596636 -0.395649 1
0.890886 -0.589350 1
0.763154 -0.697208 1
0.357269 -0.501249 1
0.484314 -0.126010 1
0.216171 -0.990370 1
0.718141 -0.214818 1
0.950087 -0.649319 1
0.424218 -0.274879 1
0.944592 -0.275156 1
0.943893 -0.225536 1
0.574487 -0.463805 1
0.668047 -0.008025 -1
0.536781 -0.508775 1
0.803304 -0.719416 1
0.635229 -0.254928 1
0.079519 -0.309923 1
0.438740 -0.145057 -1
0.037361 -0.065477 1
0.390452 -0.783281 1
0.519743 -0.203538 1
0.706405 -0.875627 1
0.785771 -0.351139 1
0.837348 -0.585999 1
0.447947 -0.747936 -1
0.083104 -0.758584 1
0.651401 -0.611229 -1
0.563862 -0.347753 1
0.783802 -0.753682 1
0.280963 -0.045356 1
0.712390 -0.314624 1
0.687957 -0.140567 1
0.006476 -0.463007 1
0.857689 -0.177828 1
0.348826 -0.688935 1
0.576674 -0.907791 1
0.903326 -0.486853 1
0.031175 -0.401249 1
0.306151 -0.076498 1
0.693492 -0.536785 1
0.860784 -0.321946 1
0.424307 -0.841986 1
0.443556 -0.389465 1
0.384078 -0.232013 1
0.712302 -0.319194 1
0.975949 -0.341630 1
0.456191 -0.268475 1
0.787786 -0.315815 1
0.876680 -0.275184 1
0.779212 -0.881760 1
0.320569 -0.206386 1
0.896427 -0.073289 1
0.936036 -0.197097 1
0.050762 -0.182851 1
0.522458 -0.347534 1
0.623413 -0.250174 -1
0.113343 -0.514570 1
0.016554 -0.561300 1
0.424941 -0.740966 -1
0.450127 -0.295644 1
0.192294 -0.131467 1
0.397168 -0.943345 1
0.562679 -0.499765 1
0.478261 -0.641775 1
0.275367 -0.994159 1
0.094115 -0.650863 1
0.248301 -0.970804 1
0.851021 -0.738399 1
0.450847 -0.304721 1
0.694986 -0.089152 1
0.453429 -0.619850 -1
0.098898 -0.595025 1
0.281710 -0.718300 1
0.375453 -0.069639 1
0.608415 -0.014138 -1
0.845271 -0.215495 1
0.107864 -0.727021 1
0.197319 -0.458143 1
0.814537 -0.442987 -1
0.516194 -0.565856 1
0.371942 -0.138068 1
0.900079 -0.257151 1
0.422889 -0.561815 1
0.314676 -0.038339 1
0.177375 -0.335693 1
0.662523 -0.582027 -1
0.986073 -0.211988 1
0.367576 -0.995153 1
0.126772 -0.820511 1
0.777914 -0.705873 1
0.048654 -0.272688 -1
0.821302 -0.916477 1
0.533641 -0.342901 1
0.581542 -0.800286 1
0.367903 -0.456650 -1
0.734542 -0.363262 1
0.283882 -0.608348 1
0.876567 -0.801088 1
0.449914 -0.784938 1
0.292015 -0.988833 1
0.982784 -0.510622 1
0.152102 -0.986186 1
0.422115 -0.584009 -1
0.433071 -0.930240 1
0.734090 -0.329932 1
0.875372 -0.255665 1
0.612291 -0.074572 1
0.308274 -0.982559 1
0.368474 -0.400921 1
0.215017 -0.392154 1
0.456583 -0.463240 1
0.906775 -0.173031 1
0.150013 -0.282692 1
0.531068 -0.531598 1
0.879339 -0.835305 -1
0.489997 -0.983020 1
0.755983 -0.980039 -1
0.420161 -0.525233 1
0.429032 -0.091201 1
0.795695 -0.580989 1
0.178129 -0.537962 1
0.639443 -0.587610 1
0.537255 -0.229524 1
0.341412 -0.222441 1
0.889423 -0.135099 1
0.793730 -0.941777 1
0.121990 -0.159491 1
0.648042 -0.255551 1
0.389695 -0.786678 1
0.791792 -0.995981 1
0.710783 -0.926931 1
0.938946 -0.193224 1
0.735449 -0.722826 1
0.940824 -0.921954 1
0.569125 -0.246135 1
0.510983 -0.644649 -1
0.052038 -0.481443 1
0.082730 -0.184092 -1
0.541836 -0.829412 1
0.771146 -0.946114 1
0.406155 -0.273436 1
0.337142 -0.945669 1
0.227205 -0.426679 1
0.511633 -0.096493 1
0.333111 -0.051068 1
0.824032 -0.933515 1
0.359736 -0.550047 1
0.882858 -0.498861 1
0.333700 -0.355372 1
0.654157 -0.910945 1
0.750996 -0.051177 1
0.825417 -0.584922 1
0.403344 -0.785028 1
0.980162 -0.198406 1
0.778909 -0.458194 1
0.382950 -0.593672 1
0.122481 -0.597044 1
0.386009 -0.656951 1
0.525836 -0.417506 1
0.500584 -0.032540 1
0.834894 -0.047321 1
0.099096 -0.674772 1
0.980677 -0.240751 1
0.537135 -0.824094 1
0.973678 -0.923231 1
0.394336 -0.712346 1
0.508043 -0.959884 1
0.681932 -0.421569 -1
0.818570 -0.347433 1
0.204226 -0.076038 1
0.554729 -0.931909 1
0.953233 -0.208408 -1
-0.734531 -0.953884 -1
-0.366135 -0.979992 -1
-0.917758 -0.834579 1
-0.773903 -0.786053 -1
-0.698049 -0.510642 -1
-0.839739 -0.721334 -1
-0.697320 -0.825521 -1
-0.419576 -0.482977 -1
-0.599809 -0.999662 -1
-0.688273 -0.945731 -1
-0.435686 -0.818877 -1
-0.811900 -0.839766 -1
-0.093382 -0.272117 -1
-0.218059 -0.038093 -1
-0.888178 -0.737623 -1
-0.269657 -0.499323 1
-0.792735 -0.026571 -1
-0.205519 -0.800606 -1
-0.555386 -0.783389 -1
-0.448489 -0.342569 -1
-0.162775 -0.269538 -1
-0.833488 -0.617477 -1
-0.750284 -0.791851 -1
-0.778197 -0.154424 -1
-0.245207 -0.859325 -1
-0.158772 -0.130451 -1
-0.729059 -0.753901 1
-0.400874 -0.949284 -1
-0.061178 -0.714088 -1
-0.228123 -0.804555 -1
-0.753671 -0.724157 -1
-0.462353 -0.633023 1
-0.189120 -0.455403 -1
-0.921571 -0.381155 -1
-0.734854 -0.017826 1
-0.091081 -0.632595 -1
-0.623653 -0.546474 -1
-0.902831 -0.452245 -1
-0.250084 -0.709125 -1
-0.084670 -0.454804 -1
-0.398344 -0.729166 -1
-0.336847 -0.611973 -1
-0.687593 -0.129445 -1
-0.769843 -0.304478 1
-0.378692 -0.656059 -1
-0.899447 -0.461906 -1
-0.101053 -0.171136 -1
-0.124232 -0.659333 1
-0.053606 -0.939113 -1
-0.076491 -0.049453 -1
-0.891761 -0.144261 -1
-0.707887 -0.902478 -1
-0.353502 -0.479292 -1
-0.746718 -0.739739 1
-0.526073 -0.507165 -1
-0.457165 -0.679770 -1
-0.844620 -0.554377 -1
-0.060732 -0.605689 -1
-0.217788 -0.010664 -1
-0.373982 -0.727618 -1
-0.509742 -0.136912 -1
-0.010350 -0.327614 -1
-0.728549 -0.653317 -1
-0.041181 -0.545286 -1
-0.528595 -0.197149 -1
-0.840425 -0.705162 -1
-0.185351 -0.133610 -1
-0.994851 -0.905907 -1
-0.178417 -0.296646 -1
-0.736646 -0.220225 -1
-0.863478 -0.257202 -1
-0.577450 -0.670688 1
-0.153944 -0.144175 -1
-0.941994 -0.302016 -1
-0.934742 -0.675502 -1
-0.700489 -0.398473 -1
-0.803271 -0.354035 -1
-0.148016 -0.852094 -1
-0.171174 -0.438931 -1
-0.905341 -0.435245 -1
-0.213650 -0.546887 1
-0.032863 -0.855182 -1
-0.684287 -0.056319 -1
-0.374136 -0.654499 -1
-0.893786 -0.446406 -1
-0.337978 -0.399488 -1
-0.808629 -0.771932 -1
-0.735492 -0.205365 -1
-0.236346 -0.101328 -1
-0.948787 -0.357262 -1
-0.883908 -0.410953 -1
-0.726152 -0.139111 -1
-0.034647 -0.966077 -1
-0.549871 -0.049780 -1
-0.391552 -0.658974 1
-0.945685 -0.023876 -1
-0.896636 -0.358619 -1
-0.234973 -0.462147 -1
-0.573691 -0.003673 -1
-0.238860 -0.706398 -1
-0.443834 -0.032165 -1
-0.787939 -0.210487 -1
-0.812532 -0.934592 -1
-0.093918 -0.690271 -1
-0.847538 -0.329855 1
-0.843012 -0.824958 -1
-0.154545 -0.667839 -1
-0.268892 -0.661155 -1
-0.775892 -0.717049 1
-0.980148 -0.825195 -1
-0.365273 -0.000821 -1
-0.035631 -0.086666 -1
-0.686870 -0.551269 -1
-0.860160 -0.824769 1
-0.048648 -0.630077 -1
-0.996337 -0.587348 -1
-0.267012 -0.839468 1
-0.760304 -0.181899 -1
-0.092615 -0.871613 -1
-0.228677 -0.455130 -1
-0.761408 -0.727603 -1
-0.938621 -0.176888 -1
-0.443647 -0.595168 -1
-0.115772 -0.300574 -1
-0.548639 -0.952056 -1
-0.350299 -0.531974 -1
-0.399156 -0.960678 -1
-0.788051 -0.921848 -1
-0.673574 -0.967509 -1
-0.413173 -0.733417 -1
-0.857487 -0.614342 -1
-0.199948 -0.284409 -1
-0.000246 -0.118201 -1
-0.212803 -0.448000 -1
-0.853930 -0.281649 -1
-0.238160 -0.097393 -1
-0.646423 -0.539788 -1
-0.475063 -0.955105 -1
-0.997902 -0.690198 -1
-0.568143 -0.118996 -1
-0.549798 -0.928302 -1
-0.851373 -0.392333 -1
-0.409525 -0.546137 -1
-0.396645 -0.553932 -1
-0.379248 -0.642125 -1
-0.105640 -0.912107 -1
-0.421442 -0.581738 -1
-0.877672 -0.665266 -1
-0.545288 -0.884929 -1
-0.949846 -0.814299 -1
-0.752630 -0.977541 -1
-0.905969 -0.789972 -1
-0.341037 -0.860795 -1
-0.005551 -0.126152 -1
-0.457062 -0.659646 -1
-0.247425 -0.951968 -1
-0.240052 -0.129501 -1
-0.294476 -0.060257 -1
-0.407410 -0.983545 -1
-0.450902 -0.901189 -1
-0.701573 -0.129127 -1
-0.369232 -0.885576 -1
-0.968004 -0.571414 1
-0.940975 -0.837323 -1
-0.838883 -0.876234 -1
-0.880210 -0.395468 -1
-0.350557 -0.418375 -1
-0.433008 -0.918466 -1
-0.431528 -0.594566 -1
-0.832047 -0.644631 -1
-0.898156 -0.278653 -1
-0.810059 -0.934900 -1
-0.439484 -0.198876 1
-0.460330 -0.450163 -1
-0.367631 -0.241301 -1
-0.977364 -0.083882 -1
-0.869398 -0.610279 -1
-0.267310 -0.716993 -1
-0.924744 -0.040446 -1
-0.376377 -0.683973 -1
-0.695295 -0.408972 -1
-0.242518 -0.342334 -1
-0.981052 -0.058159 -1
-0.923274 -0.269039 -1
-0.342340 -0.464613 -1
-0.315405 -0.577974 -1
-0.328766 -0.668418 -1
-0.820730 -0.144130 1
-0.051525 -0.872674 -1
-0.762723 -0.685957 1
-0.196549 -0.688508 -1
-0.926516 -0.313628 -1
-0.411574 -0.145115 -1
-0.037415 -0.546809 -1
-0.975342 -0.053283 -1
-0.616291 -0.336479 1
-0.021748 -0.676213 -1
-0.563935 -0.777006 -1
-0.525951 -0.116009 -1
-0.677907 -0.169578 -1
-0.831241 -0.439237 -1
-0.250834 -0.366525 -1
-0.091287 -0.573231 -1
-0.315112 -0.472633 -1
-0.824861 -0.203173 -1
-0.673375 -0.931189 -1
-0.318889 -0.061092 1
-0.426433 -0.368122 -1
-0.052429 -0.329374 -1
-0.840316 -0.026977 -1
-0.625188 -0.814558 -1
-0.472332 -0.481750 -1
-0.963312 -0.895085 1
-0.253642 -0.229143 -1
-0.337563 -0.664520 -1
-0.100386 -0.187937 -1
-0.845839 -0.953637 -1
-0.148729 -0.955298 -1
-0.820313 -0.116055 -1
-0.074370 -0.507757 -1
-0.178049 -0.949040 -1
-0.044093 -0.941401 -1
-0.100569 -0.320174 -1
-0.738696 -0.358395 -1
-0.319204 -0.824386 -1
-0.109522 -0.112132 -1
-0.159777 -0.815088 -1
-0.542930 -0.853595 -1
-0.161912 -0.541572 -1
-0.011739 -0.637886 -1
-0.759091 -0.976983 -1
-0.795708 -0.355146 -1
-0.976457 -0.532063 -1
-0.631084 -0.362740 -1
-0.656948 -0.224567 -1
-0.758301 -0.487792 -1
-0.340189 -0.204217 -1
-0.790915 -0.955000 -1
-0.627578 -0.571796 -1
-0.141183 -0.802106 -1
-0.069047 -0.560703 -1
-0.745130 -0.667792 -1
-0.893823 -0.811968 -1
-0.137584 -0.429743 -1
-0.739742 -0.774347 1
-0.263259 -0.028765 1
-0.268571 -0.062963 -1
-0.668216 -0.757544 -1
-0.652794 -0.652514 -1
-0.720094 -0.859263 -1
0.022351 0.122681 -1
0.669991 0.553865 -1
0.434452 0.023491 -1
0.470664 0.128241 -1
0.256598 0.831007 -1
0.643790 0.841984 -1
0.751012 0.043095 -1
0.117801 0.483462 -1
0.028362 0.028927 -1
0.301639 0.492705 1
0.871212 0.815757 -1
0.572487 0.069296 1
0.062537 0.127137 -1
0.418746 0.108829 -1
0.039651 0.714404 -1
0.075120 0.332034 -1
0.227653 0.785221 1
0.733173 0.059789 -1
0.879431 0.841055 -1
0.392212 0.637079 -1
0.367121 0.547856 -1
0.221833 0.817750 -1
0.764923 0.902616 -1
0.033074 0.779481 -1
0.626940 0.192295 -1
0.580221 0.112346 -1
0.723578 0.756596 -1
0.053898 0.575446 -1
0.313813 0.707421 -1
0.303732 0.923022 -1
0.831255 0.515709 -1
0.987772 0.886875 -1
0.191195 0.765465 -1
0.408216 0.418985 -1
0.972733 0.080271 -1
0.711367 0.135353 -1
0.909744 0.115002 -1
0.848335 0.838070 -1
0.317615 0.042094 -1
0.990898 0.256561 -1
0.832806 0.785396 -1
0.715246 0.146284 -1
0.951986 0.213770 -1
0.242425 0.855153 -1
0.258996 0.617655 -1
0.769358 0.487053 -1
0.458264 0.887128 -1
0.678810 0.771421 -1
0.392099 0.929174 1
0.310937 0.184944 -1
0.152644 0.069127 -1
0.188320 0.077030 -1
0.070177 0.197848 -1
0.500447 0.392808 -1
0.885290 0.908283 -1
0.076467 0.514733 -1
0.933172 0.627282 1
0.268474 0.132585 -1
0.830795 0.788109 -1
0.940528 0.659895 -1
0.622204 0.611168 -1
0.072690 0.491769 -1
0.273204 0.803409 -1
0.059587 0.901457 -1
0.633287 0.892765 -1
0.316085 0.059258 -1
0.683183 0.961800 -1
0.613520 0.799032 -1
0.716595 0.998233 -1
0.430314 0.514955 1
0.370091 0.764794 -1
0.129017 0.786261 -1
0.057233 0.372600 -1
0.103515 0.757359 -1
0.573658 0.951803 -1
0.250210 0.031743 -1
0.248886 0.605040 -1
0.628682 0.180633 -1
0.795332 0.825651 1
0.882611 0.992003 -1
0.025048 0.528540 -1
0.982773 0.078368 -1
0.560515 0.654520 -1
0.062790 0.983947 -1
0.051545 0.312806 -1
0.699809 0.572931 1
0.409427 0.201506 -1
0.180099 0.455188 -1
0.040268 0.519843 1
0.384865 0.817714 -1
0.355969 0.376053 -1
0.107368 0.463812 -1
0.649475 0.853134 -1
0.980082 0.007715 -1
0.480348 0.087260 -1
0.800441 0.078676 -1
0.094964 0.035367 -1
0.435718 0.268271 -1
0.108358 0.755449 -1
0.857876 0.853049 -1
0.858528 0.985842 1
0.638531 0.528955 -1
0.736023 0.506270 -1
0.727027 0.537695 -1
0.356044 0.231259 -1
0.427343 0.962190 1
0.262599 0.731694 -1
0.851207 0.768125 1
0.701184 0.535595 -1
0.341516 0.582522 -1
0.692784 0.354162 -1
0.426729 0.726337 -1
0.389730 0.989679 -1
0.050576 0.973578 -1
0.296632 0.219526 -1
0.630515 0.197456 -1
0.314389 0.621658 -1
0.030367 0.462871 -1
0.476575 0.525814 -1
0.470314 0.039368 -1
0.076481 0.579108 -1
0.756678 0.442424 -1
0.113436 0.881198 -1
0.169908 0.281548 -1
0.341412 0.353477 -1
0.918778 0.652951 -1
0.795853 0.667451 -1
0.510538 0.051943 1
0.031128 0.266888 -1
0.310306 0.327529 -1
0.984644 0.155010 -1
0.593837 0.038800 -1
0.915267 0.778293 -1
0.250142 0.549198 -1
0.862670 0.893730 -1
0.183982 0.063260 -1
0.115832 0.279934 -1
0.821882 0.667950 -1
0.705789 0.248265 -1
0.075556 0.470001 -1
0.486060 0.274012 -1
0.411106 0.009609 -1
0.273818 0.671479 -1
0.476856 0.455814 -1
0.009346 0.159536 -1
0.084910 0.879918 -1
0.188376 0.886394 -1
0.057298 0.894799 -1
0.961974 0.619795 -1
0.109311 0.425374 -1
0.271949 0.453508 -1
0.846587 0.002413 -1
0.316879 0.780217 -1
0.386527 0.577878 -1
0.599991 0.892065 -1
0.077199 0.517832 -1
0.365209 0.884127 -1
0.900577 0.064741 -1
0.802908 0.050500 -1
0.644118 0.871444 -1
0.735369 0.744815 -1
0.358368 0.989120 -1
0.743424 0.503583 -1
0.858349 0.690535 -1
0.051394 0.867881 -1
0.552924 0.352787 -1
0.198172 0.441476 1
0.181045 0.702326 1
0.247983 0.480710 -1
0.153192 0.433431 1
0.089798 0.481280 1
0.674190 0.017204 -1
0.432853 0.099531 -1
0.479436 0.315616 -1
0.362110 0.406635 1
0.179256 0.817026 -1
0.165645 0.270454 -1
0.538065 0.574736 -1
0.786590 0.924328 -1
0.453206 0.577237 -1
0.347718 0.706214 -1
0.896576 0.618115 -1
0.389369 0.668229 -1
0.005395 0.296300 -1
0.907730 0.043306 -1
0.531408 0.108027 -1
0.118800 0.135543 -1
0.955843 0.458304 -1
0.293611 0.823121 1
0.373925 0.028586 1
0.990934 0.426922 1
0.642711 0.683785 -1
0.622257 0.356892 -1
0.878903 0.343552 -1
0.558795 0.612125 -1
0.345084 0.536861 -1
0.768018 0.740193 -1
0.046593 0.660488 -1
0.775758 0.594862 -1
0.387335 0.110546 -1
0.821885 0.807266 -1
0.735803 0.361699 -1
0.251145 0.754440 -1
0.819938 0.156759 -1
0.033975 0.528410 -1
0.707768 0.660040 -1
0.389953 0.154141 -1
0.770712 0.904805 -1
0.346948 0.148881 -1
0.861511 0.615978 -1
0.457207 0.304155 -1
0.696928 0.663384 -1
0.665024 0.223518 -1
0.835105 0.941977 -1
0.642075 0.518799 -1
0.646396 0.428832 -1
0.886005 0.371135 -1
0.237504 0.080196 -1
0.251204 0.571965 -1
0.513702 0.426389 -1
0.422562 0.437083 1
0.391671 0.699726 -1
0.147227 0.776239 -1
0.160858 0.135110 -1
0.211185 0.462118 -1
0.609914 0.343620 -1
0.267017 0.477963 -1
0.621575 0.089841 -1
0.307445 0.967226 -1
0.935412 0.559676 -1
0.225107 0.000698 -1
0.999444 0.960011 -1
0.848139 0.275498 -1
0.496627 0.328112 -1
0.835604 0.911174 1
0.754510 0.329803 -1
0.987460 0.982472 -1
0.829226 0.220077 -1
0.922812 0.602582 -1
0.634156 0.972468 -1
0.776283 0.274407 -1
0.902426 0.567474 -1
0.659762 0.307372 -1
0.464461 0.939030 -1
0.387338 0.267226 -1
0.414479 0.397131 -1
0.763974 0.713865 -1
0.284182 0.301645 -1
0.950715 0.933820 -1
0.450629 0.795655 1
