-0.038839 0.009250 1
-0.569913 0.997707 1
-0.074157 0.206779 1
-0.421989 0.359187 1
-0.925183 0.761330 1
-0.041380 0.106073 1
-0.211634 0.055577 1
-0.374540 0.961185 1
-0.641581 0.294474 -1
-0.255584 0.233253 1
-0.179889 0.548316 1
-0.826764 0.695331 -1
-0.900961 0.023136 1
-0.983962 0.455350 1
-0.210241 0.980762 -1
-0.438738 0.373939 1
-0.806961 0.498042 1
-0.833553 0.457884 1
-0.456211 0.530168 1
-0.978208 0.816177 1
-0.265380 0.547637 1
-0.469977 0.728149 1
-0.466380 0.527101 1
-0.075072 0.412595 1
-0.039856 0.858423 1
0.467582 -0.700149 1
0.256581 -0.173671 1
0.546281 -0.534737 1
0.550957 -0.267090 1
0.436327 -0.838700 1
0.658972 -0.212824 1
0.698656 -0.748037 -1
0.440607 -0.978233 1
0.441295 -0.157484 1
0.203396 -0.706742 1
0.436014 -0.549940 1
0.527873 -0.352461 1
0.260027 -0.866742 1
0.293578 -0.428647 1
0.582834 -0.823465 1
0.507807 -0.152288 1
0.939855 -0.573043 1
0.166117 -0.014622 1
0.001099 -0.887231 1
0.507849 -0.898848 1
0.672989 -0.900389 1
0.092352 -0.779504 1
0.966367 -0.783926 1
0.138675 -0.541955 1
0.596573 -0.677179 1
-0.211773 -0.235955 -1
-0.580459 -0.755409 -1
-0.690725 -0.366165 -1
-0.678403 -0.176047 -1
-0.111731 -0.306625 -1
-0.252447 -0.110439 -1
-0.139306 -0.336876 -1
-0.036126 -0.364787 -1
-0.647444 -0.617572 -1
-0.711604 -0.620832 1
-0.763964 -0.860315 -1
-0.315862 -0.924191 -1
-0.092632 -0.321348 -1
-0.170684 -0.386180 -1
-0.568449 -0.789563 1
-0.304018 -0.661646 -1
-0.953848 -0.597049 -1
-0.106089 -0.417839 1
-0.609335 -0.538749 -1
-0.033126 -0.216413 1
-0.553003 -0.481059 -1
-0.244044 -0.236812 -1
-0.951565 -0.996525 -1
-0.297285 -0.145890 -1
-0.132454 -0.663990 -1
0.807298 0.241679 -1
0.791865 0.999706 1
0.808670 0.091574 -1
0.800699 0.137691 -1
0.845245 0.563996 -1
0.214349 0.516192 -1
0.504972 0.220936 -1
0.239710 0.045480 -1
0.176881 0.832193 -1
0.625185 0.874350 -1
0.363421 0.427343 -1
0.871440 0.415529 -1
0.899025 0.055678 -1
0.075717 0.068238 -1
0.354638 0.342165 -1
0.869379 0.171925 1
0.192067 0.316114 -1
0.881205 0.296427 -1
0.007472 0.494914 -1
0.876214 0.952833 -1
0.939132 0.998134 -1
0.333353 0.767004 -1
0.477600 0.970583 -1
0.820550 0.276894 -1
0.355254 0.454982 -1
