-0.776136 0.482210 -1
-0.120343 0.062873 1
-0.457257 0.142627 1
-0.552182 0.679168 1
-0.419215 0.354965 1
-0.100860 0.951571 1
-0.511496 0.657291 -1
-0.695063 0.594003 1
-0.931603 0.305806 1
-0.616513 0.442239 1
-0.993259 0.061428 -1
-0.477056 0.100194 1
-0.611835 0.921043 1
-0.732546 0.375343 1
-0.322060 0.372199 -1
-0.644479 0.897929 -1
-0.823743 0.761603 1
-0.483520 0.555600 1
-0.717927 0.817202 -1
-0.490683 0.699060 1
-0.790110 0.286920 1
-0.808822 0.985032 1
-0.884847 0.750522 -1
-0.451819 0.648491 1
-0.300651 0.455466 1
-0.549381 0.049917 1
-0.806351 0.070715 -1
-0.067687 0.904338 1
-0.349434 0.899751 -1
-0.797187 0.854052 -1
-0.665926 0.979012 -1
-0.686874 0.519490 1
-0.398310 0.369136 1
-0.563351 0.742840 -1
-0.178245 0.125308 -1
-0.180334 0.373415 1
-0.529365 0.905421 1
-0.014015 0.396077 1
-0.291273 0.507448 1
-0.184848 0.596490 1
-0.898005 0.040965 1
-0.986691 0.900016 1
-0.175735 0.272797 1
-0.044479 0.156252 -1
-0.161456 0.639411 1
-0.144155 0.741288 1
-0.774834 0.999780 1
-0.419078 0.428455 -1
-0.844062 0.663286 -1
-0.155284 0.749179 1
-0.437512 0.289490 1
-0.132334 0.084263 1
-0.180736 0.847858 -1
-0.073534 0.224809 -1
-0.062150 0.906143 1
-0.199439 0.192718 1
-0.387986 0.959064 -1
-0.328351 0.388844 1
-0.686420 0.843369 1
-0.358607 0.684587 1
-0.741252 0.748960 1
-0.822606 0.391542 -1
-0.491583 0.969868 1
-0.252874 0.573188 1
-0.707195 0.157441 1
-0.842037 0.972585 1
-0.486117 0.357257 1
-0.510441 0.931013 -1
-0.447569 0.975653 1
-0.814678 0.605694 1
-0.205473 0.378150 1
-0.006397 0.047989 1
-0.212392 0.443257 1
-0.621029 0.375101 1
-0.417506 0.215170 1
-0.766099 0.085815 -1
-0.344480 0.746248 1
-0.904870 0.913562 1
-0.394092 0.618971 1
-0.451117 0.278786 1
-0.871155 0.718178 1
-0.625090 0.475570 1
-0.436916 0.718314 1
-0.796906 0.034915 1
-0.066517 0.651015 1
-0.645646 0.653983 1
-0.342590 0.478286 1
-0.343933 0.785419 -1
-0.827214 0.846525 1
-0.149149 0.567667 1
-0.972716 0.522493 1
-0.968074 0.780482 -1
-0.478249 0.749358 1
-0.363189 0.961371 -1
-0.348295 0.662629 -1
-0.412112 0.487718 1
-0.779069 0.393880 1
-0.908419 0.112953 1
-0.520833 0.463214 1
-0.585166 0.122298 1
-0.021922 0.568849 1
-0.095471 0.505373 1
-0.985852 0.205883 -1
-0.670952 0.904369 1
-0.528148 0.984551 1
-0.489844 0.276891 1
-0.949813 0.137851 -1
-0.940383 0.927841 -1
-0.966295 0.306477 1
-0.634486 0.021105 1
-0.862134 0.729209 1
-0.339127 0.121461 -1
-0.543677 0.089905 1
-0.964709 0.417644 1
-0.196019 0.513396 1
-0.160252 0.651242 1
-0.961829 0.039295 -1
-0.239115 0.010620 -1
-0.553190 0.323608 1
-0.163499 0.947335 1
-0.253392 0.665870 -1
-0.073499 0.497027 -1
-0.904860 0.516167 1
-0.746537 0.398981 1
-0.071006 0.049093 1
-0.266221 0.647495 1
-0.805962 0.017621 1
-0.284684 0.354269 -1
-0.812101 0.488353 1
-0.336500 0.820076 1
-0.387274 0.933142 1
-0.647500 0.793836 1
-0.942838 0.430181 -1
-0.037570 0.445776 1
-0.713362 0.034492 1
-0.193414 0.639869 1
-0.462140 0.178611 1
-0.192559 0.674243 1
-0.398039 0.436593 1
-0.077495 0.602865 1
-0.519704 0.499880 1
-0.674336 0.030903 1
-0.668736 0.036829 -1
-0.000960 0.531079 1
-0.790369 0.763691 1
-0.656599 0.543186 -1
-0.978932 0.518132 -1
-0.676725 0.339208 -1
-0.524297 0.674587 1
-0.144996 0.450983 -1
-0.029908 0.520540 1
-0.827079 0.594682 -1
-0.255854 0.296033 1
-0.982159 0.759943 1
-0.863633 0.291213 1
-0.079297 0.897353 1
-0.650030 0.781681 1
-0.762446 0.562096 -1
-0.420561 0.551809 1
-0.475982 0.200901 1
-0.482098 0.338161 -1
-0.498834 0.285952 -1
-0.087598 0.205714 -1
-0.204778 0.087965 -1
-0.955330 0.329385 1
-0.481486 0.731313 1
-0.187527 0.547249 1
-0.460950 0.589298 1
-0.393795 0.468581 1
-0.424867 0.583237 1
-0.651419 0.669832 1
-0.454542 0.962529 1
-0.680307 0.813910 -1
-0.546124 0.648063 1
-0.233684 0.297418 1
-0.038949 0.972113 1
-0.878944 0.559082 -1
-0.410606 0.508177 1
-0.119189 0.990327 1
-0.833013 0.927543 1
-0.853321 0.297053 -1
-0.261372 0.184285 -1
-0.100349 0.919238 1
-0.330034 0.346983 1
-0.345320 0.102081 -1
-0.590613 0.121351 1
-0.630514 0.909347 -1
-0.688221 0.319832 1
-0.485060 0.060203 1
-0.464518 0.371611 1
-0.140156 0.954062 -1
-0.814747 0.132673 -1
-0.612018 0.882953 1
-0.702366 0.867544 1
-0.172839 0.063337 1
-0.715056 0.167359 1
-0.475647 0.702937 -1
-0.090317 0.548272 1
-0.632920 0.241330 1
-0.530439 0.981522 1
-0.397117 0.148996 1
-0.961023 0.636991 1
-0.503405 0.350331 1
-0.208632 0.650047 1
-0.751122 0.825710 1
-0.718010 0.083147 1
-0.538691 0.940308 1
-0.648878 0.188460 -1
-0.998295 0.850954 1
-0.281718 0.988689 1
-0.429240 0.551383 -1
-0.758165 0.953708 1
-0.879863 0.114662 -1
-0.834277 0.668435 1
-0.354144 0.076597 -1
-0.166995 0.256325 1
-0.695124 0.575789 -1
-0.394159 0.138496 1
-0.188514 0.283406 1
-0.828905 0.440041 1
-0.507582 0.414457 -1
-0.697474 0.183444 -1
-0.870128 0.644710 1
-0.805575 0.243741 1
-0.645271 0.129199 1
-0.016344 0.219921 1
-0.523181 0.256519 1
-0.434537 0.477151 1
-0.306820 0.895952 1
-0.056184 0.517656 1
-0.374718 0.591606 -1
-0.062766 0.868232 -1
-0.018602 0.453664 1
-0.521148 0.902483 -1
-0.151612 0.669158 -1
-0.999805 0.261584 1
-0.908761 0.554038 1
-0.953542 0.051948 -1
-0.736992 0.338989 1
-0.336487 0.149695 1
-0.779419 0.276577 1
-0.274002 0.967573 -1
-0.740255 0.824602 -1
-0.193692 0.201913 -1
-0.944591 0.675097 1
-0.453290 0.336454 1
-0.969716 0.893361 1
-0.182161 0.377545 -1
-0.612602 0.690476 1
-0.812580 0.454295 -1
0.286093 -0.263746 1
0.464532 -0.455295 1
0.626940 -0.423566 1
0.400587 -0.378726 1
0.509474 -0.710130 -1
0.971459 -0.025704 1
0.178937 -0.590587 1
0.213706 -0.215623 -1
0.491853 -0.336676 1
0.495040 -0.484661 1
0.273864 -0.762051 -1
0.852238 -0.588134 1
0.050366 -0.317160 -1
0.049466 -0.365210 -1
0.384675 -0.530823 1
0.311602 -0.195338 1
0.173645 -0.042271 1
0.593011 -0.080923 -1
0.355704 -0.109945 1
0.304681 -0.639818 -1
0.365831 -0.299601 1
0.620379 -0.965026 1
0.474540 -0.597686 1
0.163529 -0.024699 1
0.695907 -0.870908 1
0.373072 -0.667274 1
0.689115 -0.061474 -1
0.298939 -0.658473 1
0.151507 -0.529387 1
0.092699 -0.433119 1
0.265749 -0.847091 1
0.950690 -0.531575 1
0.307677 -0.778236 1
0.165967 -0.859012 1
0.000300 -0.643900 1
0.732939 -0.917433 1
0.334972 -0.096298 -1
0.680348 -0.312213 -1
0.527342 -0.863253 1
0.245422 -0.709257 1
0.617318 -0.311149 1
0.178077 -0.100463 1
0.497153 -0.624231 1
0.802798 -0.031806 -1
0.435327 -0.720703 1
0.939078 -0.733088 1
0.623224 -0.632429 1
0.363086 -0.856032 1
0.985771 -0.166876 1
0.190360 -0.320796 -1
0.090433 -0.531210 1
0.708128 -0.866162 1
0.653333 -0.817278 -1
0.418875 -0.314235 -1
0.974361 -0.993246 1
0.991982 -0.738498 -1
0.870958 -0.383585 1
0.159159 -0.838798 1
0.736752 -0.809938 1
0.158073 -0.529931 1
0.605743 -0.668831 1
0.390411 -0.422511 1
0.229464 -0.158842 -1
0.848128 -0.387865 1
0.746802 -0.903413 1
0.461470 -0.782364 -1
0.394114 -0.883179 -1
0.736951 -0.674562 1
0.711151 -0.354766 1
0.776923 -0.327146 1
0.170218 -0.930770 -1
0.517661 -0.906996 -1
0.145728 -0.396367 -1
0.981207 -0.043696 1
0.439143 -0.615783 1
0.027248 -0.642550 -1
0.994349 -0.190351 1
0.636557 -0.909076 1
0.810766 -0.997290 1
0.994178 -0.925529 1
0.743795 -0.741558 -1
0.029799 -0.282643 1
0.775277 -0.737075 1
0.125857 -0.841514 1
0.142301 -0.582369 -1
0.690029 -0.492636 1
0.987322 -0.979345 1
0.437740 -0.964691 -1
0.250287 -0.435518 -1
0.270255 -0.439967 1
0.492335 -0.894278 1
0.023338 -0.469898 1
0.092914 -0.146927 -1
0.835377 -0.258580 1
0.330392 -0.723342 1
0.345858 -0.603697 1
0.128920 -0.623786 1
0.782517 -0.031263 1
0.020790 -0.855772 -1
0.540407 -0.438147 -1
0.727430 -0.595441 1
0.003470 -0.679702 -1
0.585832 -0.329521 1
0.015925 -0.021357 1
0.826994 -0.064904 1
0.222914 -0.097536 1
0.295649 -0.744267 1
0.350786 -0.649089 -1
0.250426 -0.670627 1
0.508891 -0.166310 1
0.476799 -0.180913 1
0.356987 -0.662134 -1
0.343900 -0.941250 1
0.351676 -0.760026 -1
0.998933 -0.970728 -1
0.012019 -0.513347 1
0.089294 -0.341766 -1
0.246845 -0.581572 -1
0.094809 -0.847726 1
0.940123 -0.065551 1
0.121921 -0.233511 1
0.192084 -0.359945 -1
0.576296 -0.462019 -1
0.255421 -0.711153 1
0.788197 -0.290325 1
0.169649 -0.124617 -1
0.675457 -0.841848 -1
0.639603 -0.164385 1
0.467919 -0.401087 1
0.514082 -0.629187 1
0.076165 -0.662459 -1
0.933879 -0.432062 1
0.976789 -0.660828 -1
0.708316 -0.200284 1
0.478786 -0.924691 -1
0.355601 -0.531086 1
0.189820 -0.129369 1
0.909685 -0.829620 -1
0.288808 -0.908180 1
0.475487 -0.283829 1
0.369793 -0.089382 -1
0.479810 -0.685267 -1
0.201026 -0.006179 1
0.747056 -0.578027 -1
0.193230 -0.294526 1
0.039814 -0.244473 1
0.386992 -0.046968 -1
0.633050 -0.814205 1
0.850522 -0.590147 1
0.161665 -0.185576 1
0.150913 -0.188805 1
0.336349 -0.202763 -1
0.751605 -0.517316 -1
0.012347 -0.409148 1
0.428154 -0.364991 1
0.850933 -0.735301 1
0.844621 -0.449199 1
0.446898 -0.017081 1
0.916304 -0.292154 -1
0.639735 -0.218141 1
0.219578 -0.294626 1
0.555248 -0.701615 1
0.936752 -0.418618 1
0.097495 -0.183081 1
0.166169 -0.244850 -1
0.331140 -0.064573 1
0.432336 -0.447312 -1
0.403034 -0.453574 1
0.234639 -0.702599 -1
0.752953 -0.631430 1
0.691752 -0.918236 1
0.061211 -0.858156 1
0.372311 -0.882800 -1
0.221466 -0.866210 1
0.577091 -0.989397 1
0.542763 -0.248797 1
0.602577 -0.721344 -1
0.967405 -0.837271 1
0.491488 -0.328935 1
0.947008 -0.180705 1
0.696443 -0.174041 1
0.939780 -0.934965 1
0.211157 -0.968954 1
0.844669 -0.613907 1
0.604226 -0.796196 1
0.767408 -0.440201 -1
0.937705 -0.357685 1
0.891740 -0.594477 1
0.886751 -0.528998 -1
0.982048 -0.122045 -1
0.311881 -0.223972 1
0.204166 -0.808314 1
0.316813 -0.129825 1
0.075610 -0.850410 1
0.044444 -0.617643 1
0.166813 -0.890005 1
0.613626 -0.191938 1
0.678792 -0.468748 1
0.678185 -0.103344 -1
0.327167 -0.672041 -1
0.481910 -0.877654 -1
0.495852 -0.087643 1
0.296634 -0.986359 -1
0.797821 -0.111156 1
0.731347 -0.976720 -1
0.795761 -0.805125 1
0.656000 -0.825233 1
0.150341 -0.114099 1
0.209480 -0.013306 1
0.031576 -0.283473 -1
0.097994 -0.770814 1
0.473641 -0.040228 1
0.815490 -0.402687 -1
0.097884 -0.287726 1
0.677723 -0.524562 1
0.942837 -0.170149 1
0.417055 -0.272420 1
0.835084 -0.073180 -1
0.941006 -0.493434 1
0.168987 -0.035833 1
0.265863 -0.355749 -1
0.360162 -0.845729 1
0.175099 -0.683892 1
0.624670 -0.109425 -1
0.649422 -0.659354 1
0.329556 -0.302745 1
0.293161 -0.487375 1
0.385762 -0.594837 1
0.541582 -0.786553 1
0.057096 -0.433500 1
0.418602 -0.702742 1
0.008119 -0.710053 1
0.318734 -0.097173 1
0.450946 -0.579134 1
0.459415 -0.914091 1
0.950606 -0.819144 1
0.460880 -0.069622 1
0.467948 -0.135239 1
0.919793 -0.467551 1
0.097418 -0.766092 1
0.368149 -0.710463 -1
0.075045 -0.100094 -1
0.878042 -0.574473 -1
0.668925 -0.941700 -1
0.447320 -0.225412 1
0.419729 -0.391376 1
0.510637 -0.417131 -1
0.765125 -0.417754 1
0.631092 -0.822158 1
0.848494 -0.905030 1
-0.832338 -0.002817 1
-0.837253 -0.044794 -1
-0.561284 -0.210151 -1
-0.490438 -0.901242 1
-0.501637 -0.461181 1
-0.206860 -0.324339 -1
-0.742635 -0.441597 -1
-0.823271 -0.299609 -1
-0.803331 -0.832857 -1
-0.514892 -0.506704 -1
-0.540389 -0.967451 1
-0.032222 -0.870302 -1
-0.449292 -0.181923 -1
-0.361739 -0.861763 1
-0.162647 -0.232962 -1
-0.004489 -0.934277 -1
-0.261573 -0.781988 -1
-0.600682 -0.574699 -1
-0.630876 -0.989409 -1
-0.508192 -0.038475 -1
-0.708261 -0.800829 -1
-0.216242 -0.919447 1
-0.230719 -0.321614 1
-0.148117 -0.885596 -1
-0.404679 -0.406872 -1
-0.775969 -0.299557 -1
-0.783705 -0.703910 -1
-0.959937 -0.911016 -1
-0.486882 -0.070827 -1
-0.087768 -0.529307 -1
-0.881206 -0.774528 -1
-0.194286 -0.039363 1
-0.919242 -0.573549 -1
-0.691884 -0.464080 1
-0.350106 -0.443067 -1
-0.616736 -0.138524 -1
-0.555167 -0.432746 -1
-0.217976 -0.913706 -1
-0.352977 -0.676846 -1
-0.908208 -0.740771 -1
-0.615605 -0.478780 -1
-0.289598 -0.507244 -1
-0.553844 -0.345245 -1
-0.525097 -0.623099 -1
-0.469866 -0.639680 -1
-0.004421 -0.019741 -1
-0.025399 -0.203108 1
-0.953439 -0.319735 -1
-0.217598 -0.128129 -1
-0.094258 -0.619875 -1
-0.962696 -0.920195 1
-0.612156 -0.522392 -1
-0.982330 -0.124133 1
-0.942688 -0.870443 -1
-0.841124 -0.351051 1
-0.209613 -0.193085 1
-0.861077 -0.398937 1
-0.963873 -0.287001 1
-0.637769 -0.411700 -1
-0.552312 -0.574335 1
-0.315172 -0.051162 -1
-0.805305 -0.765360 1
-0.197463 -0.886449 -1
-0.870739 -0.380821 -1
-0.286081 -0.719335 1
-0.888132 -0.579514 1
-0.765676 -0.460771 1
-0.279517 -0.936900 1
-0.385433 -0.949947 -1
-0.739668 -0.119713 -1
-0.760510 -0.472867 1
-0.756367 -0.314524 -1
-0.447284 -0.194429 -1
-0.591631 -0.991526 1
-0.833114 -0.317248 -1
-0.945012 -0.120457 1
-0.247313 -0.284514 -1
-0.907343 -0.722097 -1
-0.380215 -0.568141 -1
-0.653511 -0.935448 -1
-0.635929 -0.637020 -1
-0.328046 -0.102593 -1
-0.243346 -0.647282 -1
-0.935110 -0.476423 -1
-0.217550 -0.355791 -1
-0.623108 -0.192118 -1
-0.552788 -0.585819 -1
-0.609658 -0.249044 1
-0.243703 -0.984598 -1
-0.032936 -0.760512 -1
-0.612588 -0.320589 -1
-0.427915 -0.505893 -1
-0.295532 -0.215662 1
-0.850870 -0.194898 -1
-0.504695 -0.601106 -1
-0.393556 -0.568060 -1
-0.843787 -0.563989 -1
-0.341891 -0.514593 -1
-0.220642 -0.044307 -1
-0.021018 -0.589270 -1
-0.356054 -0.257874 -1
-0.090681 -0.429217 -1
-0.669525 -0.411592 1
-0.639791 -0.180383 -1
-0.232811 -0.256713 -1
-0.089152 -0.357477 1
-0.967871 -0.354814 -1
-0.555684 -0.241663 -1
-0.310998 -0.742432 -1
-0.422060 -0.087627 -1
-0.170788 -0.728931 1
-0.720122 -0.664508 -1
-0.732768 -0.260173 1
-0.389606 -0.865947 1
-0.192721 -0.276891 1
-0.455169 -0.507477 -1
-0.570317 -0.574620 -1
-0.665149 -0.506711 1
-0.502796 -0.282142 -1
-0.328808 -0.829120 -1
-0.738189 -0.283146 1
-0.795306 -0.893136 1
-0.858423 -0.815647 -1
-0.749548 -0.953003 1
-0.052462 -0.276074 1
-0.214949 -0.297061 1
-0.478375 -0.887571 1
-0.680708 -0.918007 -1
-0.176978 -0.102475 -1
-0.411638 -0.855852 1
-0.722772 -0.084022 -1
-0.934218 -0.960127 -1
-0.390099 -0.810812 1
-0.673392 -0.851442 1
-0.175793 -0.233985 -1
-0.812908 -0.342087 -1
-0.074207 -0.536706 -1
-0.997512 -0.688218 -1
-0.145991 -0.138101 -1
-0.589382 -0.903382 1
-0.940948 -0.946344 -1
-0.436668 -0.044716 -1
-0.612754 -0.364584 -1
-0.144087 -0.908974 -1
-0.376288 -0.096489 -1
-0.992070 -0.052497 1
-0.413751 -0.135230 -1
-0.274761 -0.734773 -1
-0.601039 -0.227865 -1
-0.136265 -0.300778 -1
-0.597018 -0.196267 -1
-0.174735 -0.588096 -1
-0.528843 -0.347583 -1
-0.594415 -0.232742 -1
-0.801611 -0.749184 1
-0.731106 -0.265068 1
-0.580310 -0.421969 1
-0.491262 -0.322928 -1
-0.330861 -0.837766 -1
-0.527703 -0.875940 -1
-0.536435 -0.445486 -1
-0.946401 -0.055724 1
-0.068584 -0.240528 -1
-0.706055 -0.485821 -1
-0.399590 -0.009789 1
-0.706900 -0.185396 -1
-0.131966 -0.683520 1
-0.676481 -0.635061 1
-0.891794 -0.212448 -1
-0.731009 -0.537500 -1
-0.323877 -0.065043 -1
-0.558191 -0.119490 -1
-0.709671 -0.608566 -1
-0.381084 -0.336018 -1
-0.868494 -0.775876 1
-0.235872 -0.989378 -1
-0.259378 -0.733476 1
-0.031482 -0.982013 -1
-0.396770 -0.788866 -1
-0.520349 -0.607039 -1
-0.907265 -0.064945 1
-0.206598 -0.787825 -1
-0.591598 -0.818940 -1
-0.629477 -0.479948 -1
-0.091754 -0.441126 -1
-0.463167 -0.424305 -1
-0.784461 -0.036150 1
-0.372039 -0.103987 1
-0.955805 -0.117914 1
-0.985126 -0.813991 1
-0.592841 -0.189831 -1
-0.572242 -0.065690 1
-0.079038 -0.343201 1
-0.236786 -0.240033 -1
-0.544507 -0.588213 -1
-0.936128 -0.038143 -1
-0.213433 -0.414003 1
-0.110379 -0.990403 -1
-0.335924 -0.339267 -1
-0.309109 -0.528990 -1
-0.729461 -0.840665 -1
-0.303770 -0.522843 1
-0.695547 -0.178196 -1
-0.375992 -0.960560 -1
-0.597850 -0.777262 -1
-0.455129 -0.018858 -1
-0.567756 -0.301247 -1
-0.618393 -0.665084 1
-0.849151 -0.983425 1
-0.967383 -0.188061 -1
-0.117294 -0.347621 -1
-0.656957 -0.417205 1
-0.869857 -0.017101 -1
-0.904307 -0.085210 -1
-0.614784 -0.176179 -1
-0.214294 -0.636201 -1
-0.179927 -0.532117 -1
-0.797350 -0.718474 -1
-0.288078 -0.427880 -1
-0.489547 -0.764896 -1
-0.615461 -0.007238 1
-0.524430 -0.158997 1
-0.074546 -0.181159 -1
-0.755899 -0.817679 -1
-0.361777 -0.298196 1
-0.039589 -0.557409 1
-0.079911 -0.667092 -1
-0.073236 -0.011524 1
-0.005905 -0.888193 1
-0.277032 -0.732984 1
-0.637614 -0.519103 -1
-0.819976 -0.042030 -1
-0.334810 -0.711393 -1
-0.350195 -0.149348 1
-0.579300 -0.527301 1
-0.652717 -0.402989 -1
-0.941596 -0.672603 -1
-0.580058 -0.477082 -1
-0.148058 -0.452560 1
-0.903912 -0.745894 -1
-0.287268 -0.676711 1
-0.112860 -0.831989 -1
-0.003705 -0.537281 -1
-0.278624 -0.594469 -1
-0.238113 -0.717738 -1
-0.974913 -0.278326 -1
-0.211901 -0.783410 1
-0.108013 -0.551407 1
-0.241656 -0.086337 -1
-0.305309 -0.586321 -1
0.088940 0.080724 -1
0.753606 0.558085 -1
0.172726 0.798171 1
0.397075 0.262051 -1
0.746779 0.068986 -1
0.755659 0.282964 -1
0.511529 0.562600 -1
0.589604 0.957662 -1
0.885281 0.948526 1
0.616653 0.688664 -1
0.569075 0.736575 -1
0.926828 0.420138 -1
0.843165 0.417607 -1
0.944789 0.354705 -1
0.431555 0.505191 -1
0.431787 0.762539 -1
0.553826 0.250788 -1
0.832576 0.230393 1
0.149508 0.627065 -1
0.122695 0.862089 -1
0.249571 0.968633 1
0.919883 0.490788 -1
0.634256 0.638130 -1
0.054590 0.413526 -1
0.253646 0.511461 -1
0.851552 0.658606 1
0.077062 0.316407 -1
0.617573 0.013119 -1
0.444393 0.839344 1
0.299706 0.878609 1
0.402457 0.258728 1
0.052206 0.755108 1
0.731993 0.720756 -1
0.461961 0.062763 1
0.590692 0.791528 1
0.433392 0.470734 -1
0.425537 0.405610 1
0.723703 0.220164 -1
0.175220 0.010809 -1
0.240333 0.306552 -1
0.980425 0.067014 -1
0.252630 0.243170 1
0.962555 0.271607 1
0.101360 0.170190 1
0.476361 0.982765 -1
0.282316 0.323012 -1
0.947636 0.992024 -1
0.212457 0.658086 -1
0.271735 0.062083 1
0.132164 0.881496 -1
0.719726 0.141688 1
0.697621 0.228151 -1
0.538592 0.522092 -1
0.833896 0.443296 1
0.242794 0.988947 -1
0.950924 0.833694 1
0.062414 0.565622 -1
0.246248 0.690097 -1
0.969986 0.313417 1
0.717123 0.806979 -1
0.680654 0.513645 -1
0.252973 0.323874 -1
0.840086 0.204583 1
0.495004 0.286337 -1
0.350670 0.460758 1
0.316077 0.467334 -1
0.648821 0.331834 -1
0.899810 0.976506 -1
0.303380 0.762458 1
0.684434 0.744520 1
0.793545 0.243521 -1
0.839842 0.297302 -1
0.356121 0.775431 1
0.981062 0.818602 -1
0.764530 0.231718 -1
0.861062 0.297640 -1
0.384174 0.215324 -1
0.987960 0.022979 -1
0.590731 0.135804 -1
0.801262 0.728546 1
0.144831 0.680288 -1
0.745764 0.695762 1
0.318222 0.623937 -1
0.470590 0.794189 -1
0.426051 0.002879 1
0.906809 0.529148 1
0.696035 0.602371 -1
0.839925 0.864716 1
0.200988 0.149527 -1
0.979695 0.878290 -1
0.736021 0.097786 -1
0.141547 0.956855 -1
0.041813 0.156859 -1
0.674474 0.046793 -1
0.969242 0.051178 1
0.477268 0.707579 -1
0.016687 0.725978 1
0.562061 0.232859 -1
0.388222 0.437228 -1
0.447161 0.178510 -1
0.581375 0.898754 -1
0.159037 0.952750 -1
0.990500 0.824834 -1
0.802573 0.603937 -1
0.957554 0.040206 1
0.555106 0.566263 1
0.026589 0.472896 1
0.471204 0.519687 -1
0.700763 0.258322 -1
0.471144 0.044298 -1
0.188239 0.436553 1
0.668318 0.731940 -1
0.542650 0.186222 -1
0.350366 0.985384 1
0.557888 0.866241 -1
0.489875 0.188317 1
0.864389 0.862197 1
0.263428 0.352756 -1
0.199594 0.035030 1
0.347722 0.287116 -1
0.021455 0.561603 -1
0.298182 0.502231 -1
0.808610 0.885639 -1
0.539028 0.574280 1
0.168694 0.492007 1
0.123290 0.068500 -1
0.937326 0.633096 -1
0.815030 0.504321 -1
0.554584 0.029064 1
0.701686 0.788712 -1
0.095221 0.646890 1
0.993036 0.779128 -1
0.481395 0.710102 1
0.637207 0.885257 -1
0.382640 0.132304 -1
0.080348 0.971813 1
0.165790 0.989980 1
0.200732 0.419958 -1
0.199940 0.554596 -1
0.102277 0.635463 -1
0.902726 0.334621 -1
0.435909 0.336044 -1
0.621166 0.267580 1
0.960089 0.180905 -1
0.437808 0.881403 -1
0.329331 0.635009 1
0.223094 0.793548 1
0.867049 0.346762 -1
0.956330 0.357963 -1
0.287422 0.574104 -1
0.476069 0.688821 1
0.078512 0.026081 -1
0.151016 0.013979 1
0.886640 0.916975 -1
0.369664 0.509365 -1
0.696954 0.044965 -1
0.692139 0.905366 1
0.226611 0.536274 -1
0.835660 0.992953 -1
0.103189 0.940187 -1
0.266140 0.380475 -1
0.718902 0.269303 -1
0.483350 0.601985 -1
0.583665 0.249785 -1
0.114893 0.931849 1
0.772105 0.034352 -1
0.065679 0.813273 -1
0.909199 0.528688 -1
0.225866 0.240680 1
0.508876 0.509841 -1
0.704769 0.691781 -1
0.600749 0.851502 -1
0.889669 0.116221 -1
0.499816 0.127427 -1
0.905822 0.857330 -1
0.690885 0.459201 1
0.440036 0.242896 -1
0.792444 0.155628 1
0.619816 0.158799 -1
0.092599 0.400791 -1
0.964544 0.416507 -1
0.113950 0.556829 -1
0.283038 0.130441 -1
0.962693 0.099811 -1
0.157707 0.084076 -1
0.062928 0.789267 1
0.458350 0.462676 -1
0.145500 0.287722 -1
0.866712 0.582284 1
0.430768 0.721542 -1
0.898942 0.681196 -1
0.777365 0.189966 -1
0.203921 0.174234 -1
0.003741 0.399146 -1
0.832364 0.907834 -1
0.847271 0.661531 -1
0.413020 0.013619 1
0.335653 0.358677 -1
0.478775 0.956973 -1
0.280761 0.075008 -1
0.891449 0.053391 -1
0.646212 0.430161 -1
0.763752 0.030999 -1
0.813403 0.052552 -1
0.194449 0.959175 -1
0.155348 0.362181 -1
0.637611 0.341631 -1
0.838444 0.487924 -1
0.850929 0.866380 -1
0.167296 0.650862 -1
0.454672 0.247420 -1
0.240469 0.971533 -1
0.909396 0.997390 -1
0.473485 0.944927 -1
0.508772 0.668366 -1
0.459570 0.439552 1
0.225228 0.169445 -1
0.842098 0.906328 -1
0.582967 0.294984 -1
0.078238 0.021080 -1
0.722076 0.636667 -1
0.675978 0.197251 1
0.596705 0.925783 -1
0.776919 0.137158 -1
0.773545 0.893542 -1
0.570083 0.043596 1
0.715168 0.288834 -1
0.692903 0.989510 1
0.376776 0.004576 -1
0.732370 0.228996 1
0.113778 0.325805 -1
0.107693 0.828449 1
0.570097 0.730809 -1
0.566765 0.939935 1
0.303821 0.218604 -1
0.100886 0.433290 1
0.463580 0.594992 -1
0.147102 0.981411 -1
0.841214 0.256186 1
0.776555 0.513522 -1
0.329048 0.915542 1
0.556232 0.210832 1
0.428155 0.137673 1
0.615277 0.197124 -1
0.733408 0.081466 -1
0.078872 0.427596 -1
0.512131 0.312194 1
0.706617 0.857559 -1
0.551181 0.086396 1
0.393435 0.224583 -1
