-0.322014 0.737260 -1
-0.942351 0.270888 -1
-0.230373 0.062587 -1
-0.319489 0.634249 -1
-0.055617 0.102960 1
-0.530908 0.087954 1
-0.461250 0.951003 1
-0.235948 0.310414 1
-0.150046 0.682555 -1
-0.518993 0.543621 1
-0.281672 0.388326 -1
-0.503507 0.885922 1
-0.778863 0.703198 -1
-0.313682 0.118236 1
-0.538488 0.246239 -1
-0.675635 0.832684 1
-0.607082 0.576553 1
-0.563088 0.115450 1
-0.799440 0.640110 1
-0.338123 0.829841 1
-0.362390 0.376036 -1
-0.727528 0.515496 1
-0.695617 0.271651 1
-0.906192 0.600034 1
-0.253946 0.929862 -1
-0.456049 0.915260 1
-0.543549 0.082867 1
-0.588759 0.018541 -1
-0.970756 0.036343 -1
-0.378569 0.046832 -1
-0.565153 0.530963 1
-0.799889 0.955010 -1
-0.461355 0.254501 1
-0.843732 0.623833 1
-0.958324 0.990760 1
-0.348022 0.536013 1
-0.288521 0.181466 -1
-0.402719 0.320643 -1
-0.169464 0.234165 1
-0.030693 0.921353 1
-0.803476 0.715150 -1
-0.877237 0.564434 1
-0.871152 0.025517 1
-0.186974 0.139015 1
-0.089897 0.115713 1
-0.375009 0.954406 -1
-0.209294 0.271902 1
-0.975180 0.461035 1
-0.472047 0.254860 1
-0.689363 0.442573 1
-0.283077 0.320339 1
-0.544845 0.079769 -1
-0.243669 0.181879 -1
-0.174099 0.239146 1
-0.504740 0.995456 1
-0.645668 0.787408 1
-0.446906 0.006947 1
-0.057705 0.457740 -1
-0.578992 0.721465 -1
-0.089732 0.585572 -1
-0.686461 0.033924 1
-0.106186 0.223335 1
-0.191513 0.035569 1
-0.799622 0.744589 1
-0.108132 0.152559 -1
-0.368245 0.257365 -1
-0.576240 0.740791 1
-0.613169 0.354975 -1
-0.338845 0.648829 1
-0.874416 0.692741 1
-0.801092 0.112225 1
-0.062583 0.661112 -1
-0.178645 0.602154 -1
-0.470643 0.721896 1
-0.761619 0.388143 -1
-0.814759 0.679304 1
-0.905121 0.131489 -1
-0.662906 0.996109 -1
-0.874064 0.599770 -1
-0.109684 0.953255 1
-0.470796 0.624619 -1
-0.888616 0.282246 1
-0.911328 0.552504 1
-0.756041 0.110268 -1
-0.821328 0.097378 -1
-0.117762 0.579926 1
-0.334865 0.032231 -1
-0.142293 0.361952 1
-0.151747 0.528272 -1
-0.719476 0.310597 1
-0.107198 0.095115 1
-0.151912 0.174668 1
-0.698662 0.983866 -1
-0.078737 0.482816 1
-0.382871 0.917538 -1
-0.130694 0.695643 -1
-0.904416 0.794232 -1
-0.316924 0.894752 1
-0.696197 0.048461 1
-0.763664 0.306212 1
-0.785149 0.310103 1
-0.150283 0.694896 -1
-0.192596 0.880041 -1
-0.514541 0.910937 1
-0.873671 0.562955 -1
-0.510990 0.277613 -1
-0.087697 0.134318 1
-0.807641 0.737873 -1
-0.936988 0.802054 1
-0.390042 0.475657 1
-0.805326 0.900911 -1
-0.567560 0.097421 1
-0.822386 0.411913 1
-0.455824 0.426238 1
-0.961783 0.334678 -1
-0.431427 0.427853 1
-0.982098 0.338062 1
-0.273924 0.541932 1
-0.631882 0.497672 1
-0.909674 0.667123 1
-0.786095 0.455607 1
-0.569291 0.220236 1
-0.441509 0.977085 1
-0.732933 0.885575 1
-0.621937 0.117320 1
-0.871588 0.768796 1
-0.204788 0.028979 1
-0.986874 0.142958 1
-0.709809 0.221823 1
-0.613457 0.425344 1
-0.862761 0.578700 -1
-0.410787 0.525337 1
-0.116322 0.682700 -1
-0.962608 0.169542 1
-0.692830 0.768703 1
-0.301144 0.835326 1
-0.096991 0.296218 -1
-0.741207 0.271210 -1
-0.424391 0.616827 1
-0.432013 0.832449 -1
-0.035353 0.575675 -1
-0.051202 0.249213 1
-0.475184 0.434372 1
-0.556501 0.193282 -1
-0.936696 0.203178 1
-0.417047 0.909396 -1
-0.232536 0.888684 1
-0.807349 0.438557 -1
-0.494732 0.556807 -1
-0.949559 0.815978 1
-0.933583 0.666770 1
-0.930683 0.448472 -1
-0.247834 0.812501 -1
-0.729120 0.028472 1
-0.812118 0.357228 1
-0.127234 0.269029 1
-0.523432 0.329719 1
-0.493668 0.332616 1
-0.732890 0.516033 1
-0.745583 0.799392 1
-0.559073 0.196974 -1
-0.410419 0.819847 1
-0.145597 0.373374 1
-0.600466 0.268110 1
-0.885188 0.976256 1
-0.399664 0.011778 -1
-0.593127 0.890289 -1
-0.291573 0.250449 1
-0.528637 0.400226 1
-0.963103 0.466648 1
-0.714041 0.136078 1
-0.085780 0.847483 -1
-0.831451 0.704487 -1
-0.644393 0.208033 -1
-0.666645 0.998340 1
-0.051647 0.549908 -1
-0.417652 0.322833 1
-0.764363 0.760857 1
-0.550430 0.032192 -1
-0.927294 0.333242 1
-0.982950 0.177871 -1
-0.145246 0.441606 -1
-0.514223 0.215445 1
-0.400246 0.249575 1
-0.893446 0.874264 -1
-0.943137 0.307063 1
-0.943438 0.269374 1
-0.624058 0.432567 1
-0.802628 0.576373 1
-0.647232 0.080795 -1
-0.380111 0.463522 -1
-0.393160 0.557168 1
-0.713773 0.584822 -1
-0.379219 0.526517 -1
-0.564432 0.808560 -1
-0.373326 0.537582 1
-0.062684 0.967652 -1
-0.327540 0.482903 1
-0.873389 0.855305 1
-0.803094 0.199649 1
-0.710640 0.662837 1
-0.750833 0.498335 -1
-0.899881 0.842628 1
-0.282158 0.426816 1
-0.515761 0.136830 1
-0.098452 0.767485 -1
-0.341945 0.071241 -1
-0.983486 0.499001 1
-0.006514 0.484263 1
-0.407801 0.911236 1
-0.786597 0.758723 -1
-0.852728 0.077441 -1
-0.104363 0.862053 1
-0.186147 0.261163 1
-0.876466 0.703004 1
-0.487092 0.921807 1
-0.168382 0.082688 1
-0.690128 0.686486 1
-0.596630 0.324312 1
-0.456562 0.061264 -1
-0.919188 0.323144 -1
-0.483254 0.342768 1
-0.400933 0.045548 -1
-0.328748 0.911678 -1
-0.523058 0.256968 -1
-0.068722 0.919043 -1
-0.836690 0.858977 1
-0.457817 0.900545 1
-0.364564 0.772147 1
-0.954045 0.030508 1
-0.329226 0.878786 1
-0.827385 0.654209 1
-0.657254 0.723567 1
-0.792566 0.649135 1
-0.473206 0.720867 1
-0.222855 0.193152 -1
-0.800307 0.351798 1
-0.395986 0.407246 -1
-0.539622 0.943566 1
-0.390366 0.952734 1
-0.434128 0.559178 1
-0.548835 0.359960 1
-0.576986 0.780906 1
-0.464689 0.634938 1
-0.598751 0.919063 -1
-0.883599 0.593622 1
-0.523868 0.064375 1
-0.675695 0.666257 1
-0.889733 0.235126 -1
-0.321775 0.293699 1
0.429902 -0.236391 1
0.366405 -0.551979 1
0.920434 -0.911280 1
0.475455 -0.900074 1
0.765577 -0.243035 1
0.327756 -0.992802 -1
0.811810 -0.842223 -1
0.362986 -0.036657 1
0.001642 -0.705783 -1
0.834639 -0.422695 1
0.287528 -0.852528 -1
0.310112 -0.694867 1
0.365502 -0.203548 1
0.206619 -0.953545 1
0.274684 -0.841129 -1
0.639333 -0.516614 1
0.776990 -0.498123 -1
0.079803 -0.812619 1
0.753489 -0.423714 -1
0.050961 -0.292049 1
0.599926 -0.474199 -1
0.811664 -0.656615 1
0.091338 -0.795326 1
0.121467 -0.532378 -1
0.260488 -0.620199 1
0.580983 -0.451620 -1
0.679669 -0.539035 -1
0.334459 -0.253124 1
0.321572 -0.907718 -1
0.127509 -0.029865 1
0.579200 -0.710469 -1
0.002059 -0.783659 1
0.261290 -0.187691 1
0.116285 -0.500674 -1
0.587309 -0.455706 -1
0.629602 -0.046294 -1
0.210846 -0.856376 -1
0.083377 -0.850473 1
0.916519 -0.844659 1
0.550941 -0.738133 -1
0.022429 -0.046516 1
0.783880 -0.662355 1
0.661454 -0.466958 -1
0.714632 -0.488726 -1
0.115821 -0.663225 1
0.279771 -0.752887 1
0.596106 -0.677270 -1
0.125729 -0.082867 -1
0.628489 -0.572063 -1
0.631612 -0.880832 1
0.621580 -0.688512 -1
0.456781 -0.153089 -1
0.453286 -0.850153 1
0.060634 -0.770256 1
0.119719 -0.665177 1
0.384639 -0.055217 1
0.977347 -0.380693 -1
0.455896 -0.824914 -1
0.071285 -0.353847 1
0.061323 -0.587433 -1
0.600596 -0.728842 1
0.872655 -0.200348 -1
0.487178 -0.378865 -1
0.567707 -0.758579 1
0.739650 -0.840132 -1
0.345802 -0.588532 1
0.954448 -0.557913 1
0.027263 -0.220926 -1
0.553787 -0.410647 -1
0.771529 -0.751908 -1
0.026876 -0.006135 1
0.309188 -0.153644 1
0.676258 -0.748532 1
0.196459 -0.249060 -1
0.483097 -0.362643 1
0.245951 -0.637960 -1
0.859392 -0.638714 1
0.373494 -0.619318 1
0.908761 -0.127436 1
0.703174 -0.345609 -1
0.804432 -0.446643 -1
0.611502 -0.787796 -1
0.910254 -0.065965 -1
0.799127 -0.598221 1
0.614254 -0.511972 -1
0.545295 -0.776095 1
0.648939 -0.606682 1
0.989682 -0.580108 -1
0.153210 -0.627498 -1
0.915671 -0.642049 -1
0.072177 -0.096117 -1
0.877392 -0.957703 -1
0.389148 -0.002936 -1
0.285770 -0.586809 -1
0.735872 -0.983445 1
0.943968 -0.543729 1
0.834134 -0.218749 1
0.030309 -0.013569 1
0.794290 -0.192903 -1
0.563610 -0.306531 -1
0.525861 -0.168132 1
0.663113 -0.893040 -1
0.427493 -0.817258 1
0.026598 -0.902958 1
0.260558 -0.664429 -1
0.225223 -0.396374 1
0.791224 -0.537131 1
0.202452 -0.512731 -1
0.903501 -0.727848 1
0.023169 -0.527110 1
0.587371 -0.275266 -1
0.841079 -0.182022 1
0.337008 -0.652063 -1
0.308262 -0.698268 1
0.036874 -0.220051 1
0.670091 -0.833366 1
0.644273 -0.299365 -1
0.093408 -0.508048 1
0.035253 -0.444500 -1
0.916110 -0.886410 1
0.376378 -0.863481 -1
0.647999 -0.378694 -1
0.525539 -0.258478 1
0.389338 -0.457278 1
0.176806 -0.348851 -1
0.920819 -0.487810 -1
0.054066 -0.162403 -1
0.184482 -0.917779 1
0.516832 -0.151212 1
0.321083 -0.326656 1
0.674027 -0.961588 -1
0.436695 -0.199211 -1
0.729226 -0.513662 1
0.974082 -0.694756 -1
0.322307 -0.245341 -1
0.703984 -0.965766 1
0.137559 -0.821036 -1
0.420237 -0.601204 -1
0.498277 -0.722454 1
0.743033 -0.150497 1
0.596048 -0.032460 1
0.783793 -0.861122 1
0.525132 -0.378508 1
0.092344 -0.708704 -1
0.463027 -0.855323 -1
0.568447 -0.999967 1
0.402904 -0.559971 1
0.172900 -0.208095 1
0.269400 -0.710554 -1
0.172935 -0.794626 1
0.563544 -0.017559 -1
0.657329 -0.652004 1
0.271008 -0.703985 1
0.592395 -0.136853 1
0.661513 -0.423200 1
0.933336 -0.198660 -1
0.225382 -0.970993 1
0.157488 -0.808576 1
0.294769 -0.652944 -1
0.709508 -0.370583 1
0.702247 -0.812503 1
0.738148 -0.248692 -1
0.108769 -0.801177 -1
0.485024 -0.647549 1
0.458760 -0.306333 -1
0.207579 -0.943238 1
0.118703 -0.911567 -1
0.779336 -0.594963 1
0.640784 -0.370548 1
0.641230 -0.702853 -1
0.664219 -0.236351 1
0.631116 -0.360763 1
0.793974 -0.382523 1
0.707397 -0.310953 -1
0.765695 -0.312250 -1
0.764561 -0.908972 1
0.793800 -0.374137 1
0.879830 -0.253712 -1
0.165280 -0.915494 -1
0.105734 -0.873114 1
0.623081 -0.096204 -1
0.199233 -0.254404 1
0.052963 -0.327003 1
0.205123 -0.939020 1
0.122849 -0.379544 1
0.983399 -0.152825 1
0.781282 -0.000319 -1
0.653241 -0.782489 1
0.267833 -0.360289 1
0.223340 -0.439928 1
0.381713 -0.364408 -1
0.635090 -0.744842 -1
0.376599 -0.386263 1
0.478792 -0.416977 1
0.682096 -0.004814 -1
0.434728 -0.847413 -1
0.219654 -0.006411 1
0.180227 -0.559572 1
0.129681 -0.055776 1
0.389688 -0.970624 1
0.905406 -0.131048 1
0.730819 -0.748449 1
0.099148 -0.081549 1
0.132520 -0.742212 -1
0.338661 -0.359977 -1
0.776238 -0.978156 1
0.010770 -0.077553 1
0.769896 -0.132552 -1
0.965217 -0.141245 1
0.731810 -0.090754 -1
0.824656 -0.874352 1
0.697474 -0.918984 1
0.178594 -0.976866 -1
0.493182 -0.802858 1
0.165420 -0.726839 1
0.453483 -0.599769 1
0.693362 -0.032998 1
0.260488 -0.106448 -1
0.332235 -0.615472 1
0.331459 -0.303342 -1
0.795176 -0.726672 1
0.135867 -0.991068 1
0.923010 -0.548427 -1
0.755752 -0.097018 1
0.604793 -0.651291 -1
0.892924 -0.601473 1
0.696287 -0.750556 -1
0.199669 -0.108592 1
0.059221 -0.327604 1
0.257575 -0.150557 1
0.193460 -0.246327 1
0.225905 -0.779318 -1
0.429340 -0.621922 1
0.101891 -0.082142 1
0.425988 -0.710847 1
0.266344 -0.847384 -1
0.710904 -0.463256 1
0.052416 -0.749898 -1
0.723397 -0.981968 1
0.763916 -0.971883 1
0.454610 -0.798568 -1
0.056413 -0.094015 1
0.830510 -0.734954 1
0.861141 -0.570353 1
0.519673 -0.884633 1
0.860494 -0.796407 1
0.812407 -0.129923 1
0.561523 -0.751840 1
0.318608 -0.559036 1
0.444799 -0.575916 1
-0.111698 -0.580068 1
-0.368474 -0.192570 1
-0.635272 -0.696571 -1
-0.358333 -0.657522 -1
-0.064575 -0.600297 -1
-0.272690 -0.767179 -1
-0.430792 -0.750552 -1
-0.731848 -0.327784 1
-0.848935 -0.975009 1
-0.731764 -0.832701 -1
-0.532188 -0.156834 -1
-0.420793 -0.559189 -1
-0.562684 -0.040095 1
-0.556537 -0.716014 -1
-0.190806 -0.072647 1
-0.096250 -0.066649 -1
-0.255136 -0.591033 1
-0.365981 -0.792817 -1
-0.599145 -0.386925 1
-0.319233 -0.939097 -1
-0.807150 -0.366955 1
-0.706864 -0.430190 -1
-0.414264 -0.794530 -1
-0.372463 -0.786390 1
-0.605292 -0.514554 -1
-0.164793 -0.093895 -1
-0.482978 -0.139781 1
-0.009784 -0.279518 1
-0.943172 -0.161238 -1
-0.158280 -0.579160 1
-0.007062 -0.025055 1
-0.413114 -0.558912 -1
-0.712394 -0.479507 -1
-0.119948 -0.049207 -1
-0.560517 -0.798643 1
-0.240654 -0.480017 -1
-0.807927 -0.476686 -1
-0.702426 -0.046474 1
-0.173767 -0.228288 1
-0.537564 -0.780504 -1
-0.485539 -0.349603 -1
-0.353442 -0.443237 -1
-0.870211 -0.427946 1
-0.420590 -0.132917 1
-0.388553 -0.233890 -1
-0.653322 -0.838019 1
-0.728915 -0.796793 1
-0.101361 -0.786620 -1
-0.133085 -0.241821 -1
-0.512304 -0.557855 -1
-0.979701 -0.793125 -1
-0.503002 -0.372152 -1
-0.174893 -0.405809 1
-0.474667 -0.752897 1
-0.386297 -0.888660 -1
-0.655438 -0.570740 -1
-0.166215 -0.943079 -1
-0.153698 -0.129818 1
-0.771343 -0.747495 -1
-0.467864 -0.480361 -1
-0.683533 -0.061974 -1
-0.431307 -0.042905 1
-0.906728 -0.169975 -1
-0.918805 -0.188023 1
-0.939676 -0.214329 -1
-0.287373 -0.793848 -1
-0.310575 -0.833462 -1
-0.770199 -0.301713 -1
-0.250022 -0.090281 -1
-0.217757 -0.756585 1
-0.830621 -0.137822 1
-0.644849 -0.270753 -1
-0.900758 -0.241216 -1
-0.311307 -0.311382 -1
-0.738182 -0.098422 -1
-0.474469 -0.329780 -1
-0.222361 -0.955472 1
-0.432571 -0.553144 -1
-0.456871 -0.208334 -1
-0.248616 -0.126292 1
-0.445773 -0.539206 -1
-0.361347 -0.834715 1
-0.168221 -0.753245 1
-0.468173 -0.621484 -1
-0.342986 -0.573283 1
-0.473573 -0.968697 -1
-0.704018 -0.095029 1
-0.786124 -0.687984 1
-0.178851 -0.383718 -1
-0.855867 -0.718551 1
-0.948666 -0.605464 1
-0.617661 -0.296953 -1
-0.980061 -0.917849 1
-0.755294 -0.734400 -1
-0.266208 -0.870740 -1
-0.277910 -0.694757 -1
-0.856544 -0.617482 1
-0.999621 -0.878374 -1
-0.758993 -0.572786 -1
-0.432434 -0.851301 -1
-0.277575 -0.549100 -1
-0.512515 -0.643161 -1
-0.110901 -0.017450 -1
-0.616357 -0.866838 1
-0.440391 -0.025608 -1
-0.606225 -0.107662 -1
-0.199922 -0.135685 1
-0.068263 -0.487401 -1
-0.652527 -0.554195 -1
-0.490373 -0.682871 -1
-0.604286 -0.584710 1
-0.407994 -0.476791 -1
-0.378960 -0.458535 -1
-0.736293 -0.659005 1
-0.787325 -0.860150 1
-0.806494 -0.372353 1
-0.198710 -0.339875 -1
-0.420181 -0.076283 -1
-0.304168 -0.192871 1
-0.831665 -0.723347 1
-0.766409 -0.640700 -1
-0.570255 -0.836282 1
-0.140351 -0.662669 1
-0.650815 -0.874514 1
-0.594157 -0.296396 -1
-0.925345 -0.348817 1
-0.191479 -0.279906 -1
-0.742239 -0.628858 -1
-0.353945 -0.032974 1
-0.384233 -0.984590 -1
-0.992032 -0.665044 -1
-0.243591 -0.987070 1
-0.467710 -0.106162 1
-0.107905 -0.326014 1
-0.117928 -0.614596 -1
-0.264778 -0.903472 -1
-0.684712 -0.596874 1
-0.185969 -0.106756 1
-0.624842 -0.620123 -1
-0.830099 -0.937412 -1
-0.837584 -0.842214 -1
-0.890398 -0.872562 -1
-0.596331 -0.993799 1
-0.128104 -0.865279 1
-0.174392 -0.837945 -1
-0.355786 -0.785690 -1
-0.248482 -0.250150 1
-0.450520 -0.656386 -1
-0.183585 -0.026612 -1
-0.966183 -0.280612 -1
-0.971477 -0.970990 1
-0.780575 -0.423559 -1
-0.524329 -0.789327 1
-0.937859 -0.038625 1
-0.612500 -0.436455 -1
-0.907095 -0.715541 -1
-0.381335 -0.695089 1
-0.156951 -0.546931 -1
-0.352550 -0.256824 1
-0.567473 -0.906190 1
-0.371404 -0.529239 1
-0.990902 -0.767783 -1
-0.518355 -0.782024 -1
-0.549548 -0.505731 -1
-0.298162 -0.517786 1
-0.860963 -0.365594 -1
-0.341461 -0.072965 1
-0.841777 -0.811297 -1
-0.221879 -0.061954 1
-0.132911 -0.021661 -1
-0.577078 -0.776398 -1
-0.986121 -0.957394 1
-0.287131 -0.723748 -1
-0.665457 -0.884058 -1
-0.366008 -0.127909 -1
-0.390791 -0.171029 -1
-0.119386 -0.493794 1
-0.379445 -0.544999 -1
-0.329455 -0.978871 1
-0.498062 -0.194830 -1
-0.174257 -0.863088 -1
-0.755858 -0.119824 -1
-0.685093 -0.757557 1
-0.275768 -0.888615 -1
-0.660008 -0.078287 -1
-0.478200 -0.821276 -1
-0.398729 -0.027135 1
-0.319691 -0.109108 -1
-0.569779 -0.759784 1
-0.392484 -0.327730 1
-0.768501 -0.722469 1
-0.188506 -0.634032 -1
-0.732601 -0.872340 -1
-0.478402 -0.709836 -1
-0.051790 -0.691244 -1
-0.348628 -0.071476 -1
-0.750068 -0.429610 -1
-0.828814 -0.236657 -1
-0.808683 -0.695028 1
-0.524352 -0.919321 -1
-0.055998 -0.840840 -1
-0.663536 -0.628315 -1
-0.269300 -0.726607 -1
-0.870540 -0.851657 1
-0.033290 -0.579751 -1
-0.068865 -0.311222 1
-0.137705 -0.214951 1
-0.743707 -0.883230 -1
-0.753070 -0.291179 1
-0.514960 -0.961987 1
-0.364471 -0.429899 1
-0.006562 -0.008688 1
-0.298767 -0.559799 -1
-0.567773 -0.771058 -1
-0.261155 -0.621647 -1
-0.546840 -0.740955 1
-0.267424 -0.970932 1
-0.820063 -0.145792 -1
-0.850313 -0.993323 -1
-0.339610 -0.809144 1
-0.984348 -0.550292 -1
-0.826935 -0.705251 1
-0.099186 -0.859128 -1
-0.266615 -0.965206 -1
-0.044370 -0.992835 -1
-0.391062 -0.392744 -1
-0.332532 -0.865632 -1
-0.432606 -0.085637 1
-0.453984 -0.508072 1
-0.796265 -0.077081 -1
-0.721397 -0.146536 -1
-0.292185 -0.520235 -1
-0.949889 -0.194992 -1
-0.434223 -0.750116 1
-0.741135 -0.620233 -1
-0.964913 -0.265003 1
-0.074382 -0.744844 1
-0.182486 -0.481888 1
-0.511198 -0.356101 1
-0.524315 -0.422095 -1
-0.459579 -0.692073 -1
-0.114879 -0.107385 -1
-0.955111 -0.354038 1
-0.494568 -0.488163 -1
-0.293964 -0.583771 1
-0.366941 -0.494505 -1
-0.494042 -0.138062 -1
-0.063013 -0.979308 1
-0.834003 -0.621571 1
-0.792714 -0.821909 1
0.406349 0.924593 -1
0.975832 0.228964 -1
0.709842 0.603946 1
0.524745 0.738246 -1
0.376887 0.707175 1
0.096208 0.053167 1
0.147435 0.275463 -1
0.775655 0.879077 1
0.360849 0.192646 -1
0.418049 0.429275 -1
0.550237 0.651024 1
0.796468 0.277605 -1
0.258436 0.672406 -1
0.852106 0.180085 -1
0.903218 0.987224 -1
0.735391 0.542325 -1
0.275701 0.390804 1
0.515144 0.481361 -1
0.774563 0.970488 1
0.264897 0.108421 -1
0.813439 0.737744 -1
0.115209 0.971003 1
0.958024 0.012714 -1
0.327288 0.341474 -1
0.461227 0.271906 1
0.307501 0.604642 1
0.147024 0.501895 1
0.298315 0.442770 -1
0.927509 0.711294 1
0.509174 0.833174 1
0.926344 0.878291 -1
0.219003 0.869734 1
0.575969 0.936811 1
0.305956 0.710797 -1
0.228888 0.904470 -1
0.337637 0.468439 1
0.297472 0.802146 -1
0.608212 0.527820 -1
0.062813 0.768970 -1
0.280902 0.484486 1
0.383880 0.849820 -1
0.066835 0.738219 -1
0.047605 0.831597 -1
0.803187 0.003812 1
0.882393 0.323341 1
0.006388 0.614733 -1
0.098085 0.591309 1
0.892159 0.271013 -1
0.575394 0.137046 -1
0.715109 0.361902 -1
0.087474 0.786632 -1
0.468954 0.232491 -1
0.447990 0.866495 -1
0.244363 0.391272 -1
0.338037 0.407428 1
0.388964 0.114268 -1
0.340422 0.654946 1
0.713133 0.599881 1
0.617419 0.595298 -1
0.102721 0.338145 -1
0.536539 0.485785 -1
0.929188 0.502261 -1
0.274089 0.378777 -1
0.519653 0.919672 1
0.350375 0.540258 1
0.057904 0.696153 -1
0.091804 0.061782 1
0.763766 0.806651 1
0.496593 0.083760 -1
0.561796 0.580062 -1
0.467057 0.347480 1
0.375739 0.274143 1
0.937324 0.910609 -1
0.879837 0.767293 -1
0.175262 0.094752 -1
0.950861 0.516774 -1
0.022664 0.183939 1
0.341009 0.612107 1
0.504252 0.963125 -1
0.295962 0.160427 1
0.888808 0.296089 -1
0.739839 0.432611 -1
0.337270 0.049464 -1
0.555189 0.980863 -1
0.617554 0.844351 1
0.527103 0.721851 -1
0.859266 0.958885 1
0.551450 0.997260 1
0.780610 0.266714 -1
0.160013 0.736170 -1
0.529440 0.501179 -1
0.209622 0.395907 -1
0.369971 0.368865 -1
0.595275 0.930489 -1
0.581903 0.850335 -1
0.912350 0.335180 1
0.083831 0.970774 1
0.743197 0.852921 1
0.616410 0.999459 1
0.658411 0.705783 1
0.395281 0.643504 -1
0.945699 0.766207 -1
0.858293 0.081228 1
0.761113 0.466401 1
0.055858 0.182076 -1
0.016628 0.480463 -1
0.253791 0.046668 -1
0.930108 0.100186 -1
0.795789 0.022770 -1
0.952736 0.075521 -1
0.344028 0.514164 1
0.233036 0.432029 -1
0.661192 0.380174 1
0.346418 0.873476 -1
0.195490 0.134409 -1
0.003624 0.212675 -1
0.641785 0.169601 -1
0.546831 0.896739 -1
0.554916 0.459084 1
0.854000 0.321605 1
0.238482 0.358330 -1
0.318027 0.390958 1
0.101174 0.158270 -1
0.410818 0.320096 -1
0.945473 0.483709 -1
0.010592 0.840974 1
0.185046 0.171688 -1
0.770376 0.267779 -1
0.644249 0.641590 1
0.981749 0.464184 -1
0.406246 0.667874 -1
0.343944 0.203657 1
0.067037 0.706643 -1
0.319031 0.112175 1
0.890558 0.925499 -1
0.775051 0.636103 -1
0.831717 0.061448 1
0.519484 0.977573 1
0.375905 0.734279 1
0.465249 0.805974 -1
0.164394 0.396946 -1
0.799475 0.642416 1
0.862318 0.125497 1
0.445083 0.458053 1
0.091396 0.022927 -1
0.889247 0.137873 1
0.179403 0.959994 -1
0.924509 0.927188 1
0.664567 0.993202 -1
0.494218 0.962599 -1
0.787431 0.249935 -1
0.517465 0.232829 1
0.195227 0.086447 -1
0.811428 0.181036 1
0.486003 0.015266 1
0.158581 0.628158 1
0.111910 0.797519 -1
0.676372 0.316372 -1
0.087878 0.228832 1
0.997655 0.838100 -1
0.642034 0.825793 1
0.496454 0.507556 1
0.508876 0.761221 1
0.387144 0.023465 -1
0.244548 0.248444 -1
0.839643 0.588686 -1
0.203149 0.471296 -1
0.126151 0.727990 1
0.437480 0.225842 -1
0.629105 0.136492 -1
0.046691 0.050763 -1
0.310270 0.829688 1
0.643037 0.181824 -1
0.112711 0.105250 1
0.416040 0.404958 -1
0.295304 0.735842 -1
0.444900 0.756792 -1
0.994125 0.883953 1
0.472742 0.744852 -1
0.721211 0.697216 -1
0.419591 0.083903 -1
0.114371 0.676596 1
0.626899 0.118587 -1
0.476436 0.198087 -1
0.047898 0.373654 1
0.365731 0.397851 1
0.703351 0.176792 -1
0.008642 0.306610 1
0.496496 0.368820 -1
0.051754 0.708245 1
0.782277 0.358482 -1
0.814097 0.758582 1
0.949107 0.235064 1
0.910515 0.689913 -1
0.743798 0.012694 -1
0.739788 0.109801 1
0.489616 0.017633 -1
0.797697 0.616624 1
0.865197 0.387879 1
0.930226 0.279643 -1
0.179740 0.829272 1
0.042229 0.529344 1
0.817623 0.886884 -1
0.584987 0.289679 1
0.079885 0.438861 1
0.832500 0.659268 -1
0.476601 0.227281 -1
0.204890 0.904493 -1
0.816912 0.344551 1
0.671706 0.466275 -1
0.593241 0.996742 -1
0.178872 0.735678 -1
0.607184 0.434411 -1
0.588227 0.157941 -1
0.807164 0.831500 1
0.918644 0.201970 1
0.308058 0.583349 1
0.914578 0.598710 -1
0.551420 0.401838 -1
0.281634 0.468444 -1
0.968404 0.067641 -1
0.504123 0.565908 1
0.244104 0.663428 -1
0.659558 0.708428 -1
0.212783 0.695627 1
0.156807 0.891257 -1
0.694712 0.267742 1
0.957010 0.613082 1
0.497277 0.503572 1
0.598687 0.309774 1
0.905306 0.240929 1
0.212708 0.630525 -1
0.685159 0.160835 -1
0.315183 0.804032 -1
0.471890 0.877210 -1
0.856495 0.368899 -1
0.446536 0.328722 1
0.002233 0.509452 -1
0.611301 0.998271 1
0.973043 0.416244 1
0.244718 0.868902 -1
0.990720 0.970941 1
0.743078 0.537244 -1
0.944341 0.486511 1
0.042694 0.526062 1
0.206698 0.709413 -1
0.605048 0.462247 -1
0.048748 0.224485 -1
0.966832 0.392248 -1
0.839364 0.386723 1
