-0.276639 0.236281 1
-0.517416 0.941892 1
-0.249264 0.554748 -1
-0.590181 0.271467 1
-0.546326 0.892191 1
-0.978280 0.154610 1
-0.250131 0.131247 -1
-0.984353 0.216835 1
-0.873265 0.939390 1
-0.299105 0.151744 -1
-0.993949 0.316825 -1
-0.950499 0.768964 1
-0.830039 0.014224 -1
-0.645640 0.584145 -1
-0.166340 0.025949 1
-0.500074 0.233080 1
-0.051685 0.889407 1
-0.058923 0.777994 1
-0.686555 0.529061 1
-0.370084 0.027641 1
-0.998505 0.373119 -1
-0.304520 0.289773 -1
-0.564352 0.698267 -1
-0.900747 0.165853 1
-0.048111 0.284423 1
-0.102936 0.341142 1
-0.394088 0.294819 1
-0.905860 0.419585 1
-0.151421 0.397812 -1
-0.528345 0.496866 1
-0.284345 0.251097 -1
-0.930298 0.520739 -1
-0.773364 0.082782 1
-0.642381 0.786078 -1
-0.362173 0.847549 -1
-0.320626 0.762371 1
-0.513139 0.782030 1
-0.590505 0.018892 -1
-0.007380 0.242156 -1
-0.951516 0.879313 1
-0.404094 0.099395 1
-0.908596 0.946378 1
-0.968062 0.173843 -1
-0.157760 0.293156 1
-0.432372 0.193107 -1
-0.951616 0.722961 1
-0.424197 0.593778 1
-0.872465 0.681169 1
-0.610678 0.316299 1
-0.139524 0.857150 -1
-0.999678 0.305513 -1
-0.181832 0.350612 1
-0.221491 0.608981 1
-0.227123 0.625268 1
-0.173873 0.810819 -1
-0.891072 0.098872 1
-0.460498 0.890817 -1
-0.120458 0.945242 1
-0.914604 0.740997 1
-0.912755 0.020473 1
-0.974037 0.553103 1
-0.960694 0.300080 1
-0.563821 0.124200 -1
-0.656073 0.523233 -1
-0.829736 0.080461 1
-0.827358 0.534772 1
-0.227256 0.226410 1
-0.207129 0.510901 1
-0.952536 0.487206 1
-0.722526 0.100741 1
-0.438568 0.287630 1
-0.380305 0.637568 1
-0.608669 0.748695 1
-0.347167 0.197372 -1
-0.516182 0.035063 1
-0.223362 0.180031 1
-0.589412 0.066435 1
-0.439620 0.177767 -1
-0.091618 0.606067 1
-0.702056 0.848581 -1
-0.469613 0.260827 1
-0.645727 0.018019 1
-0.679781 0.564604 -1
-0.432957 0.096777 1
-0.728954 0.482514 1
-0.654573 0.285948 1
-0.488838 0.099670 1
-0.678608 0.865106 1
-0.524863 0.129167 -1
-0.484494 0.761448 1
-0.791127 0.191153 1
-0.087571 0.572651 1
-0.568224 0.548376 1
-0.648342 0.860932 1
-0.937654 0.669080 1
-0.925373 0.607555 1
-0.666331 0.603201 1
-0.026339 0.863468 -1
-0.561694 0.973038 -1
-0.215730 0.657327 1
-0.303274 0.417206 -1
-0.984183 0.103609 1
-0.707461 0.633309 1
-0.927159 0.254973 1
-0.662549 0.083568 1
-0.189775 0.212662 -1
-0.754664 0.068602 1
-0.546706 0.219322 1
-0.864277 0.295001 -1
-0.579098 0.394993 1
-0.768870 0.331336 -1
-0.818928 0.295329 1
-0.752046 0.594827 1
-0.399939 0.401874 -1
-0.872632 0.982166 1
-0.228753 0.411821 1
-0.603566 0.934676 1
-0.474050 0.135755 1
-0.579065 0.247304 1
-0.732234 0.240536 1
-0.524032 0.692492 1
-0.867724 0.228984 -1
-0.032905 0.443105 -1
-0.494350 0.188250 -1
-0.993627 0.487101 1
-0.007231 0.283352 -1
-0.933695 0.526288 1
-0.418756 0.769746 -1
-0.556945 0.966027 -1
-0.351425 0.886447 -1
-0.180537 0.457664 1
-0.490598 0.895146 -1
-0.601776 0.322713 1
-0.394125 0.950546 -1
-0.728448 0.703720 1
-0.017894 0.683292 -1
-0.115988 0.625726 1
-0.096912 0.505695 -1
-0.317835 0.241847 1
-0.580265 0.034274 1
-0.587569 0.999914 1
-0.233382 0.750143 -1
-0.228857 0.217087 1
-0.234811 0.327284 1
-0.198536 0.892356 1
-0.380197 0.812047 1
-0.509577 0.748050 1
-0.140437 0.688965 1
-0.720228 0.415830 1
-0.264158 0.726068 -1
-0.377200 0.512658 1
-0.567148 0.117761 1
-0.324433 0.906013 1
-0.897070 0.575318 -1
-0.492641 0.619067 1
-0.591890 0.131223 -1
-0.835767 0.454535 1
-0.849180 0.019147 1
-0.395951 0.290902 1
-0.924696 0.840204 1
-0.262894 0.077891 1
-0.154305 0.171026 1
-0.984671 0.134854 1
-0.793070 0.479896 1
-0.961456 0.411966 -1
-0.028685 0.302573 1
-0.690484 0.505769 1
-0.714165 0.909223 1
-0.323594 0.148861 1
-0.057675 0.160039 -1
-0.937201 0.317755 1
-0.185432 0.355586 1
-0.765718 0.541805 -1
-0.284925 0.425845 -1
-0.281376 0.875053 -1
-0.551985 0.287176 1
-0.862856 0.380316 1
-0.522734 0.308005 1
-0.354183 0.847312 1
-0.587473 0.647577 1
-0.373552 0.267654 1
-0.866308 0.230420 1
-0.033683 0.747285 -1
-0.083870 0.140806 1
-0.503929 0.373268 -1
-0.640787 0.122603 1
-0.235686 0.967885 1
-0.375034 0.324754 1
-0.160116 0.427543 -1
-0.776727 0.606758 -1
-0.419400 0.820340 1
-0.998520 0.161499 1
-0.498035 0.681803 1
-0.102729 0.138601 1
-0.555396 0.810753 1
-0.453491 0.308396 -1
-0.067975 0.100956 1
-0.661145 0.670875 1
-0.360973 0.142003 -1
-0.603746 0.711920 -1
-0.435439 0.865029 1
-0.309857 0.481369 -1
-0.465388 0.154908 1
-0.035685 0.148825 1
-0.622767 0.777049 1
-0.552170 0.724653 -1
-0.714573 0.901951 -1
-0.570837 0.467662 1
-0.027299 0.218420 -1
-0.807520 0.257729 1
-0.149589 0.315807 1
-0.918060 0.757671 1
-0.168053 0.281494 1
-0.277153 0.905944 1
-0.072637 0.431712 1
-0.298242 0.707075 1
-0.759948 0.405276 1
-0.710128 0.371967 -1
-0.714877 0.152172 1
-0.926948 0.906096 1
-0.370864 0.422644 -1
-0.938499 0.499966 -1
-0.959754 0.248021 1
-0.236025 0.785786 1
-0.794226 0.697099 -1
-0.207836 0.497947 1
-0.302942 0.629915 1
-0.047681 0.293299 1
-0.970807 0.193200 1
-0.256280 0.975337 -1
-0.911876 0.169964 -1
-0.236021 0.241969 -1
-0.796522 0.893254 1
-0.911171 0.927389 1
-0.141001 0.749640 1
-0.047843 0.354493 1
-0.505423 0.727356 -1
-0.983598 0.137970 1
-0.480722 0.089253 -1
-0.328635 0.957508 1
-0.548526 0.550076 1
-0.879310 0.415015 -1
-0.765724 0.706256 1
-0.739782 0.647614 1
-0.559227 0.555839 -1
-0.234166 0.349469 1
-0.588366 0.681447 1
-0.043473 0.240326 1
-0.978271 0.120548 1
-0.574043 0.293115 -1
0.358228 -0.674314 -1
0.657334 -0.367149 1
0.564636 -0.992247 1
0.817051 -0.843694 -1
0.738636 -0.247676 1
0.027634 -0.413151 1
0.830800 -0.357259 -1
0.658584 -0.112365 -1
0.857416 -0.995702 1
0.085714 -0.121054 1
0.257372 -0.734503 -1
0.352489 -0.622099 1
0.742051 -0.741584 1
0.620878 -0.136047 1
0.360778 -0.194096 -1
0.861444 -0.851561 1
0.000237 -0.598067 1
0.521613 -0.695100 1
0.280621 -0.477366 -1
0.875134 -0.423974 1
0.821850 -0.210009 1
0.452124 -0.953144 -1
0.219969 -0.978912 1
0.737868 -0.364253 1
0.464474 -0.748984 -1
0.181196 -0.471645 1
0.002106 -0.978800 -1
0.438627 -0.179852 1
0.564281 -0.740744 1
0.399797 -0.577315 -1
0.598486 -0.718903 1
0.583946 -0.759030 1
0.782082 -0.368177 1
0.022863 -0.098217 -1
0.184625 -0.365786 1
0.819384 -0.315862 1
0.048359 -0.868612 1
0.335039 -0.938199 1
0.062231 -0.350368 -1
0.487525 -0.121334 -1
0.843405 -0.133559 -1
0.276163 -0.026648 1
0.786740 -0.396600 -1
0.712275 -0.336741 1
0.613901 -0.223746 -1
0.496973 -0.320450 1
0.793165 -0.144383 -1
0.513769 -0.919304 -1
0.916394 -0.859416 -1
0.280037 -0.841275 1
0.911077 -0.528431 1
0.445288 -0.873407 -1
0.404803 -0.071245 -1
0.711848 -0.637820 1
0.425300 -0.127115 1
0.606327 -0.000482 1
0.128691 -0.811774 1
0.308525 -0.724741 1
0.606219 -0.807275 1
0.717871 -0.882394 -1
0.228535 -0.207207 1
0.146665 -0.532833 1
0.671729 -0.358910 -1
0.468458 -0.256928 1
0.874051 -0.563732 1
0.526876 -0.173849 1
0.793927 -0.932473 1
0.410896 -0.493916 -1
0.338018 -0.439342 1
0.861951 -0.504339 1
0.621462 -0.497409 1
0.524788 -0.121683 1
0.352080 -0.976237 1
0.182063 -0.404483 1
0.085618 -0.126294 1
0.134183 -0.432313 -1
0.916773 -0.753814 1
0.158039 -0.030080 -1
0.866443 -0.887074 -1
0.059020 -0.924740 1
0.683724 -0.007415 -1
0.202288 -0.389250 1
0.371121 -0.003156 -1
0.961856 -0.239285 1
0.595656 -0.920953 1
0.845841 -0.473867 1
0.021946 -0.153038 1
0.361182 -0.349042 1
0.620372 -0.811351 1
0.100093 -0.556646 -1
0.881453 -0.346509 -1
0.983854 -0.928569 1
0.378863 -0.023676 -1
0.748076 -0.235044 1
0.750366 -0.650693 1
0.482174 -0.965605 -1
0.045037 -0.488293 1
0.911165 -0.552242 1
0.573929 -0.225244 1
0.270453 -0.820333 1
0.582822 -0.483044 1
0.306204 -0.809146 1
0.168569 -0.201467 1
0.580674 -0.058747 1
0.033149 -0.079172 1
0.623350 -0.507838 1
0.344072 -0.988638 1
0.414460 -0.642580 -1
0.117989 -0.068939 1
0.492477 -0.225194 -1
0.335038 -0.769288 1
0.262882 -0.877983 1
0.595306 -0.619902 1
0.072029 -0.130005 -1
0.996672 -0.988901 -1
0.554378 -0.886052 -1
0.165156 -0.034378 1
0.105727 -0.447791 1
0.162477 -0.251511 1
0.551682 -0.759872 1
0.095461 -0.326182 -1
0.747353 -0.668425 1
0.867927 -0.048065 1
0.326461 -0.581765 -1
0.493118 -0.984186 1
0.481131 -0.119636 -1
0.627473 -0.516948 -1
0.531231 -0.760058 1
0.860701 -0.109748 1
0.872666 -0.400896 1
0.318315 -0.198969 1
0.846439 -0.128061 1
0.469461 -0.974587 1
0.241610 -0.822090 1
0.496776 -0.274903 1
0.568050 -0.950344 1
0.493453 -0.966258 -1
0.879072 -0.089377 1
0.145873 -0.848594 1
0.660553 -0.098382 1
0.368904 -0.043174 1
0.500845 -0.916705 1
0.708056 -0.392353 1
0.404998 -0.597765 1
0.205364 -0.549935 -1
0.599620 -0.381042 1
0.913741 -0.051874 -1
0.505725 -0.252797 1
0.800306 -0.950480 1
0.995351 -0.457976 -1
0.135982 -0.118152 -1
0.668043 -0.521642 -1
0.856639 -0.072251 1
0.153580 -0.956004 1
0.913625 -0.919963 1
0.109494 -0.657755 1
0.260714 -0.252377 1
0.408024 -0.217609 1
0.243914 -0.492222 -1
0.367381 -0.840955 1
0.532137 -0.152240 1
0.483495 -0.723205 -1
0.979286 -0.693330 1
0.252400 -0.293784 1
0.227564 -0.000051 -1
0.542522 -0.302076 1
0.502749 -0.917033 1
0.963199 -0.095017 -1
0.227265 -0.984923 1
0.223421 -0.757094 1
0.498573 -0.381378 1
0.301339 -0.025383 1
0.111049 -0.524322 1
0.049055 -0.281967 1
0.520841 -0.773035 1
0.352813 -0.043973 1
0.741887 -0.048386 1
0.025384 -0.949890 1
0.323700 -0.074579 -1
0.257118 -0.321795 -1
0.686644 -0.569070 1
0.313385 -0.962455 1
0.489040 -0.073441 1
0.014087 -0.506580 1
0.275057 -0.746393 1
0.535431 -0.429925 1
0.585184 -0.745622 -1
0.496150 -0.464521 1
0.449001 -0.121749 1
0.902190 -0.426772 -1
0.840815 -0.802498 -1
0.857351 -0.366990 1
0.488337 -0.531818 1
0.041515 -0.215498 -1
0.342732 -0.705187 1
0.491392 -0.015647 1
0.638089 -0.890289 1
0.294378 -0.643600 -1
0.260670 -0.731277 1
0.434958 -0.025763 1
0.057503 -0.923874 1
0.957010 -0.308356 -1
0.551409 -0.957335 1
0.284199 -0.034656 -1
0.809583 -0.645884 1
0.891696 -0.614092 1
0.086091 -0.990201 1
0.425230 -0.759714 -1
0.012478 -0.568949 -1
0.361424 -0.664149 -1
0.803504 -0.229942 1
0.454034 -0.458413 1
0.815149 -0.317573 -1
0.278556 -0.256662 -1
0.235401 -0.921759 -1
0.654750 -0.367273 -1
0.883004 -0.576299 -1
0.206844 -0.419302 1
0.780584 -0.550096 1
0.721265 -0.178189 1
0.707555 -0.735733 1
0.561092 -0.090817 1
0.405256 -0.560991 1
0.774418 -0.404047 -1
0.403491 -0.545575 -1
0.470409 -0.748963 1
0.734217 -0.972098 1
0.729658 -0.587532 -1
0.007995 -0.769795 1
0.119589 -0.821187 -1
0.308884 -0.101032 1
0.765857 -0.318213 1
0.320751 -0.733717 1
0.924666 -0.491142 1
0.664855 -0.929721 1
0.444029 -0.148836 -1
0.280465 -0.785386 -1
0.810417 -0.869086 1
0.616367 -0.460609 -1
0.480368 -0.991306 -1
0.777800 -0.634302 -1
0.893126 -0.117171 -1
0.842007 -0.071276 1
0.066965 -0.573221 1
0.643607 -0.577297 1
0.522750 -0.385032 1
0.443680 -0.096055 1
0.494754 -0.233110 1
0.347310 -0.507494 1
0.185310 -0.421172 1
-0.126548 -0.755740 1
-0.821275 -0.776472 -1
-0.530641 -0.695834 -1
-0.516363 -0.137645 -1
-0.118962 -0.408060 -1
-0.896465 -0.118484 -1
-0.025750 -0.154746 -1
-0.717426 -0.529259 -1
-0.042110 -0.528339 -1
-0.803963 -0.756964 1
-0.706860 -0.907443 -1
-0.596450 -0.684089 1
-0.698153 -0.810208 -1
-0.742807 -0.933124 1
-0.450396 -0.432350 -1
-0.512524 -0.493550 1
-0.467660 -0.809442 -1
-0.431476 -0.798163 1
-0.546522 -0.654911 -1
-0.610034 -0.662644 -1
-0.958211 -0.012309 -1
-0.136864 -0.297234 -1
-0.989794 -0.058502 -1
-0.354094 -0.190779 -1
-0.166335 -0.919726 -1
-0.766299 -0.020437 1
-0.406352 -0.648773 1
-0.359628 -0.719869 -1
-0.002312 -0.874182 -1
-0.515344 -0.623967 1
-0.644277 -0.065055 1
-0.491958 -0.286811 -1
-0.007124 -0.864016 1
-0.909172 -0.168506 1
-0.219123 -0.129325 -1
-0.234827 -0.816836 -1
-0.211815 -0.938827 -1
-0.005237 -0.994486 -1
-0.704937 -0.548175 1
-0.773220 -0.927311 1
-0.297469 -0.701478 -1
-0.884416 -0.442407 -1
-0.697380 -0.432018 -1
-0.187357 -0.976782 -1
-0.140868 -0.580106 -1
-0.738782 -0.701901 -1
-0.752548 -0.693409 1
-0.567330 -0.092974 -1
-0.502393 -0.194538 1
-0.316980 -0.355000 1
-0.759370 -0.092624 -1
-0.839698 -0.532806 -1
-0.503069 -0.212131 1
-0.476260 -0.647551 -1
-0.808548 -0.087687 1
-0.846090 -0.587649 1
-0.173941 -0.801726 -1
-0.522198 -0.254623 -1
-0.898180 -0.729138 -1
-0.588226 -0.746374 -1
-0.580982 -0.199606 -1
-0.003028 -0.666555 -1
-0.231188 -0.373587 1
-0.930483 -0.250100 1
-0.807200 -0.569374 -1
-0.051410 -0.978290 -1
-0.853804 -0.026694 -1
-0.816993 -0.666902 1
-0.758312 -0.760064 1
-0.268761 -0.801782 -1
-0.216894 -0.721061 -1
-0.366107 -0.476628 -1
-0.794341 -0.932543 -1
-0.376404 -0.412982 1
-0.653227 -0.121961 -1
-0.089073 -0.610857 1
-0.347372 -0.534032 -1
-0.353190 -0.380572 -1
-0.832185 -0.470048 -1
-0.015722 -0.482343 1
-0.326339 -0.394826 -1
-0.282422 -0.390234 1
-0.612672 -0.281309 -1
-0.627540 -0.965235 -1
-0.318966 -0.138854 -1
-0.208996 -0.158976 -1
-0.376566 -0.605534 1
-0.425263 -0.610973 -1
-0.004389 -0.221897 1
-0.694095 -0.117632 1
-0.874269 -0.576812 -1
-0.033563 -0.464221 -1
-0.655817 -0.011955 -1
-0.704692 -0.705398 -1
-0.273774 -0.713805 -1
-0.515410 -0.101941 -1
-0.336598 -0.283490 -1
-0.184608 -0.049542 -1
-0.274259 -0.992938 -1
-0.746053 -0.747086 1
-0.569946 -0.830753 -1
-0.877875 -0.691075 1
-0.062323 -0.222206 -1
-0.851029 -0.676763 -1
-0.702742 -0.395980 -1
-0.115810 -0.695975 1
-0.965816 -0.586453 -1
-0.430214 -0.635581 -1
-0.145254 -0.770613 -1
-0.611341 -0.718896 -1
-0.499818 -0.100169 -1
-0.577643 -0.937206 -1
-0.843918 -0.283313 -1
-0.121791 -0.515362 1
-0.911291 -0.453818 1
-0.995300 -0.228729 -1
-0.107294 -0.151709 -1
-0.715154 -0.455376 -1
-0.426295 -0.814036 -1
-0.159952 -0.153857 -1
-0.526485 -0.358814 1
-0.843901 -0.021760 -1
-0.532649 -0.375972 -1
-0.234091 -0.496095 -1
-0.142595 -0.499716 -1
-0.320311 -0.437166 -1
-0.768461 -0.004353 1
-0.297374 -0.615460 1
-0.982839 -0.199692 -1
-0.245129 -0.130417 1
-0.735127 -0.272400 -1
-0.982450 -0.833829 -1
-0.485055 -0.948178 1
-0.341790 -0.297592 -1
-0.927950 -0.741810 1
-0.309390 -0.839679 -1
-0.214898 -0.148347 -1
-0.215684 -0.145001 1
-0.100608 -0.344988 1
-0.050016 -0.629594 1
-0.027442 -0.347052 1
-0.716393 -0.609992 -1
-0.152732 -0.092017 -1
-0.272812 -0.303719 -1
-0.652740 -0.567686 1
-0.972524 -0.227861 -1
-0.754967 -0.594916 -1
-0.401841 -0.312854 1
-0.529891 -0.059972 -1
-0.884273 -0.157818 1
-0.387296 -0.480341 -1
-0.694519 -0.620578 1
-0.821880 -0.880719 1
-0.046537 -0.433828 1
-0.932000 -0.092995 -1
-0.413200 -0.326669 -1
-0.334086 -0.079248 1
-0.181336 -0.568919 1
-0.470040 -0.952071 -1
-0.641713 -0.659201 -1
-0.863064 -0.943088 -1
-0.914858 -0.201220 1
-0.800109 -0.660679 -1
-0.257628 -0.710246 -1
-0.501966 -0.490082 1
-0.091683 -0.414966 -1
-0.942008 -0.693521 1
-0.752024 -0.125444 1
-0.228098 -0.808895 1
-0.862843 -0.162909 -1
-0.548703 -0.414130 1
-0.297904 -0.296724 -1
-0.123046 -0.555504 1
-0.305904 -0.072027 -1
-0.588305 -0.178159 -1
-0.341115 -0.280860 1
-0.418321 -0.327317 -1
-0.223029 -0.551649 -1
-0.977487 -0.204377 -1
-0.743569 -0.182934 1
-0.851486 -0.082680 -1
-0.719970 -0.578924 -1
-0.605539 -0.179050 -1
-0.552750 -0.457914 -1
-0.323774 -0.368057 -1
-0.829050 -0.245164 -1
-0.817605 -0.476500 -1
-0.280770 -0.136340 1
-0.021813 -0.634434 -1
-0.964412 -0.306581 -1
-0.283189 -0.956472 -1
-0.836000 -0.527430 -1
-0.423396 -0.542603 -1
-0.109374 -0.470365 -1
-0.522638 -0.992488 -1
-0.420885 -0.165007 -1
-0.250323 -0.835601 1
-0.128100 -0.753342 1
-0.633385 -0.766876 1
-0.338280 -0.756613 -1
-0.013990 -0.361777 -1
-0.464259 -0.203680 -1
-0.275514 -0.832743 1
-0.278632 -0.708174 -1
-0.026258 -0.305905 1
-0.206003 -0.217704 1
-0.761872 -0.514208 -1
-0.905357 -0.083379 -1
-0.861008 -0.993725 1
-0.325366 -0.990727 -1
-0.196477 -0.469946 1
-0.886679 -0.643302 1
-0.595327 -0.873743 -1
-0.071370 -0.258023 1
-0.626295 -0.156029 -1
-0.770880 -0.785106 -1
-0.801731 -0.598689 -1
-0.163004 -0.179572 1
-0.315270 -0.076364 -1
-0.388143 -0.296208 -1
-0.018124 -0.173954 1
-0.617156 -0.564065 -1
-0.218710 -0.053275 -1
-0.504602 -0.396077 -1
-0.288635 -0.735023 -1
-0.713677 -0.094644 1
-0.667742 -0.695386 1
-0.085177 -0.944177 1
-0.297489 -0.482867 -1
-0.259529 -0.968631 -1
-0.907156 -0.082552 -1
-0.602351 -0.114735 -1
-0.461160 -0.313896 -1
-0.063847 -0.376720 -1
-0.674763 -0.747947 -1
-0.677801 -0.983305 -1
-0.728325 -0.749531 -1
-0.904415 -0.108728 -1
-0.324923 -0.735778 -1
-0.007369 -0.663598 -1
-0.081869 -0.230291 -1
-0.246661 -0.304755 -1
-0.654264 -0.709004 -1
-0.548878 -0.787857 -1
-0.942710 -0.465311 -1
-0.502251 -0.591528 -1
-0.980088 -0.929916 -1
-0.348368 -0.846278 1
-0.754642 -0.506534 -1
-0.687635 -0.848953 -1
0.009562 0.707429 -1
0.797706 0.578781 -1
0.115575 0.700812 -1
0.489249 0.491468 -1
0.896045 0.770716 -1
0.656612 0.900623 1
0.180077 0.288298 -1
0.070389 0.369223 -1
0.291283 0.662769 1
0.890934 0.466761 1
0.851122 0.414249 1
0.844925 0.514173 -1
0.190781 0.348334 -1
0.459947 0.728089 -1
0.231110 0.544472 1
0.407849 0.993832 1
0.444660 0.314413 -1
0.707878 0.333641 -1
0.243789 0.137574 -1
0.396176 0.082388 -1
0.034208 0.151610 -1
0.778789 0.751782 -1
0.366860 0.758291 1
0.561951 0.976585 -1
0.516744 0.679066 -1
0.759512 0.075366 -1
0.100912 0.987338 1
0.444459 0.738362 1
0.356341 0.152573 1
0.596477 0.958667 -1
0.997287 0.839012 -1
0.539883 0.558182 1
0.362506 0.997947 1
0.552844 0.012472 -1
0.758231 0.704601 -1
0.463980 0.868025 1
0.198868 0.783354 -1
0.363993 0.504727 -1
0.654720 0.762488 1
0.654040 0.319599 -1
0.611086 0.904441 1
0.840784 0.573233 -1
0.482814 0.783680 -1
0.023149 0.075438 1
0.726464 0.225055 -1
0.065908 0.408515 -1
0.981685 0.509437 -1
0.677190 0.356961 -1
0.557646 0.645271 1
0.096563 0.286395 1
0.194164 0.468040 -1
0.044242 0.639509 -1
0.988429 0.882626 -1
0.488088 0.667771 -1
0.898241 0.105529 -1
0.492953 0.726262 -1
0.005110 0.026743 -1
0.897968 0.779792 -1
0.443184 0.623016 -1
0.547257 0.460078 -1
0.092525 0.786538 1
0.161919 0.914697 1
0.911228 0.460018 -1
0.118795 0.441444 -1
0.779574 0.693632 -1
0.604538 0.377781 -1
0.336791 0.785576 -1
0.636558 0.561997 -1
0.064899 0.986761 -1
0.906470 0.480165 -1
0.015258 0.862658 1
0.571805 0.918174 1
0.753947 0.962810 -1
0.125336 0.330311 1
0.241425 0.849441 -1
0.279608 0.990891 -1
0.482971 0.369703 1
0.258559 0.394231 1
0.320374 0.380718 1
0.459082 0.397634 -1
0.820216 0.544937 -1
0.855006 0.035486 -1
0.212820 0.673091 -1
0.671021 0.522758 1
0.986643 0.458169 -1
0.334074 0.547042 -1
0.285852 0.341965 1
0.386400 0.173514 -1
0.498730 0.895988 1
0.202047 0.795618 1
0.324993 0.149577 -1
0.638219 0.466357 -1
0.820951 0.584577 -1
0.496444 0.487863 1
0.959368 0.822180 -1
0.453671 0.617455 -1
0.341795 0.255221 1
0.382535 0.901128 -1
0.508521 0.080944 -1
0.315451 0.271947 -1
0.588646 0.324333 -1
0.505762 0.300506 -1
0.785367 0.244985 -1
0.435205 0.879057 1
0.400702 0.531721 -1
0.746422 0.492974 -1
0.626321 0.819297 1
0.239513 0.977713 -1
0.716874 0.005825 -1
0.615450 0.180406 1
0.339230 0.179986 -1
0.248412 0.765646 -1
0.776026 0.305063 -1
0.895044 0.924574 -1
0.083769 0.729351 -1
0.624804 0.486935 1
0.844507 0.026945 -1
0.693941 0.177795 -1
0.784472 0.973922 1
0.175723 0.139025 -1
0.274906 0.511172 1
0.462656 0.639241 -1
0.370146 0.029854 -1
0.867807 0.600690 1
0.150967 0.473702 1
0.806779 0.412377 1
0.576729 0.322023 -1
0.168995 0.593994 1
0.826191 0.448092 1
0.753136 0.908556 -1
0.499064 0.911881 -1
0.213368 0.371005 -1
0.234070 0.991995 -1
0.502506 0.377896 -1
0.841144 0.485069 -1
0.235457 0.596404 -1
0.979163 0.589236 1
0.700265 0.613794 -1
0.701660 0.386557 1
0.851204 0.337440 -1
0.364855 0.092631 -1
0.406315 0.171571 -1
0.175294 0.876818 1
0.981280 0.622030 -1
0.013535 0.131334 1
0.376961 0.130389 -1
0.850660 0.226147 -1
0.113002 0.037161 -1
0.585899 0.777645 -1
0.336055 0.566634 -1
0.041419 0.488562 1
0.787795 0.131067 -1
0.669649 0.423625 -1
0.163379 0.296493 -1
0.054035 0.831335 -1
0.784636 0.385585 -1
0.912420 0.117393 -1
0.752030 0.691515 -1
0.755636 0.308646 -1
0.212537 0.684215 -1
0.876061 0.515804 -1
0.885450 0.748518 -1
0.977434 0.708616 -1
0.439761 0.668372 -1
0.681102 0.453099 -1
0.039388 0.687378 -1
0.001642 0.208495 -1
0.741331 0.999515 -1
0.741614 0.893996 -1
0.293779 0.851851 -1
0.964050 0.160777 -1
0.546115 0.382944 -1
0.611077 0.110906 1
0.867218 0.685865 -1
0.089844 0.934169 -1
0.143756 0.612565 -1
0.564751 0.708806 -1
0.538593 0.652722 1
0.354084 0.252197 -1
0.768712 0.084878 -1
0.124563 0.007282 -1
0.733129 0.902244 -1
0.089091 0.770998 -1
0.913319 0.228809 -1
0.529992 0.979882 1
0.583428 0.839580 -1
0.240339 0.189386 1
0.422191 0.124165 -1
0.499752 0.602858 -1
0.612222 0.662570 1
0.746698 0.722663 -1
0.518571 0.639484 -1
0.708838 0.069962 -1
0.134529 0.017651 -1
0.177762 0.124389 -1
0.527632 0.958264 -1
0.772100 0.457077 -1
0.094298 0.501070 -1
0.149887 0.842817 1
0.196797 0.443968 -1
0.098835 0.327417 1
0.598466 0.098032 -1
0.716706 0.095463 -1
0.962373 0.138777 -1
0.923177 0.211589 -1
0.069634 0.467193 -1
0.800038 0.564255 -1
0.841753 0.300806 -1
0.603869 0.485493 -1
0.748732 0.704020 -1
0.576636 0.659023 -1
0.461869 0.474396 -1
0.778457 0.149859 -1
0.331186 0.732245 -1
0.804243 0.753071 -1
0.956095 0.889143 -1
0.393050 0.453061 1
0.628212 0.491169 -1
0.080223 0.374103 -1
0.873664 0.692150 -1
0.818865 0.653925 -1
0.681049 0.817684 -1
0.241593 0.554730 -1
0.399164 0.903868 -1
0.934613 0.337108 -1
0.781114 0.055799 -1
0.985544 0.247240 -1
0.185069 0.466340 -1
0.696604 0.517478 1
0.347956 0.449310 -1
0.675241 0.044487 -1
0.479889 0.859814 -1
0.867359 0.131212 -1
0.229788 0.319231 -1
0.226666 0.843307 -1
0.932698 0.181844 1
0.456580 0.171876 -1
0.888130 0.698789 -1
0.635994 0.760514 -1
0.090407 0.156641 -1
0.653230 0.973489 -1
0.562140 0.638950 -1
0.439270 0.700308 -1
0.486808 0.191354 -1
0.700351 0.155447 -1
0.645551 0.798687 -1
0.713952 0.609211 1
0.638620 0.585373 1
0.253583 0.891180 1
0.038025 0.880771 -1
