-0.580990 0.143234 1
-0.751035 0.337742 1
-0.459173 0.068461 1
-0.910536 0.851645 1
-0.804151 0.943811 1
-0.724685 0.219415 1
-0.313838 0.253988 1
-0.190021 0.043965 1
-0.501831 0.497149 1
-0.766384 0.690714 1
-0.757755 0.192089 1
-0.384601 0.100161 1
-0.204014 0.148851 1
-0.257773 0.278038 1
-0.865148 0.774505 1
-0.178443 0.407798 1
-0.307896 0.531824 1
-0.664924 0.169264 1
-0.766915 0.435720 1
-0.520217 0.308685 1
-0.911701 0.635913 1
-0.554590 0.363678 1
-0.870784 0.052007 1
-0.123455 0.658049 1
-0.764740 0.366328 1
-0.150980 0.906473 1
-0.758481 0.330602 1
-0.310580 0.337413 1
-0.269651 0.448598 1
-0.121448 0.444236 1
-0.110004 0.261342 1
-0.595068 0.572139 1
-0.628619 0.913145 1
-0.885507 0.628322 1
-0.477704 0.056452 1
-0.561887 0.931020 1
-0.222142 0.871073 1
-0.930616 0.295813 1
-0.276180 0.650481 1
-0.916975 0.113790 1
-0.434183 0.490762 1
-0.878709 0.558918 1
-0.018051 0.454341 1
-0.285215 0.246893 1
-0.628740 0.542056 1
-0.837367 0.911336 1
-0.315153 0.697843 1
-0.279401 0.431769 1
-0.373489 0.674073 1
-0.669673 0.119209 1
-0.718373 0.898770 1
-0.839131 0.168852 1
-0.549186 0.049018 1
-0.190565 0.855972 1
-0.737763 0.044245 1
-0.389070 0.880211 1
-0.924136 0.271607 1
-0.343689 0.085528 1
-0.393876 0.592535 1
-0.309494 0.909767 1
-0.920300 0.409748 1
-0.721156 0.770300 1
-0.823219 0.781194 1
-0.446157 0.416812 1
-0.363334 0.814377 1
-0.937435 0.041871 1
-0.032289 0.943926 1
-0.692560 0.806715 1
-0.523509 0.625775 1
-0.879122 0.040911 1
-0.262249 0.378838 1
-0.261616 0.303253 1
-0.960058 0.966056 1
-0.471176 0.399708 1
-0.238704 0.688945 1
-0.985252 0.679171 1
-0.334482 0.135785 1
-0.193675 0.786786 1
-0.409929 0.837571 1
-0.634835 0.679447 1
-0.761964 0.744909 1
-0.343240 0.682808 1
-0.581193 0.681352 1
-0.712482 0.984699 1
-0.792645 0.479422 1
-0.105147 0.170033 1
-0.206480 0.830677 1
-0.240449 0.935026 1
-0.698569 0.461909 1
-0.350042 0.441210 1
-0.413119 0.587876 1
-0.531229 0.289873 1
-0.082197 0.438437 1
-0.689183 0.701504 1
-0.634260 0.411753 1
-0.993925 0.338039 1
-0.067095 0.656659 1
-0.727859 0.727622 1
-0.945296 0.049034 1
-0.585267 0.650541 1
-0.279247 0.037906 1
-0.475365 0.614896 1
-0.271779 0.061474 1
-0.419262 0.992343 1
-0.443384 0.326692 1
-0.042170 0.764396 1
-0.995044 0.107516 1
-0.427530 0.133532 1
-0.653433 0.135489 1
-0.645198 0.478337 1
-0.125071 0.181723 1
-0.315628 0.615368 1
-0.090849 0.648435 1
-0.949274 0.367199 1
-0.573255 0.024135 1
-0.669602 0.482215 1
-0.429478 0.578635 1
-0.045671 0.664566 1
-0.232992 0.524656 1
-0.611114 0.619083 1
-0.390573 0.538255 1
-0.373867 0.969281 1
-0.446819 0.739094 1
-0.156549 0.924446 1
-0.185279 0.722707 1
-0.344618 0.993261 1
-0.612581 0.826100 1
-0.776125 0.241802 1
-0.137947 0.078262 1
-0.182293 0.099247 1
-0.837446 0.477781 1
-0.689559 0.030095 1
-0.252894 0.033595 1
-0.316381 0.292368 1
-0.116968 0.838471 1
-0.374404 0.326759 1
-0.315000 0.637817 1
-0.435420 0.400550 1
-0.593344 0.926248 1
-0.831570 0.286317 1
-0.549427 0.805359 1
-0.486797 0.391584 1
-0.545715 0.761823 1
-0.567708 0.628451 1
-0.031565 0.190618 1
-0.801765 0.346473 1
-0.010046 0.719649 1
-0.993156 0.440669 1
-0.960600 0.090340 1
-0.179239 0.323636 1
-0.606164 0.039836 1
-0.904098 0.007370 1
-0.540535 0.669009 1
-0.344884 0.683101 1
-0.312580 0.124789 1
-0.856364 0.577755 1
-0.693369 0.246899 1
-0.774564 0.925003 1
-0.939956 0.464658 1
-0.402808 0.302481 1
-0.945869 0.575920 1
-0.563189 0.752880 1
-0.437744 0.920220 1
-0.739954 0.972765 1
-0.741232 0.973862 1
-0.445918 0.226451 1
-0.057374 0.256817 1
-0.211071 0.230405 1
-0.524499 0.835981 1
-0.580653 0.080348 1
-0.493892 0.844810 1
-0.949722 0.400991 1
-0.364916 0.010892 1
-0.500734 0.047280 1
-0.707036 0.229499 1
-0.288383 0.331939 1
-0.276822 0.396547 1
-0.542492 0.441496 1
-0.921080 0.657203 1
-0.743031 0.920470 1
-0.040438 0.178186 1
-0.803379 0.314321 1
-0.702977 0.706440 1
-0.635470 0.904279 1
-0.407176 0.083289 1
-0.363760 0.748625 1
-0.570298 0.913244 1
-0.785158 0.232212 1
-0.538595 0.048634 1
-0.452970 0.159160 1
-0.576768 0.424331 1
-0.796362 0.284666 1
-0.254160 0.938302 1
-0.981773 0.318311 1
-0.197918 0.478755 1
-0.704839 0.518513 1
-0.258506 0.677307 1
-0.396990 0.574629 1
-0.976832 0.488566 1
-0.554345 0.203058 1
-0.085863 0.483414 1
-0.298455 0.464857 1
-0.351131 0.194525 1
-0.614273 0.428875 1
-0.162791 0.745255 1
-0.444212 0.276136 1
-0.288168 0.564943 1
-0.510810 0.238658 1
-0.076117 0.343990 1
-0.782429 0.476387 1
-0.422504 0.121584 1
-0.106053 0.868039 1
-0.819848 0.536814 1
-0.550280 0.995591 1
-0.825331 0.720912 1
-0.251603 0.256249 1
-0.479039 0.044737 1
-0.745759 0.008587 1
-0.442652 0.847641 1
-0.616103 0.418872 1
-0.779285 0.557296 1
-0.500463 0.886844 1
-0.329262 0.915623 1
-0.793804 0.673364 1
-0.490435 0.428341 1
-0.222491 0.544066 1
-0.094574 0.715263 1
-0.006479 0.664475 1
-0.950615 0.086917 1
-0.958404 0.647684 1
-0.780684 0.280844 1
-0.878982 0.781304 1
-0.711025 0.106364 1
-0.780033 0.684063 1
-0.487856 0.584249 1
-0.166276 0.627451 1
-0.696354 0.741061 1
-0.241375 0.692710 1
-0.946390 0.199669 1
-0.705156 0.844768 1
-0.686762 0.452335 1
-0.613976 0.362818 1
-0.835549 0.875913 1
-0.618499 0.142055 1
-0.204378 0.256458 1
-0.444783 0.240791 1
-0.211034 0.010216 1
-0.883590 0.696296 1
-0.928659 0.189127 1
-0.094198 0.661911 1
0.716544 -0.927084 1
0.650448 -0.864660 1
0.944121 -0.668780 1
0.237690 -0.854254 1
0.632596 -0.644033 1
0.839808 -0.957890 1
0.602358 -0.033834 1
0.115206 -0.282533 1
0.622190 -0.227483 1
0.802883 -0.796270 1
0.664299 -0.503535 1
0.170733 -0.891821 1
0.327405 -0.980142 1
0.792963 -0.269775 1
0.950036 -0.752053 1
0.081622 -0.205209 1
0.872450 -0.563425 1
0.229059 -0.527280 1
0.019323 -0.054866 1
0.500502 -0.040424 1
0.079500 -0.310794 1
0.650324 -0.018162 1
0.666217 -0.283764 1
0.748483 -0.647164 1
0.614010 -0.182750 1
0.004840 -0.873968 1
0.264315 -0.089300 1
0.628055 -0.427448 1
0.843719 -0.628755 1
0.443718 -0.521258 1
0.403933 -0.183154 1
0.073917 -0.151039 1
0.337025 -0.291869 1
0.320700 -0.032098 1
0.856800 -0.006924 1
0.956440 -0.719166 1
0.321464 -0.343036 1
0.231580 -0.011851 1
0.855260 -0.722201 1
0.551023 -0.158396 1
0.801928 -0.551797 1
0.238006 -0.434537 1
0.860676 -0.621266 1
0.923483 -0.111598 1
0.704578 -0.153801 1
0.238194 -0.368890 1
0.235737 -0.262643 1
0.339563 -0.894932 1
0.606904 -0.829096 1
0.357988 -0.561526 1
0.013575 -0.985133 1
0.108556 -0.636710 1
0.429977 -0.155609 1
0.674399 -0.487921 1
0.704420 -0.935668 1
0.601315 -0.617304 1
0.240884 -0.200447 1
0.037389 -0.151443 1
0.043499 -0.348844 1
0.345026 -0.702406 1
0.811138 -0.494440 1
0.575754 -0.787550 1
0.633689 -0.302159 1
0.334554 -0.896562 1
0.383052 -0.359978 1
0.253312 -0.542958 1
0.069715 -0.719416 1
0.161043 -0.027754 1
0.661227 -0.151051 1
0.079458 -0.801926 1
0.474912 -0.675628 1
0.814437 -0.050820 1
0.809270 -0.565994 1
0.011400 -0.234659 1
0.387758 -0.645761 1
0.010367 -0.016895 1
0.349341 -0.916317 1
0.202611 -0.901056 1
0.002478 -0.354222 1
0.523511 -0.417481 1
0.851783 -0.117977 1
0.719943 -0.514125 1
0.114842 -0.639457 1
0.130943 -0.576555 1
0.077331 -0.519815 1
0.423438 -0.422074 1
0.577313 -0.334337 1
0.824176 -0.058628 1
0.079709 -0.118535 1
0.573842 -0.632250 1
0.934552 -0.772795 1
0.667044 -0.786383 1
0.520966 -0.670909 1
0.159229 -0.608156 1
0.636846 -0.471683 1
0.990029 -0.732687 1
0.038332 -0.405894 1
0.255281 -0.085007 1
0.789554 -0.633433 1
0.258371 -0.836832 1
0.903177 -0.992652 1
0.829655 -0.767088 1
0.961330 -0.824254 1
0.945993 -0.605819 1
0.184742 -0.264083 1
0.068250 -0.896571 1
0.671682 -0.747084 1
0.856126 -0.349449 1
0.530168 -0.625747 1
0.533829 -0.983001 1
0.405738 -0.917604 1
0.057908 -0.508604 1
0.465403 -0.465737 1
0.591971 -0.603899 1
0.294171 -0.969708 1
0.944321 -0.255074 1
0.306549 -0.472512 1
0.393993 -0.451043 1
0.523459 -0.956644 1
0.953737 -0.469414 1
0.435092 -0.835839 1
0.834307 -0.147367 1
0.456829 -0.059826 1
0.888188 -0.055599 1
0.348425 -0.851306 1
0.215318 -0.451460 1
0.377001 -0.863229 1
0.290902 -0.243845 1
0.925462 -0.242979 1
0.389101 -0.985573 1
0.921553 -0.469540 1
0.797851 -0.971311 1
0.559565 -0.028529 1
0.838500 -0.808276 1
0.336071 -0.296012 1
0.186920 -0.691449 1
0.057257 -0.981288 1
0.020616 -0.998491 1
0.527924 -0.675071 1
0.567574 -0.892714 1
0.781729 -0.328479 1
0.671421 -0.639736 1
0.492983 -0.122821 1
0.244970 -0.769000 1
0.650402 -0.322862 1
0.969631 -0.816141 1
0.433725 -0.215446 1
0.708861 -0.832454 1
0.681319 -0.264671 1
0.189543 -0.119974 1
0.477483 -0.534608 1
0.882769 -0.994113 1
0.050421 -0.343181 1
0.725479 -0.890848 1
0.197287 -0.525471 1
0.102197 -0.151400 1
0.758966 -0.130002 1
0.492721 -0.175319 1
0.199569 -0.046474 1
0.806071 -0.798882 1
0.500715 -0.350792 1
0.458417 -0.247997 1
0.931107 -0.004280 1
0.455224 -0.298237 1
0.921518 -0.777298 1
0.421346 -0.720170 1
0.780379 -0.804625 1
0.657186 -0.127202 1
0.813182 -0.376608 1
0.857974 -0.566742 1
0.910809 -0.556754 1
0.888560 -0.472585 1
0.105939 -0.030094 1
0.925281 -0.872440 1
0.607490 -0.174516 1
0.489028 -0.960341 1
0.325206 -0.837875 1
0.998916 -0.323439 1
0.981002 -0.619768 1
0.835699 -0.088451 1
0.597365 -0.417150 1
0.545381 -0.448743 1
0.868879 -0.804795 1
0.311158 -0.273673 1
0.137468 -0.351842 1
0.407256 -0.987423 1
0.333333 -0.643679 1
0.948556 -0.433693 1
0.045954 -0.898468 1
0.874050 -0.484403 1
0.297390 -0.122707 1
0.129878 -0.991989 1
0.581158 -0.176889 1
0.081784 -0.237338 1
0.827044 -0.979081 1
0.103126 -0.794124 1
0.832852 -0.779528 1
0.371970 -0.459727 1
0.066658 -0.455623 1
0.148287 -0.854870 1
0.854443 -0.465177 1
0.780923 -0.676510 1
0.126993 -0.242406 1
0.100727 -0.514180 1
0.359312 -0.804102 1
0.902413 -0.099256 1
0.077568 -0.449213 1
0.819948 -0.066023 1
0.954509 -0.474170 1
0.986056 -0.703844 1
0.198976 -0.084581 1
0.422695 -0.533272 1
0.445448 -0.436810 1
0.507288 -0.863564 1
0.093029 -0.342756 1
0.028752 -0.398508 1
0.262728 -0.043487 1
0.121174 -0.941717 1
0.873443 -0.242455 1
0.545930 -0.533806 1
0.800624 -0.617669 1
0.821103 -0.802923 1
0.327630 -0.671461 1
0.363359 -0.832890 1
0.874722 -0.641141 1
0.706694 -0.261696 1
0.788637 -0.547244 1
0.664693 -0.929453 1
0.113209 -0.869583 1
0.325875 -0.269262 1
0.528283 -0.284809 1
0.381586 -0.773149 1
0.919881 -0.044817 1
0.875741 -0.829138 1
0.288928 -0.595990 1
0.227727 -0.834302 1
0.380049 -0.166814 1
0.552395 -0.332724 1
0.175479 -0.763447 1
0.698447 -0.698651 1
0.837576 -0.038771 1
0.813020 -0.334038 1
0.931086 -0.283071 1
0.531152 -0.886090 1
0.783730 -0.083016 1
0.931962 -0.238598 1
0.558133 -0.057764 1
0.199300 -0.969419 1
0.881316 -0.161705 1
0.614494 -0.070686 1
-0.912814 -0.304928 -1
-0.283280 -0.230846 -1
-0.402842 -0.862873 -1
-0.640219 -0.760173 -1
-0.396254 -0.005016 -1
-0.192667 -0.829588 -1
-0.457370 -0.518235 -1
-0.293175 -0.628928 -1
-0.780963 -0.726648 -1
-0.983119 -0.496616 -1
-0.747580 -0.963285 -1
-0.028567 -0.428960 -1
-0.116992 -0.646629 -1
-0.606633 -0.815120 -1
-0.606952 -0.000664 -1
-0.019035 -0.970984 -1
-0.526057 -0.339671 -1
-0.253132 -0.208705 -1
-0.968429 -0.469129 -1
-0.698933 -0.249526 -1
-0.861976 -0.185851 -1
-0.785198 -0.365780 -1
-0.598684 -0.776820 -1
-0.372752 -0.651927 -1
-0.662223 -0.185903 -1
-0.904368 -0.876817 -1
-0.160037 -0.675703 -1
-0.922634 -0.775586 -1
-0.734990 -0.051599 -1
-0.945335 -0.568905 -1
-0.363131 -0.074809 -1
-0.737680 -0.605533 -1
-0.990415 -0.079269 -1
-0.430266 -0.725574 -1
-0.759444 -0.817760 -1
-0.462604 -0.416682 -1
-0.924292 -0.171610 -1
-0.873613 -0.298581 -1
-0.215230 -0.088920 -1
-0.269118 -0.356855 -1
-0.865855 -0.950587 -1
-0.793161 -0.009102 -1
-0.566489 -0.409716 -1
-0.996116 -0.738564 -1
-0.038392 -0.971758 -1
-0.936322 -0.702281 -1
-0.919059 -0.175331 -1
-0.679927 -0.627135 -1
-0.066696 -0.708303 -1
-0.258115 -0.688730 -1
-0.594728 -0.229799 -1
-0.969159 -0.107776 -1
-0.249374 -0.673087 -1
-0.693191 -0.432559 -1
-0.428514 -0.166600 -1
-0.465996 -0.890476 -1
-0.907163 -0.382404 -1
-0.441447 -0.446395 -1
-0.071940 -0.526555 -1
-0.375097 -0.625947 -1
-0.668874 -0.489544 -1
-0.420947 -0.305923 -1
-0.729359 -0.420060 -1
-0.489079 -0.226062 -1
-0.611482 -0.372299 -1
-0.489482 -0.309248 -1
-0.192323 -0.794970 -1
-0.570915 -0.160545 -1
-0.518788 -0.669408 -1
-0.071936 -0.184272 -1
-0.492119 -0.515232 -1
-0.155454 -0.099009 -1
-0.789610 -0.700373 -1
-0.543633 -0.377554 -1
-0.449567 -0.559053 -1
-0.913330 -0.102929 -1
-0.404913 -0.929740 -1
-0.293473 -0.407227 -1
-0.957382 -0.593312 -1
-0.861619 -0.083073 -1
-0.094291 -0.405368 -1
-0.268452 -0.384292 -1
-0.752251 -0.731647 -1
-0.816293 -0.889431 -1
-0.008972 -0.181811 -1
-0.241710 -0.545122 -1
-0.390343 -0.206009 -1
-0.563159 -0.942407 -1
-0.204384 -0.714529 -1
-0.829553 -0.388346 -1
-0.337143 -0.447121 -1
-0.490485 -0.628979 -1
-0.330055 -0.942235 -1
-0.286032 -0.752418 -1
-0.124840 -0.240437 -1
-0.824539 -0.401653 -1
-0.791261 -0.776946 -1
-0.402849 -0.256541 -1
-0.608537 -0.703639 -1
-0.722392 -0.566330 -1
-0.466258 -0.314185 -1
-0.648769 -0.883813 -1
-0.522518 -0.413093 -1
-0.562474 -0.708447 -1
-0.056179 -0.935333 -1
-0.443913 -0.806741 -1
-0.748530 -0.709663 -1
-0.811816 -0.057951 -1
-0.308927 -0.418084 -1
-0.404143 -0.777219 -1
-0.513827 -0.920538 -1
-0.249999 -0.235096 -1
-0.349488 -0.369436 -1
-0.559199 -0.441705 -1
-0.223928 -0.403369 -1
-0.224757 -0.426018 -1
-0.085742 -0.320198 -1
-0.347316 -0.592153 -1
-0.020822 -0.796823 -1
-0.782096 -0.653463 -1
-0.916975 -0.605559 -1
-0.450084 -0.919097 -1
-0.961332 -0.625261 -1
-0.396757 -0.663311 -1
-0.990666 -0.507195 -1
-0.942363 -0.877891 -1
-0.993739 -0.012633 -1
-0.771777 -0.970100 -1
-0.073341 -0.054011 -1
-0.619210 -0.493514 -1
-0.188667 -0.263746 -1
-0.597518 -0.805798 -1
-0.349385 -0.506808 -1
-0.695305 -0.322495 -1
-0.287845 -0.045765 -1
-0.020989 -0.213111 -1
-0.786650 -0.382242 -1
-0.837926 -0.870202 -1
-0.795743 -0.102129 -1
-0.707370 -0.538703 -1
-0.940231 -0.315943 -1
-0.873166 -0.285980 -1
-0.262716 -0.573804 -1
-0.822371 -0.344616 -1
-0.380477 -0.352801 -1
-0.945634 -0.134216 -1
-0.388246 -0.696557 -1
-0.045624 -0.371551 -1
-0.172150 -0.270340 -1
-0.283278 -0.800323 -1
-0.871676 -0.693752 -1
-0.496207 -0.927686 -1
-0.726822 -0.888652 -1
-0.938480 -0.071360 -1
-0.329326 -0.186551 -1
-0.032422 -0.999555 -1
-0.428214 -0.293722 -1
-0.517454 -0.983760 -1
-0.878727 -0.180732 -1
-0.979077 -0.003321 -1
-0.621166 -0.148435 -1
-0.532156 -0.092125 -1
-0.206458 -0.259091 -1
-0.001984 -0.730465 -1
-0.439676 -0.546202 -1
-0.065628 -0.727762 -1
-0.934562 -0.826891 -1
-0.193949 -0.956202 -1
-0.717567 -0.928491 -1
-0.504481 -0.270246 -1
-0.301408 -0.600772 -1
-0.793611 -0.516043 -1
-0.001718 -0.633513 -1
-0.614097 -0.144272 -1
-0.130153 -0.954324 -1
-0.247700 -0.032967 -1
-0.128895 -0.417271 -1
-0.414993 -0.740759 -1
-0.285874 -0.603999 -1
-0.892659 -0.604380 -1
-0.726963 -0.968651 -1
-0.416323 -0.804843 -1
-0.874646 -0.142497 -1
-0.663114 -0.685997 -1
-0.295862 -0.196685 -1
-0.313217 -0.529771 -1
-0.606300 -0.397283 -1
-0.783414 -0.324317 -1
-0.652630 -0.432439 -1
-0.620534 -0.557064 -1
-0.960419 -0.281311 -1
-0.558009 -0.982342 -1
-0.618550 -0.060203 -1
-0.912967 -0.816673 -1
-0.641499 -0.493073 -1
-0.634910 -0.265047 -1
-0.206862 -0.685186 -1
-0.946596 -0.973419 -1
-0.616810 -0.722621 -1
-0.860561 -0.089808 -1
-0.966046 -0.984966 -1
-0.808385 -0.616251 -1
-0.348730 -0.891082 -1
-0.229767 -0.558454 -1
-0.080538 -0.597990 -1
-0.987567 -0.338973 -1
-0.815692 -0.441278 -1
-0.747648 -0.412423 -1
-0.887181 -0.371902 -1
-0.990015 -0.518890 -1
-0.772556 -0.627083 -1
-0.847105 -0.742714 -1
-0.877809 -0.174105 -1
-0.304431 -0.999711 -1
-0.722257 -0.595876 -1
-0.744192 -0.640620 -1
-0.646123 -0.147001 -1
-0.953665 -0.171045 -1
-0.098326 -0.602972 -1
-0.733234 -0.411789 -1
-0.421435 -0.233969 -1
-0.022111 -0.916026 -1
-0.803519 -0.017511 -1
-0.864155 -0.306413 -1
-0.196086 -0.312113 -1
-0.817041 -0.449240 -1
-0.836932 -0.026018 -1
-0.290518 -0.761022 -1
-0.922909 -0.199156 -1
-0.118666 -0.605882 -1
-0.666864 -0.795579 -1
-0.207419 -0.806305 -1
-0.158338 -0.516179 -1
-0.345199 -0.529260 -1
-0.511620 -0.253044 -1
-0.967042 -0.428106 -1
-0.927283 -0.217261 -1
-0.047385 -0.697490 -1
-0.776902 -0.068595 -1
-0.659628 -0.116909 -1
-0.223401 -0.847726 -1
-0.432740 -0.550802 -1
-0.709694 -0.376410 -1
-0.348192 -0.708915 -1
-0.512273 -0.066200 -1
-0.640976 -0.129535 -1
-0.680243 -0.524176 -1
-0.547980 -0.020058 -1
-0.742981 -0.239160 -1
-0.407688 -0.879234 -1
0.133224 0.396551 -1
0.891850 0.258310 -1
0.627143 0.973536 -1
0.771479 0.809515 -1
0.397274 0.001312 -1
0.065456 0.158009 -1
0.079799 0.735780 -1
0.263187 0.654840 -1
0.397564 0.439689 -1
0.646476 0.218386 -1
0.964843 0.673486 -1
0.302983 0.274506 -1
0.945491 0.260770 -1
0.534376 0.029212 -1
0.291862 0.711805 -1
0.216971 0.752968 -1
0.340512 0.669827 -1
0.356190 0.435111 -1
0.494755 0.917419 -1
0.964525 0.612344 -1
0.896018 0.553053 -1
0.309324 0.130815 -1
0.367530 0.526800 -1
0.936563 0.959994 -1
0.824470 0.359986 -1
0.126757 0.598862 -1
0.266129 0.785992 -1
0.233315 0.738934 -1
0.715580 0.718644 -1
0.910435 0.703292 -1
0.515064 0.442834 -1
0.361552 0.462475 -1
0.088762 0.078353 -1
0.483864 0.672580 -1
0.258725 0.519462 -1
0.233211 0.452147 -1
0.038589 0.619694 -1
0.900900 0.765285 -1
0.019948 0.909295 -1
0.091784 0.884370 -1
0.383774 0.839833 -1
0.466941 0.994381 -1
0.626738 0.717979 -1
0.138554 0.248920 -1
0.701005 0.662137 -1
0.734621 0.362855 -1
0.406008 0.694552 -1
0.341307 0.309562 -1
0.046879 0.795855 -1
0.987093 0.805379 -1
0.707155 0.432216 -1
0.615200 0.076904 -1
0.912992 0.895986 -1
0.301579 0.306364 -1
0.795872 0.792871 -1
0.051756 0.636599 -1
0.838953 0.174172 -1
0.273570 0.582187 -1
0.520317 0.480315 -1
0.099377 0.659726 -1
0.350511 0.524668 -1
0.092894 0.067432 -1
0.190942 0.644328 -1
0.797002 0.377914 -1
0.461232 0.438116 -1
0.414194 0.110415 -1
0.345360 0.665447 -1
0.408136 0.476550 -1
0.268666 0.388042 -1
0.140455 0.355499 -1
0.919774 0.815786 -1
0.951685 0.710585 -1
0.235055 0.299691 -1
0.905588 0.308990 -1
0.143533 0.765986 -1
0.305338 0.685932 -1
0.423365 0.013455 -1
0.633883 0.375745 -1
0.144247 0.923570 -1
0.100994 0.610817 -1
0.888450 0.381202 -1
0.655568 0.984169 -1
0.241515 0.681592 -1
0.306024 0.752925 -1
0.570814 0.305243 -1
0.742040 0.038261 -1
0.292177 0.903309 -1
0.550885 0.384385 -1
0.922186 0.884301 -1
0.325301 0.801984 -1
0.192979 0.747710 -1
0.443342 0.912066 -1
0.569756 0.635226 -1
0.488396 0.085161 -1
0.283716 0.068199 -1
0.174523 0.272475 -1
0.822858 0.208343 -1
0.350573 0.482921 -1
0.401750 0.104492 -1
0.718538 0.440919 -1
0.435451 0.350970 -1
0.436258 0.001751 -1
0.202530 0.993119 -1
0.333285 0.369286 -1
0.287042 0.446063 -1
0.483684 0.558995 -1
0.570863 0.075744 -1
0.029994 0.243943 -1
0.593576 0.398506 -1
0.052224 0.465246 -1
0.151510 0.282892 -1
0.342378 0.674572 -1
0.833491 0.739102 -1
0.612957 0.726934 -1
0.680415 0.792918 -1
0.911623 0.728291 -1
0.383887 0.644291 -1
0.484673 0.976470 -1
0.093812 0.972596 -1
0.520194 0.097702 -1
0.831354 0.922754 -1
0.860048 0.937227 -1
0.738282 0.357052 -1
0.218659 0.209242 -1
0.257092 0.100064 -1
0.889100 0.001362 -1
0.507744 0.671161 -1
0.902633 0.706728 -1
0.835159 0.513825 -1
0.518388 0.912988 -1
0.981017 0.423720 -1
0.730309 0.227984 -1
0.227591 0.494802 -1
0.194346 0.874601 -1
0.186713 0.124034 -1
0.152524 0.482871 -1
0.031990 0.350123 -1
0.823331 0.403788 -1
0.572950 0.367578 -1
0.613266 0.641669 -1
0.622682 0.906911 -1
0.929542 0.173226 -1
0.981572 0.001695 -1
0.593714 0.746119 -1
0.734507 0.216852 -1
0.304395 0.347592 -1
0.233525 0.588030 -1
0.566742 0.081548 -1
0.819682 0.141633 -1
0.609780 0.370261 -1
0.589526 0.172138 -1
0.393766 0.893125 -1
0.376194 0.660549 -1
0.162612 0.542524 -1
0.877334 0.118800 -1
0.868587 0.004700 -1
0.224541 0.389379 -1
0.071419 0.007356 -1
0.710889 0.198484 -1
0.502226 0.441840 -1
0.924422 0.063275 -1
0.260736 0.225932 -1
0.218005 0.315990 -1
0.045838 0.598559 -1
0.320678 0.057819 -1
0.158339 0.363220 -1
0.696789 0.294563 -1
0.350936 0.539757 -1
0.723446 0.221889 -1
0.174511 0.139056 -1
0.098767 0.626924 -1
0.145447 0.289388 -1
0.240094 0.758396 -1
0.464871 0.601298 -1
0.078737 0.471919 -1
0.040457 0.548613 -1
0.330985 0.214484 -1
0.562204 0.155382 -1
0.463667 0.641135 -1
0.464158 0.717018 -1
0.923813 0.311902 -1
0.593675 0.931449 -1
0.973407 0.582830 -1
0.668653 0.533603 -1
0.696901 0.043315 -1
0.718410 0.577323 -1
0.127322 0.082454 -1
0.192147 0.984833 -1
0.490290 0.418796 -1
0.880977 0.071690 -1
0.754403 0.088203 -1
0.752467 0.655228 -1
0.839039 0.138262 -1
0.595695 0.286488 -1
0.508747 0.845026 -1
0.013078 0.691187 -1
0.680990 0.518374 -1
0.647317 0.132155 -1
0.436055 0.300251 -1
0.532942 0.123175 -1
0.208396 0.608359 -1
0.637019 0.011802 -1
0.283376 0.446580 -1
0.202407 0.645270 -1
0.901092 0.377764 -1
0.545853 0.954657 -1
0.737965 0.715619 -1
0.692094 0.293093 -1
0.834311 0.086106 -1
0.788907 0.579586 -1
0.683990 0.398929 -1
0.246092 0.456859 -1
0.142362 0.345461 -1
0.381548 0.847321 -1
0.443870 0.623473 -1
0.374091 0.371190 -1
0.655280 0.710751 -1
0.121894 0.047416 -1
0.226488 0.862719 -1
0.720043 0.937885 -1
0.950044 0.168421 -1
0.855263 0.458629 -1
0.458144 0.859120 -1
0.859945 0.184345 -1
0.802228 0.676482 -1
0.624569 0.662395 -1
0.107327 0.643973 -1
0.821920 0.526806 -1
0.608486 0.354748 -1
0.337961 0.640887 -1
0.315474 0.227915 -1
0.324815 0.581116 -1
0.899561 0.415316 -1
0.864909 0.258185 -1
0.804623 0.301962 -1
0.974795 0.934411 -1
0.522207 0.380292 -1
0.433120 0.681115 -1
0.561316 0.255352 -1
0.915189 0.044309 -1
0.628166 0.458903 -1
0.631612 0.594881 -1
0.707497 0.769787 -1
0.151972 0.344568 -1
0.712256 0.236142 -1
0.641999 0.360590 -1
0.962090 0.383004 -1
0.802987 0.246996 -1
0.298977 0.870978 -1
0.524160 0.909712 -1
