-0.869684 0.408786 1
-0.349859 0.428099 1
-0.175970 0.329737 1
-0.340295 0.472296 1
-0.218798 0.898199 1
-0.780453 0.735018 1
-0.781287 0.241986 1
-0.649558 0.543157 1
-0.759373 0.883745 1
-0.039904 0.312211 1
-0.195344 0.871584 1
-0.861333 0.966783 1
-0.726444 0.669382 1
-0.148722 0.639715 1
-0.111452 0.232982 1
-0.301775 0.901576 1
-0.616355 0.073354 1
-0.177871 0.333525 1
-0.975955 0.328915 1
-0.328712 0.672126 1
-0.167827 0.264420 1
-0.990140 0.149581 1
-0.742886 0.090966 1
-0.722688 0.700712 1
-0.926720 0.264408 1
-0.262826 0.326580 1
-0.366524 0.847110 1
-0.459261 0.835259 1
-0.761513 0.559619 1
-0.510648 0.163661 1
-0.858298 0.513957 1
-0.115724 0.702459 1
-0.688960 0.319635 1
-0.841442 0.468272 1
-0.749568 0.992491 1
-0.735976 0.262474 1
-0.057651 0.330422 1
-0.200227 0.847831 1
-0.823501 0.949049 1
-0.950487 0.131748 1
-0.967670 0.715130 1
-0.234467 0.740035 1
-0.701584 0.227636 1
-0.048942 0.680568 1
-0.220963 0.404828 1
-0.719989 0.569772 1
-0.028623 0.657650 1
-0.033392 0.390382 1
-0.151734 0.308117 1
-0.025727 0.942035 1
-0.439974 0.695346 1
-0.187918 0.034320 1
-0.891266 0.339414 1
-0.836709 0.073323 1
-0.784183 0.172824 1
-0.445760 0.610013 1
-0.890455 0.355582 1
-0.712050 0.973038 1
-0.185074 0.565250 1
-0.612308 0.771153 1
-0.434023 0.069733 1
-0.318593 0.904039 1
-0.140760 0.801052 1
-0.794957 0.738380 1
-0.264443 0.943818 1
-0.421844 0.083467 1
-0.093076 0.961244 1
-0.262053 0.431533 1
-0.134225 0.398312 1
-0.634986 0.329548 1
-0.202316 0.349993 1
-0.053951 0.570768 1
-0.695686 0.162251 1
-0.939440 0.237998 1
-0.439247 0.497147 1
-0.618834 0.882301 1
-0.182625 0.144614 1
-0.929685 0.757459 1
-0.446790 0.647921 1
-0.116291 0.836544 1
-0.212946 0.560443 1
-0.456531 0.811031 1
-0.833251 0.175202 1
-0.258598 0.338365 1
-0.668142 0.545590 1
-0.189748 0.557622 1
-0.568575 0.883866 1
-0.968765 0.566670 1
-0.440742 0.466331 1
-0.968360 0.662307 1
-0.889676 0.914055 1
-0.011435 0.237955 1
-0.200086 0.161738 1
-0.670407 0.604032 1
-0.162285 0.260237 1
-0.293384 0.461432 1
-0.078925 0.860325 1
-0.584013 0.997582 1
-0.660462 0.034725 1
-0.634784 0.264202 1
-0.237456 0.122628 1
-0.509205 0.894884 1
-0.962675 0.847035 1
-0.731617 0.364908 1
-0.918308 0.134956 1
-0.558177 0.473270 1
-0.203851 0.421927 1
-0.851264 0.298609 1
-0.141941 0.546071 1
-0.690892 0.123319 1
-0.920720 0.906389 1
-0.070967 0.444840 1
-0.238978 0.068127 1
-0.508552 0.170585 1
-0.485981 0.453808 1
-0.334026 0.136814 1
-0.934122 0.103908 1
-0.320973 0.512526 1
-0.190568 0.691878 1
-0.066146 0.633633 1
-0.452311 0.694362 1
-0.222988 0.843830 1
-0.112759 0.718108 1
-0.005432 0.107267 1
-0.286305 0.482066 1
-0.485255 0.493887 1
-0.768711 0.302427 1
-0.105345 0.104388 1
-0.312027 0.142697 1
-0.659223 0.528333 1
-0.123671 0.010050 1
-0.493194 0.095492 1
-0.791027 0.117869 1
-0.962770 0.272056 1
-0.521625 0.935232 1
-0.119697 0.760334 1
-0.837400 0.857090 1
-0.918774 0.342738 1
-0.224009 0.948505 1
-0.511183 0.299537 1
-0.994046 0.618127 1
-0.172055 0.782363 1
-0.406112 0.315662 1
-0.280506 0.814441 1
-0.100117 0.651526 1
-0.907573 0.147054 1
-0.697165 0.773924 1
-0.952989 0.451194 1
-0.229602 0.627812 1
-0.629209 0.479442 1
-0.802839 0.194698 1
-0.174122 0.973101 1
-0.419923 0.909636 1
-0.046052 0.838325 1
-0.278754 0.382895 1
-0.552270 0.959985 1
-0.383520 0.224949 1
-0.319996 0.934521 1
-0.040676 0.255817 1
-0.861401 0.032393 1
-0.424654 0.329976 1
-0.111322 0.687795 1
-0.960245 0.289352 1
-0.992968 0.889305 1
-0.181308 0.606367 1
-0.330655 0.856149 1
-0.568952 0.357905 1
-0.335722 0.815242 1
-0.247552 0.921974 1
-0.119757 0.048097 1
-0.070774 0.840843 1
-0.000931 0.564780 1
-0.890168 0.484758 1
-0.324756 0.518397 1
-0.728033 0.720105 1
-0.728388 0.819209 1
-0.639341 0.152725 1
-0.665453 0.208738 1
-0.749806 0.584729 1
-0.758925 0.452667 1
-0.172339 0.464990 1
-0.802426 0.688770 1
-0.358600 0.603334 1
-0.942572 0.127587 1
-0.283074 0.117363 1
-0.165409 0.830495 1
-0.860093 0.720528 1
-0.832334 0.841996 1
-0.921681 0.420864 1
-0.919208 0.785702 1
-0.809484 0.001796 1
-0.572983 0.411598 1
-0.764313 0.929424 1
-0.832061 0.818452 1
-0.231609 0.085283 1
-0.195943 0.397285 1
-0.735905 0.639049 1
-0.658748 0.378491 1
-0.173798 0.113800 1
-0.046145 0.717163 1
-0.830568 0.250543 1
-0.715802 0.926298 1
-0.227144 0.172815 1
-0.514037 0.885319 1
-0.105873 0.450771 1
-0.655924 0.255622 1
-0.354374 0.564843 1
-0.554254 0.373831 1
-0.414707 0.876893 1
-0.703661 0.240572 1
-0.549648 0.790055 1
-0.686948 0.591147 1
-0.769502 0.102105 1
-0.648982 0.902466 1
-0.983488 0.914604 1
-0.613989 0.248431 1
-0.111846 0.517081 1
-0.902315 0.910277 1
-0.376739 0.698911 1
-0.718614 0.516510 1
-0.239256 0.975091 1
-0.732161 0.414909 1
-0.329184 0.835655 1
-0.041222 0.251876 1
-0.901335 0.361748 1
-0.480299 0.047592 1
-0.669180 0.616060 1
-0.608197 0.661404 1
-0.755170 0.905901 1
-0.218611 0.951011 1
-0.037559 0.938572 1
-0.813471 0.540082 1
-0.996649 0.684279 1
-0.665444 0.653736 1
-0.980743 0.170717 1
-0.485978 0.285941 1
-0.947556 0.499066 1
-0.521981 0.175410 1
-0.268633 0.149382 1
-0.469235 0.664448 1
-0.808478 0.385263 1
-0.119638 0.365015 1
-0.726022 0.062872 1
-0.312601 0.392328 1
-0.252025 0.396969 1
-0.516309 0.781834 1
-0.515063 0.290901 1
-0.510780 0.536186 1
-0.494464 0.826403 1
-0.769301 0.521575 1
0.698851 -0.934825 1
0.254380 -0.986945 1
0.513130 -0.747588 1
0.937861 -0.838481 1
0.512381 -0.851425 1
0.808361 -0.365732 1
0.198626 -0.398783 1
0.967440 -0.635702 1
0.334513 -0.608885 1
0.356305 -0.526791 1
0.124186 -0.193514 1
0.810071 -0.305294 1
0.722161 -0.511944 1
0.510307 -0.552822 1
0.683310 -0.599552 1
0.503137 -0.002345 1
0.118292 -0.019809 1
0.315026 -0.254531 1
0.224607 -0.018995 1
0.840777 -0.310369 1
0.756593 -0.341355 1
0.958593 -0.640927 1
0.068370 -0.868726 1
0.318522 -0.721425 1
0.144393 -0.515840 1
0.511399 -0.896102 1
0.482844 -0.499272 1
0.947049 -0.443040 1
0.384696 -0.154617 1
0.552201 -0.792974 1
0.264067 -0.977755 1
0.934865 -0.795937 1
0.707026 -0.613110 1
0.269849 -0.523919 1
0.813651 -0.866698 1
0.146013 -0.574820 1
0.580285 -0.103300 1
0.333953 -0.493966 1
0.130872 -0.098362 1
0.132144 -0.522363 1
0.025885 -0.618033 1
0.673764 -0.466335 1
0.961387 -0.023498 1
0.000813 -0.594837 1
0.057433 -0.392397 1
0.983375 -0.891720 1
0.671118 -0.698299 1
0.078574 -0.904475 1
0.266526 -0.212125 1
0.850962 -0.995452 1
0.102356 -0.304688 1
0.068292 -0.986704 1
0.833161 -0.146207 1
0.221869 -0.783930 1
0.461373 -0.004708 1
0.803649 -0.408909 1
0.641661 -0.396177 1
0.277465 -0.500154 1
0.110873 -0.481579 1
0.212386 -0.440031 1
0.735927 -0.026788 1
0.910815 -0.297436 1
0.830814 -0.074596 1
0.279002 -0.626208 1
0.872226 -0.023258 1
0.551706 -0.083872 1
0.677756 -0.034780 1
0.911204 -0.746546 1
0.207283 -0.245263 1
0.790458 -0.667117 1
0.311548 -0.784773 1
0.721848 -0.838776 1
0.252718 -0.348369 1
0.155881 -0.526187 1
0.941824 -0.597214 1
0.195475 -0.370419 1
0.889784 -0.678055 1
0.079353 -0.727442 1
0.127200 -0.731207 1
0.673931 -0.266321 1
0.624367 -0.021440 1
0.494436 -0.955660 1
0.119914 -0.760171 1
0.323139 -0.231638 1
0.730727 -0.545226 1
0.025488 -0.504395 1
0.870562 -0.613713 1
0.558144 -0.027137 1
0.928388 -0.966876 1
0.132213 -0.589340 1
0.004218 -0.077179 1
0.901515 -0.094640 1
0.982821 -0.911600 1
0.474475 -0.187906 1
0.526925 -0.166130 1
0.673985 -0.723987 1
0.150803 -0.628665 1
0.646187 -0.162461 1
0.741253 -0.111808 1
0.006419 -0.881265 1
0.195319 -0.298879 1
0.681291 -0.530398 1
0.279425 -0.342065 1
0.854592 -0.015180 1
0.260731 -0.608711 1
0.505032 -0.117907 1
0.128363 -0.386982 1
0.224700 -0.216602 1
0.078643 -0.542653 1
0.883112 -0.076618 1
0.123513 -0.707366 1
0.809562 -0.761800 1
0.953945 -0.025648 1
0.200124 -0.595958 1
0.227763 -0.372726 1
0.835250 -0.101339 1
0.595074 -0.332739 1
0.701311 -0.944740 1
0.563529 -0.908919 1
0.254768 -0.642011 1
0.431663 -0.177458 1
0.618659 -0.807263 1
0.250244 -0.568580 1
0.902127 -0.890171 1
0.463074 -0.916819 1
0.791437 -0.294595 1
0.409016 -0.867320 1
0.412550 -0.730220 1
0.044429 -0.558155 1
0.583163 -0.311433 1
0.397058 -0.914063 1
0.225016 -0.265942 1
0.828186 -0.942096 1
0.630322 -0.453817 1
0.561795 -0.559334 1
0.598129 -0.806396 1
0.461064 -0.898755 1
0.238005 -0.458220 1
0.321673 -0.204668 1
0.780504 -0.869110 1
0.460929 -0.413194 1
0.041511 -0.146444 1
0.659876 -0.399918 1
0.603694 -0.705557 1
0.054015 -0.821212 1
0.530496 -0.813376 1
0.887640 -0.368494 1
0.005240 -0.226325 1
0.238978 -0.560395 1
0.058591 -0.969461 1
0.851382 -0.095072 1
0.274546 -0.392045 1
0.678751 -0.587159 1
0.822575 -0.198149 1
0.757033 -0.062779 1
0.508342 -0.141133 1
0.053106 -0.402856 1
0.977666 -0.888314 1
0.898603 -0.557855 1
0.328212 -0.737490 1
0.168668 -0.135420 1
0.210772 -0.426978 1
0.362265 -0.947173 1
0.758587 -0.387554 1
0.418040 -0.833497 1
0.136628 -0.355605 1
0.755227 -0.321962 1
0.924623 -0.639590 1
0.686035 -0.749464 1
0.566840 -0.715895 1
0.021560 -0.847284 1
0.407560 -0.077535 1
0.897352 -0.032070 1
0.519054 -0.015516 1
0.112827 -0.200019 1
0.660545 -0.547307 1
0.262525 -0.777301 1
0.176564 -0.978519 1
0.222076 -0.112031 1
0.793534 -0.083310 1
0.978179 -0.488539 1
0.650793 -0.210414 1
0.254734 -0.053688 1
0.068915 -0.867327 1
0.091049 -0.212511 1
0.400545 -0.574439 1
0.444067 -0.989025 1
0.019807 -0.188290 1
0.177676 -0.535192 1
0.686711 -0.601529 1
0.186489 -0.544948 1
0.410442 -0.959526 1
0.509641 -0.396662 1
0.527418 -0.454363 1
0.215197 -0.676400 1
0.000736 -0.099836 1
0.612615 -0.230724 1
0.682276 -0.846687 1
0.349481 -0.405548 1
0.143995 -0.470947 1
0.185026 -0.292062 1
0.343592 -0.561826 1
0.948211 -0.053255 1
0.981043 -0.498578 1
0.866808 -0.637133 1
0.307907 -0.769079 1
0.797373 -0.906988 1
0.745237 -0.217150 1
0.349532 -0.591674 1
0.325449 -0.895175 1
0.728378 -0.732700 1
0.601799 -0.678845 1
0.973233 -0.653893 1
0.945920 -0.590741 1
0.982923 -0.465271 1
0.840824 -0.246086 1
0.766453 -0.152701 1
0.843238 -0.187473 1
0.865180 -0.295449 1
0.050327 -0.908018 1
0.254945 -0.361873 1
0.076765 -0.406140 1
0.584171 -0.892143 1
0.618363 -0.944636 1
0.126392 -0.037982 1
0.274681 -0.665171 1
0.646743 -0.738089 1
0.354196 -0.730114 1
0.111846 -0.489075 1
0.325341 -0.454798 1
0.225713 -0.856378 1
0.138063 -0.962935 1
0.293089 -0.328540 1
0.575436 -0.433456 1
0.575743 -0.282531 1
0.319318 -0.464548 1
0.672682 -0.814073 1
0.543785 -0.898295 1
0.848674 -0.953241 1
0.821284 -0.666900 1
0.648612 -0.490748 1
0.308400 -0.519861 1
0.468266 -0.688536 1
0.665782 -0.721943 1
0.050471 -0.919194 1
0.431946 -0.409466 1
0.712803 -0.438075 1
0.508615 -0.286158 1
0.826572 -0.808060 1
0.455791 -0.797087 1
-0.729581 -0.604339 -1
-0.520770 -0.204921 -1
-0.966962 -0.050033 -1
-0.113266 -0.470896 -1
-0.240514 -0.284327 -1
-0.059738 -0.566223 -1
-0.878221 -0.947988 -1
-0.730447 -0.985769 -1
-0.471785 -0.209798 -1
-0.931963 -0.293905 -1
-0.159197 -0.877718 -1
-0.901817 -0.395267 -1
-0.195314 -0.542177 -1
-0.002171 -0.182083 -1
-0.115119 -0.635118 -1
-0.458412 -0.684832 -1
-0.866429 -0.716604 -1
-0.644327 -0.190137 -1
-0.202636 -0.769557 -1
-0.168421 -0.820932 -1
-0.280939 -0.163815 -1
-0.209502 -0.015468 -1
-0.556333 -0.208732 -1
-0.968949 -0.078571 -1
-0.628356 -0.793320 -1
-0.172050 -0.085620 -1
-0.933559 -0.829295 -1
-0.960967 -0.392723 -1
-0.490338 -0.963761 -1
-0.502367 -0.888916 -1
-0.267801 -0.027957 -1
-0.446283 -0.642122 -1
-0.999091 -0.088877 -1
-0.339376 -0.304558 -1
-0.101287 -0.764821 -1
-0.376246 -0.721672 -1
-0.852205 -0.562310 -1
-0.871705 -0.304946 -1
-0.059638 -0.828691 -1
-0.346875 -0.124453 -1
-0.964105 -0.377880 -1
-0.835454 -0.826153 -1
-0.094871 -0.601579 -1
-0.014637 -0.298470 -1
-0.553702 -0.071556 -1
-0.443455 -0.948778 -1
-0.741329 -0.514926 -1
-0.634367 -0.638261 -1
-0.136583 -0.318381 -1
-0.409452 -0.974847 -1
-0.552523 -0.424289 -1
-0.652784 -0.107709 -1
-0.831471 -0.960445 -1
-0.338844 -0.346242 -1
-0.413724 -0.778135 -1
-0.070030 -0.612593 -1
-0.217070 -0.898400 -1
-0.529214 -0.150915 -1
-0.717508 -0.727027 -1
-0.689529 -0.744176 -1
-0.674422 -0.592099 -1
-0.341067 -0.402885 -1
-0.298712 -0.564632 -1
-0.425183 -0.929383 -1
-0.114200 -0.608549 -1
-0.835839 -0.843627 -1
-0.477694 -0.422999 -1
-0.948439 -0.010486 -1
-0.580902 -0.801062 -1
-0.558328 -0.145608 -1
-0.269058 -0.689623 -1
-0.165590 -0.833123 -1
-0.058621 -0.019714 -1
-0.294101 -0.438644 -1
-0.686086 -0.471844 -1
-0.846763 -0.351972 -1
-0.473453 -0.174373 -1
-0.874848 -0.738991 -1
-0.274652 -0.609887 -1
-0.029551 -0.205219 -1
-0.863739 -0.569193 -1
-0.650787 -0.908352 -1
-0.060497 -0.246378 -1
-0.617219 -0.983159 -1
-0.450003 -0.023519 -1
-0.427393 -0.644547 -1
-0.142152 -0.577823 -1
-0.407226 -0.890148 -1
-0.357623 -0.355134 -1
-0.062775 -0.474469 -1
-0.120150 -0.142163 -1
-0.593421 -0.140764 -1
-0.730403 -0.750666 -1
-0.757305 -0.137979 -1
-0.010492 -0.176041 -1
-0.930286 -0.143908 -1
-0.606200 -0.977025 -1
-0.094329 -0.180921 -1
-0.608536 -0.336327 -1
-0.229321 -0.542383 -1
-0.489792 -0.538248 -1
-0.395837 -0.773665 -1
-0.304117 -0.050101 -1
-0.237237 -0.938929 -1
-0.573559 -0.117300 -1
-0.089078 -0.749584 -1
-0.458402 -0.676048 -1
-0.116614 -0.982680 -1
-0.518065 -0.234556 -1
-0.429755 -0.136640 -1
-0.788156 -0.996029 -1
-0.682761 -0.030985 -1
-0.320874 -0.477539 -1
-0.395723 -0.332558 -1
-0.232784 -0.687895 -1
-0.599017 -0.548640 -1
-0.643061 -0.817421 -1
-0.428123 -0.621658 -1
-0.164235 -0.494888 -1
-0.435875 -0.099551 -1
-0.144303 -0.879007 -1
-0.268529 -0.810016 -1
-0.007610 -0.995625 -1
-0.499253 -0.714717 -1
-0.888852 -0.616942 -1
-0.257906 -0.265690 -1
-0.449940 -0.729150 -1
-0.401894 -0.606928 -1
-0.842556 -0.339590 -1
-0.861230 -0.010598 -1
-0.154526 -0.978417 -1
-0.568700 -0.308859 -1
-0.162880 -0.971072 -1
-0.187347 -0.496402 -1
-0.800246 -0.488620 -1
-0.915005 -0.681946 -1
-0.515033 -0.763276 -1
-0.791574 -0.099313 -1
-0.353661 -0.573193 -1
-0.005631 -0.763071 -1
-0.233533 -0.491514 -1
-0.892975 -0.427086 -1
-0.792169 -0.362175 -1
-0.017728 -0.680555 -1
-0.807411 -0.668734 -1
-0.323971 -0.125952 -1
-0.701237 -0.754110 -1
-0.666437 -0.581404 -1
-0.368299 -0.767588 -1
-0.940800 -0.177586 -1
-0.668327 -0.142943 -1
-0.917798 -0.715987 -1
-0.352985 -0.135686 -1
-0.012652 -0.293021 -1
-0.871463 -0.178518 -1
-0.169898 -0.639787 -1
-0.698061 -0.681999 -1
-0.620582 -0.973674 -1
-0.055912 -0.286640 -1
-0.354790 -0.375419 -1
-0.687063 -0.413083 -1
-0.309246 -0.652425 -1
-0.930838 -0.734531 -1
-0.155385 -0.432968 -1
-0.369518 -0.161237 -1
-0.511742 -0.630784 -1
-0.130923 -0.782952 -1
-0.680737 -0.956321 -1
-0.215208 -0.757804 -1
-0.133754 -0.287218 -1
-0.557754 -0.078128 -1
-0.110431 -0.850555 -1
-0.406229 -0.097113 -1
-0.028851 -0.691185 -1
-0.207924 -0.933193 -1
-0.189385 -0.097721 -1
-0.212128 -0.637453 -1
-0.708136 -0.287287 -1
-0.199896 -0.444880 -1
-0.971143 -0.737918 -1
-0.276725 -0.523677 -1
-0.817272 -0.528742 -1
-0.939337 -0.350751 -1
-0.003214 -0.084003 -1
-0.057021 -0.558802 -1
-0.338642 -0.242079 -1
-0.798642 -0.269099 -1
-0.130000 -0.035890 -1
-0.505310 -0.422897 -1
-0.243231 -0.276843 -1
-0.069567 -0.030676 -1
-0.212962 -0.226643 -1
-0.754510 -0.828194 -1
-0.989452 -0.914074 -1
-0.987329 -0.301857 -1
-0.312166 -0.324277 -1
-0.008193 -0.090753 -1
-0.514244 -0.889968 -1
-0.037952 -0.879689 -1
-0.763471 -0.928932 -1
-0.059168 -0.783073 -1
-0.348692 -0.860391 -1
-0.093272 -0.253499 -1
-0.021984 -0.018406 -1
-0.246868 -0.798249 -1
-0.357733 -0.594440 -1
-0.723543 -0.125093 -1
-0.733057 -0.758737 -1
-0.191969 -0.504045 -1
-0.862023 -0.765714 -1
-0.638366 -0.700053 -1
-0.480687 -0.223829 -1
-0.871636 -0.153454 -1
-0.059489 -0.485449 -1
-0.181517 -0.178694 -1
-0.434764 -0.057385 -1
-0.656268 -0.300946 -1
-0.390081 -0.845112 -1
-0.741147 -0.541525 -1
-0.380623 -0.118498 -1
-0.167672 -0.692261 -1
-0.851718 -0.506717 -1
-0.632567 -0.331691 -1
-0.698099 -0.602116 -1
-0.072414 -0.248599 -1
-0.156669 -0.182098 -1
-0.636179 -0.068448 -1
-0.539269 -0.433885 -1
-0.766527 -0.342245 -1
-0.634622 -0.422308 -1
-0.645283 -0.915830 -1
-0.003017 -0.534718 -1
-0.716394 -0.915122 -1
-0.631304 -0.155125 -1
-0.539864 -0.515203 -1
-0.781660 -0.522454 -1
-0.666505 -0.485118 -1
-0.095668 -0.393006 -1
-0.275322 -0.359432 -1
-0.173159 -0.320732 -1
-0.048508 -0.623212 -1
-0.418811 -0.828173 -1
-0.752423 -0.341629 -1
-0.039474 -0.534514 -1
-0.400231 -0.932880 -1
-0.479611 -0.213960 -1
-0.968214 -0.535333 -1
-0.119361 -0.936859 -1
-0.315506 -0.018865 -1
-0.149520 -0.467866 -1
0.690119 0.131279 -1
0.849384 0.950398 -1
0.295226 0.404075 -1
0.486475 0.338929 -1
0.270037 0.880352 -1
0.228835 0.961255 -1
0.723065 0.221572 -1
0.254537 0.174532 -1
0.984230 0.329874 -1
0.281834 0.079771 -1
0.282865 0.123257 -1
0.172508 0.373780 -1
0.240115 0.922710 -1
0.787301 0.860610 -1
0.806245 0.931676 -1
0.829015 0.895367 -1
0.710897 0.285295 -1
0.306685 0.342171 -1
0.857954 0.238998 -1
0.099739 0.496990 -1
0.987086 0.491390 -1
0.234496 0.335910 -1
0.825557 0.598609 -1
0.018406 0.150418 -1
0.756132 0.486931 -1
0.907163 0.282304 -1
0.229742 0.147226 -1
0.773149 0.898186 -1
0.708877 0.969281 -1
0.102358 0.932910 -1
0.861223 0.996313 -1
0.699127 0.903658 -1
0.937251 0.899022 -1
0.784452 0.183029 -1
0.916693 0.663796 -1
0.393886 0.995271 -1
0.744514 0.967564 -1
0.278312 0.195528 -1
0.985617 0.572142 -1
0.927115 0.297190 -1
0.387893 0.044228 -1
0.766271 0.067285 -1
0.245039 0.933393 -1
0.609542 0.678478 -1
0.008013 0.825278 -1
0.372500 0.339046 -1
0.598409 0.244113 -1
0.200445 0.468700 -1
0.729474 0.509101 -1
0.564054 0.359298 -1
0.337840 0.378661 -1
0.316708 0.037538 -1
0.256396 0.738387 -1
0.023537 0.638755 -1
0.739536 0.486845 -1
0.096843 0.066947 -1
0.648656 0.532979 -1
0.518571 0.019348 -1
0.875354 0.228918 -1
0.611567 0.229008 -1
0.797019 0.637122 -1
0.814478 0.076893 -1
0.096020 0.213586 -1
0.907697 0.100473 -1
0.587790 0.501919 -1
0.714506 0.653837 -1
0.165724 0.244179 -1
0.824097 0.545089 -1
0.477050 0.589544 -1
0.247776 0.875534 -1
0.721378 0.531081 -1
0.888629 0.757660 -1
0.381907 0.594601 -1
0.344670 0.987171 -1
0.096107 0.144323 -1
0.833812 0.655480 -1
0.424826 0.126875 -1
0.065670 0.895628 -1
0.150553 0.632645 -1
0.218548 0.987360 -1
0.761943 0.643027 -1
0.117798 0.524867 -1
0.578727 0.015545 -1
0.027323 0.483818 -1
0.046466 0.362640 -1
0.182006 0.966822 -1
0.075122 0.843529 -1
0.561190 0.199594 -1
0.472201 0.021352 -1
0.478743 0.347765 -1
0.708813 0.768029 -1
0.603144 0.596302 -1
0.353245 0.911995 -1
0.478021 0.137709 -1
0.309438 0.727481 -1
0.535786 0.289108 -1
0.705821 0.017530 -1
0.914976 0.161303 -1
0.860978 0.638700 -1
0.389853 0.295137 -1
0.697506 0.340103 -1
0.330761 0.243798 -1
0.117333 0.825907 -1
0.532936 0.155075 -1
0.808718 0.842022 -1
0.565997 0.853109 -1
0.642689 0.325552 -1
0.414842 0.806901 -1
0.495126 0.101120 -1
0.489637 0.018248 -1
0.460896 0.272853 -1
0.911848 0.987746 -1
0.394301 0.212734 -1
0.717264 0.934766 -1
0.309729 0.332974 -1
0.740970 0.021810 -1
0.372479 0.086682 -1
0.950105 0.894258 -1
0.878701 0.843658 -1
0.064777 0.918634 -1
0.046635 0.525878 -1
0.174722 0.335016 -1
0.607642 0.160619 -1
0.420849 0.327458 -1
0.190528 0.464642 -1
0.620058 0.400117 -1
0.267966 0.893893 -1
0.756637 0.098797 -1
0.868669 0.017416 -1
0.132606 0.796575 -1
0.236515 0.227154 -1
0.283524 0.590997 -1
0.317598 0.717010 -1
0.776575 0.618295 -1
0.849332 0.704318 -1
0.053303 0.763033 -1
0.445908 0.402193 -1
0.967576 0.510760 -1
0.963058 0.107984 -1
0.562739 0.511960 -1
0.178192 0.992359 -1
0.976261 0.149869 -1
0.687238 0.882852 -1
0.774464 0.435252 -1
0.936038 0.938208 -1
0.852009 0.471134 -1
0.613329 0.620011 -1
0.553167 0.935295 -1
0.221130 0.189723 -1
0.223949 0.617097 -1
0.315799 0.602652 -1
0.671558 0.499291 -1
0.461104 0.096841 -1
0.681053 0.798755 -1
0.251243 0.342050 -1
0.141740 0.311925 -1
0.582189 0.952770 -1
0.979521 0.232276 -1
0.442349 0.562072 -1
0.550576 0.594811 -1
0.118890 0.431567 -1
0.375619 0.934332 -1
0.481150 0.507186 -1
0.167266 0.305302 -1
0.769345 0.725375 -1
0.356332 0.475902 -1
0.244119 0.117105 -1
0.335186 0.322108 -1
0.472216 0.828855 -1
0.575868 0.451607 -1
0.719464 0.837733 -1
0.596856 0.256927 -1
0.508845 0.817790 -1
0.193003 0.597564 -1
0.520423 0.751351 -1
0.676105 0.768920 -1
0.818439 0.870880 -1
0.308447 0.949803 -1
0.010837 0.939113 -1
0.725346 0.733794 -1
0.082748 0.125089 -1
0.110599 0.199135 -1
0.843592 0.965605 -1
0.579727 0.040683 -1
0.764660 0.389023 -1
0.876747 0.480496 -1
0.924180 0.622460 -1
0.057478 0.650254 -1
0.025146 0.320197 -1
0.653363 0.534757 -1
0.539727 0.077557 -1
0.133613 0.640347 -1
0.216238 0.472555 -1
0.654861 0.075023 -1
0.868482 0.946490 -1
0.405356 0.516792 -1
0.280114 0.489342 -1
0.031808 0.187343 -1
0.268641 0.321215 -1
0.940582 0.555786 -1
0.176736 0.276075 -1
0.091888 0.675629 -1
0.100792 0.758597 -1
0.247781 0.035010 -1
0.060037 0.498439 -1
0.915337 0.382072 -1
0.913802 0.955938 -1
0.108721 0.190921 -1
0.583387 0.589505 -1
0.218535 0.956168 -1
0.955985 0.281580 -1
0.492265 0.079688 -1
0.916000 0.276512 -1
0.926467 0.370053 -1
0.710182 0.263326 -1
0.001860 0.131861 -1
0.925747 0.540278 -1
0.140349 0.359850 -1
0.670759 0.140863 -1
0.174624 0.321336 -1
0.136612 0.785004 -1
0.327966 0.549787 -1
0.648475 0.534519 -1
0.527768 0.655642 -1
0.318000 0.033534 -1
0.198835 0.768238 -1
0.301756 0.724075 -1
0.575171 0.838255 -1
0.895823 0.537342 -1
0.549187 0.263335 -1
0.437621 0.497253 -1
0.272449 0.471663 -1
0.128563 0.775931 -1
0.693807 0.868361 -1
0.533043 0.849669 -1
0.258118 0.189070 -1
0.326056 0.336428 -1
0.696238 0.072005 -1
0.495972 0.230826 -1
0.530987 0.495989 -1
0.013104 0.459062 -1
0.244383 0.834075 -1
0.983904 0.130673 -1
0.624586 0.135951 -1
0.035406 0.273290 -1
0.927190 0.641343 -1
0.089286 0.734079 -1
0.470002 0.086803 -1
0.744532 0.210270 -1
0.955392 0.073050 -1
