-0.136890 0.811817 1
-0.762617 0.636286 1
-0.082405 0.764720 1
-0.239024 0.882302 1
-0.915412 0.239844 1
-0.684797 0.941569 1
-0.324479 0.393940 1
-0.011214 0.439583 1
-0.043566 0.876606 1
-0.914282 0.930407 1
-0.416096 0.462402 1
-0.837600 0.137190 1
-0.849897 0.148579 1
-0.896943 0.500991 1
-0.063759 0.781199 1
-0.347832 0.316953 -1
-0.995165 0.628744 -1
-0.427678 0.919504 -1
-0.154663 0.661635 -1
-0.616110 0.224070 1
-0.377142 0.815611 1
-0.824380 0.998456 1
-0.460604 0.135355 1
-0.116277 0.844524 1
-0.435746 0.668494 1
-0.860355 0.907587 1
-0.523974 0.589023 1
-0.468308 0.029552 1
-0.337094 0.559954 1
-0.738494 0.972807 1
-0.037691 0.441858 1
-0.108093 0.239851 1
-0.702186 0.038466 1
-0.983102 0.692837 1
-0.700790 0.617835 1
-0.272315 0.576462 1
-0.710135 0.474279 -1
-0.930371 0.415996 1
-0.275453 0.249962 1
-0.973309 0.208058 1
-0.472491 0.376786 1
-0.787903 0.514747 -1
-0.891527 0.271682 -1
-0.814620 0.358565 -1
-0.690392 0.990645 1
-0.937555 0.487450 1
-0.988794 0.035667 -1
-0.731592 0.647256 1
-0.778832 0.959901 1
-0.476171 0.938181 1
-0.157989 0.950262 1
-0.229371 0.799426 1
-0.733645 0.171765 -1
-0.553727 0.904289 1
-0.342370 0.972397 1
-0.923868 0.553611 1
-0.926667 0.543660 1
-0.508071 0.155630 -1
-0.781524 0.882691 1
-0.301718 0.771368 1
-0.589907 0.028803 1
-0.647458 0.431329 1
-0.816162 0.390564 1
-0.760539 0.592618 1
-0.084228 0.748037 1
-0.302176 0.485686 1
-0.689208 0.358026 1
-0.830848 0.722956 1
-0.484834 0.606608 1
-0.693344 0.957781 1
-0.749308 0.726939 1
-0.679671 0.328613 1
-0.102624 0.067817 1
-0.826488 0.627712 1
-0.890387 0.262970 1
-0.445028 0.390472 1
-0.213009 0.834153 1
-0.978803 0.065228 1
-0.775530 0.550918 1
-0.235579 0.294774 -1
-0.267890 0.908765 1
-0.704407 0.147471 1
-0.067923 0.306501 1
-0.762681 0.630261 1
-0.840827 0.624981 -1
-0.879095 0.408471 1
-0.584630 0.153043 1
-0.830903 0.559184 -1
-0.194382 0.771061 1
-0.875290 0.747978 1
-0.183466 0.941848 1
-0.140937 0.703179 1
-0.862192 0.741855 1
-0.729300 0.183444 1
-0.870181 0.810064 -1
-0.178829 0.421307 1
-0.981850 0.051576 -1
-0.989677 0.315698 1
-0.492796 0.200038 1
-0.186527 0.274435 1
-0.779348 0.073413 1
-0.217297 0.601760 1
-0.743968 0.057602 1
-0.593156 0.742257 1
-0.958840 0.780592 1
-0.551459 0.041839 1
-0.884823 0.755937 -1
-0.227117 0.227446 1
-0.658863 0.846845 1
-0.732681 0.635548 1
-0.113420 0.688596 1
-0.592259 0.883240 1
-0.105546 0.162930 1
-0.956785 0.854398 1
-0.887883 0.846154 1
-0.954770 0.987932 1
-0.597559 0.905481 1
-0.721135 0.634151 1
-0.130665 0.761362 -1
-0.083615 0.088630 1
-0.063283 0.941483 1
-0.001839 0.610063 1
-0.944723 0.599206 -1
-0.650535 0.442347 1
-0.034546 0.597637 1
-0.579393 0.601705 1
-0.129770 0.264579 1
-0.763312 0.731545 1
-0.479611 0.798135 1
-0.584763 0.936212 1
-0.975160 0.224581 1
-0.833548 0.112648 -1
-0.021421 0.515687 -1
-0.000469 0.393363 -1
-0.169512 0.093216 -1
-0.015318 0.007306 1
-0.707105 0.679505 1
-0.495245 0.850982 1
-0.793630 0.109083 1
-0.628901 0.318013 -1
-0.637304 0.689827 1
-0.159077 0.975869 1
-0.915616 0.038925 -1
-0.059504 0.954544 -1
-0.429080 0.809252 1
-0.674025 0.419790 1
-0.701528 0.770845 1
-0.862390 0.435977 1
-0.020956 0.448240 -1
-0.049513 0.210330 1
-0.423432 0.964066 1
-0.302282 0.489038 1
-0.224942 0.469273 -1
-0.419009 0.692712 1
-0.105342 0.521651 1
-0.058474 0.700712 1
-0.082565 0.104984 1
-0.700363 0.764817 1
-0.066924 0.857810 1
-0.291639 0.644394 -1
-0.669911 0.562851 1
-0.768828 0.447074 1
-0.114972 0.252368 1
-0.419054 0.098540 1
-0.960283 0.004847 1
-0.947372 0.741762 -1
-0.785788 0.468170 -1
-0.629432 0.822902 -1
-0.946543 0.503326 1
-0.655862 0.866229 1
-0.950241 0.741584 -1
-0.919104 0.994508 -1
-0.338307 0.345130 1
-0.926048 0.416757 1
-0.492114 0.231642 -1
-0.203493 0.483741 1
-0.904783 0.039744 1
-0.308752 0.942691 1
-0.852949 0.907990 -1
-0.922015 0.571929 1
-0.443734 0.962999 1
-0.882410 0.816501 1
-0.971568 0.218505 1
-0.902004 0.438538 -1
-0.696999 0.030102 1
-0.048930 0.194149 1
-0.212179 0.897651 1
-0.666488 0.545451 1
-0.894534 0.177470 1
-0.651233 0.226567 1
-0.297262 0.415074 1
-0.178996 0.090709 1
-0.250095 0.152404 1
-0.640577 0.642328 -1
-0.699987 0.234425 1
-0.164942 0.060904 1
-0.908876 0.515692 1
-0.493785 0.985180 1
-0.845350 0.115979 1
-0.987358 0.718524 1
-0.687490 0.102560 1
-0.399407 0.307255 1
-0.438487 0.721579 1
-0.844208 0.549388 1
-0.351042 0.553059 1
-0.953658 0.242563 -1
-0.783085 0.525029 1
-0.033488 0.001411 1
-0.014243 0.120293 1
-0.398550 0.224593 -1
-0.355122 0.160784 -1
-0.964554 0.649325 1
-0.725754 0.780366 1
-0.973855 0.960332 1
-0.065121 0.574961 1
-0.295715 0.643193 1
-0.677131 0.941552 1
-0.322713 0.209500 -1
-0.069615 0.245947 1
-0.127748 0.664518 1
-0.014298 0.441218 1
-0.906337 0.820391 1
-0.923796 0.991987 1
-0.352712 0.815026 1
-0.079782 0.549764 1
-0.794561 0.847584 1
-0.763082 0.835527 1
-0.912245 0.846399 -1
-0.624572 0.575322 -1
-0.320628 0.107343 1
-0.648627 0.048584 1
-0.550390 0.019211 1
-0.720281 0.747888 1
-0.768736 0.346248 1
-0.302794 0.749921 1
-0.322011 0.729396 1
-0.039400 0.178595 -1
-0.601814 0.092799 1
-0.693591 0.764858 1
-0.782628 0.777561 1
-0.991030 0.868401 1
-0.271311 0.168435 1
-0.284273 0.230110 1
-0.334317 0.461436 1
-0.001949 0.152678 1
-0.590340 0.858150 1
-0.661393 0.204515 1
-0.093349 0.651452 1
-0.746708 0.546091 -1
-0.379862 0.857927 -1
0.895420 -0.980370 1
0.058518 -0.398746 -1
0.488713 -0.867751 1
0.400622 -0.406599 1
0.819961 -0.049587 1
0.395159 -0.914754 1
0.443781 -0.917365 -1
0.135651 -0.239239 1
0.817303 -0.208652 1
0.184659 -0.166103 1
0.172577 -0.226304 1
0.681015 -0.071624 1
0.603011 -0.852660 1
0.838627 -0.681460 -1
0.228726 -0.282213 1
0.664779 -0.507703 1
0.014889 -0.292393 1
0.243726 -0.014861 1
0.074704 -0.991923 -1
0.954699 -0.061415 1
0.325994 -0.466378 1
0.405807 -0.301908 -1
0.587073 -0.119048 1
0.046670 -0.068494 -1
0.520221 -0.127374 -1
0.925048 -0.390364 1
0.559659 -0.006351 -1
0.884835 -0.029581 1
0.597716 -0.945565 -1
0.538391 -0.690428 1
0.877911 -0.499608 -1
0.674674 -0.773045 1
0.071847 -0.385378 1
0.008328 -0.729745 1
0.678354 -0.905812 1
0.313719 -0.068654 -1
0.276199 -0.058827 1
0.920575 -0.440634 1
0.359753 -0.147362 1
0.828352 -0.262578 1
0.594922 -0.670259 1
0.517586 -0.598778 1
0.899260 -0.331350 1
0.781709 -0.280190 -1
0.583369 -0.653298 1
0.912921 -0.558280 -1
0.801276 -0.793334 1
0.445562 -0.371605 1
0.378859 -0.372394 1
0.048503 -0.202097 1
0.516403 -0.548243 1
0.652238 -0.813235 1
0.812123 -0.760140 1
0.141773 -0.102930 1
0.976358 -0.225106 1
0.237234 -0.068828 1
0.458327 -0.213829 1
0.176129 -0.877349 1
0.832325 -0.021819 1
0.429520 -0.582775 1
0.434627 -0.254406 1
0.146095 -0.050294 1
0.134123 -0.579669 1
0.588696 -0.138544 1
0.952175 -0.550797 1
0.861139 -0.479960 1
0.849415 -0.945129 1
0.944391 -0.031762 1
0.868849 -0.617401 1
0.744248 -0.040358 1
0.318560 -0.019343 1
0.493301 -0.976724 1
0.235804 -0.633757 1
0.288075 -0.731049 -1
0.132171 -0.197588 1
0.117602 -0.364566 1
0.067719 -0.926128 1
0.903947 -0.472271 -1
0.230339 -0.928022 -1
0.090440 -0.797861 1
0.143294 -0.123897 -1
0.363392 -0.283085 -1
0.125630 -0.805569 1
0.578105 -0.164431 1
0.584052 -0.296786 1
0.840256 -0.746843 1
0.211798 -0.046973 1
0.997417 -0.405422 1
0.499923 -0.959723 1
0.657160 -0.480438 1
0.792339 -0.374740 -1
0.282016 -0.585797 1
0.775726 -0.798967 1
0.328154 -0.704318 -1
0.245813 -0.221072 1
0.312545 -0.077545 1
0.840509 -0.486742 1
0.907683 -0.726162 1
0.684226 -0.445369 1
0.974021 -0.695672 1
0.158887 -0.082905 1
0.082314 -0.218471 1
0.314392 -0.613012 1
0.294252 -0.088330 1
0.480226 -0.895772 1
0.146931 -0.432017 1
0.001646 -0.901627 1
0.882794 -0.537167 1
0.861902 -0.548159 1
0.519225 -0.633634 -1
0.852885 -0.565077 1
0.125925 -0.495325 1
0.223677 -0.953359 1
0.253383 -0.031229 1
0.687242 -0.145344 -1
0.713911 -0.380146 1
0.111638 -0.129072 1
0.720764 -0.089791 -1
0.213095 -0.573457 1
0.644740 -0.540811 1
0.612930 -0.719003 1
0.418423 -0.822091 1
0.180808 -0.684179 -1
0.485805 -0.037796 1
0.613208 -0.504128 1
0.669937 -0.305573 1
0.346608 -0.358637 -1
0.841767 -0.457533 1
0.886102 -0.464905 1
0.695144 -0.915507 1
0.135228 -0.426532 1
0.767112 -0.936317 1
0.493278 -0.834530 1
0.883476 -0.722493 1
0.659483 -0.257367 1
0.891701 -0.534331 -1
0.631046 -0.941234 1
0.011690 -0.422364 1
0.686093 -0.058707 -1
0.952721 -0.969951 -1
0.128234 -0.403002 1
0.818373 -0.371830 1
0.086742 -0.590636 1
0.945842 -0.687892 1
0.790495 -0.471394 1
0.622432 -0.732920 -1
0.341246 -0.063747 -1
0.960727 -0.402539 1
0.271114 -0.369985 1
0.962999 -0.444678 1
0.700465 -0.486837 1
0.292535 -0.516481 1
0.869854 -0.448309 1
0.735925 -0.219516 1
0.384530 -0.383813 1
0.690355 -0.365532 -1
0.794565 -0.174315 1
0.321106 -0.239353 1
0.643099 -0.429955 1
0.469797 -0.222245 1
0.905686 -0.730205 1
0.287708 -0.603169 1
0.383046 -0.664996 1
0.101273 -0.046434 1
0.183688 -0.585797 1
0.992967 -0.065833 1
0.196727 -0.621824 1
0.353328 -0.900504 1
0.296301 -0.174405 1
0.596259 -0.472378 1
0.478604 -0.658124 1
0.564381 -0.490198 1
0.855993 -0.513501 1
0.120778 -0.876899 1
0.606973 -0.853918 1
0.167206 -0.617173 1
0.699672 -0.528447 1
0.395835 -0.714873 1
0.072449 -0.702375 -1
0.072525 -0.058247 1
0.764046 -0.160327 1
0.780494 -0.344393 1
0.099539 -0.389826 1
0.327875 -0.895197 1
0.316995 -0.944561 1
0.706329 -0.830692 1
0.875228 -0.419190 1
0.901852 -0.934545 1
0.109013 -0.942901 1
0.288647 -0.658813 1
0.836804 -0.444963 1
0.553153 -0.003197 1
0.823643 -0.832436 1
0.746597 -0.902941 1
0.484545 -0.224622 1
0.004933 -0.238364 -1
0.461510 -0.111038 1
0.635915 -0.520487 1
0.569788 -0.065845 1
0.214173 -0.944892 1
0.891990 -0.258746 1
0.201685 -0.046450 1
0.989004 -0.182080 1
0.223091 -0.310505 1
0.674271 -0.324561 1
0.094160 -0.617959 1
0.763690 -0.960032 1
0.330917 -0.061688 1
0.844302 -0.347139 1
0.664011 -0.513352 1
0.375755 -0.523201 -1
0.692234 -0.459458 -1
0.210716 -0.059000 1
0.508252 -0.413239 1
0.517995 -0.362836 -1
0.444460 -0.253472 1
0.018382 -0.481551 1
0.863846 -0.204163 1
0.935648 -0.854657 1
0.704241 -0.169471 -1
0.836354 -0.696787 1
0.968383 -0.041793 -1
0.451795 -0.088127 1
0.057756 -0.609969 1
0.164711 -0.300372 1
0.810795 -0.958169 -1
0.510655 -0.845989 1
0.414502 -0.551576 1
0.046208 -0.520430 1
0.974781 -0.127896 1
0.441748 -0.103085 1
0.525359 -0.244882 1
0.168535 -0.060443 -1
0.098803 -0.828005 -1
0.982929 -0.154103 1
0.024345 -0.362390 1
0.537988 -0.772357 1
0.164028 -0.432827 1
0.498731 -0.662892 -1
0.032702 -0.464885 1
0.579746 -0.175375 1
0.472982 -0.363633 1
0.907322 -0.511548 1
0.061909 -0.320710 1
0.475224 -0.478923 1
0.947871 -0.693655 1
0.877929 -0.081324 -1
0.585323 -0.094051 -1
0.188705 -0.511562 1
0.950067 -0.352916 1
-0.925858 -0.478105 -1
-0.583294 -0.910272 -1
-0.308203 -0.836048 -1
-0.484123 -0.949635 -1
-0.483498 -0.200313 -1
-0.416084 -0.087710 1
-0.541827 -0.054084 -1
-0.138559 -0.094877 1
-0.874422 -0.810410 -1
-0.981503 -0.138456 -1
-0.847113 -0.975188 -1
-0.237675 -0.267542 -1
-0.018418 -0.059419 -1
-0.773591 -0.226354 1
-0.851188 -0.104365 -1
-0.929825 -0.097090 -1
-0.378499 -0.348083 -1
-0.754533 -0.742752 1
-0.536614 -0.981046 1
-0.417652 -0.930484 -1
-0.503112 -0.474180 -1
-0.030026 -0.377990 -1
-0.783194 -0.091962 -1
-0.650264 -0.207685 -1
-0.485647 -0.311859 -1
-0.003219 -0.247018 1
-0.867936 -0.875616 -1
-0.825307 -0.859900 1
-0.711481 -0.897774 -1
-0.856119 -0.153895 1
-0.504437 -0.782845 1
-0.748602 -0.472414 -1
-0.202329 -0.882889 -1
-0.289185 -0.500825 -1
-0.413442 -0.212992 -1
-0.428900 -0.700279 -1
-0.482979 -0.568151 1
-0.758932 -0.458482 -1
-0.701324 -0.219576 -1
-0.046540 -0.188123 1
-0.150754 -0.165811 -1
-0.730586 -0.843386 -1
-0.855725 -0.078208 1
-0.293358 -0.334128 -1
-0.433552 -0.351462 -1
-0.300974 -0.001774 -1
-0.662237 -0.170128 1
-0.228764 -0.641444 -1
-0.447765 -0.081474 -1
-0.359564 -0.671458 -1
-0.627989 -0.553386 1
-0.039458 -0.768984 -1
-0.746424 -0.968716 -1
-0.192666 -0.490336 1
-0.143530 -0.421494 -1
-0.469957 -0.829509 1
-0.705117 -0.158419 -1
-0.905914 -0.986421 -1
-0.722722 -0.319091 1
-0.186559 -0.431015 1
-0.945002 -0.626793 -1
-0.699172 -0.625215 -1
-0.182316 -0.255893 -1
-0.052109 -0.846496 -1
-0.157986 -0.872351 1
-0.680662 -0.216385 -1
-0.869811 -0.613553 -1
-0.789494 -0.300990 -1
-0.312919 -0.921371 -1
-0.792722 -0.861871 1
-0.079043 -0.224409 1
-0.025399 -0.140609 1
-0.825841 -0.690592 1
-0.303086 -0.617842 1
-0.166026 -0.575038 -1
-0.732083 -0.537591 -1
-0.578605 -0.088584 1
-0.884696 -0.858326 -1
-0.043511 -0.519534 -1
-0.156975 -0.429462 1
-0.793101 -0.638042 1
-0.271383 -0.381074 -1
-0.323568 -0.057567 -1
-0.944059 -0.272757 -1
-0.702249 -0.770228 -1
-0.092504 -0.533506 -1
-0.365505 -0.553900 -1
-0.165835 -0.326876 -1
-0.876987 -0.747071 -1
-0.139433 -0.727124 -1
-0.672737 -0.707804 1
-0.175588 -0.194753 -1
-0.000508 -0.162758 1
-0.460410 -0.823312 -1
-0.068834 -0.673687 -1
-0.640052 -0.461850 1
-0.459568 -0.936019 -1
-0.849053 -0.542682 -1
-0.707310 -0.394785 -1
-0.864946 -0.983532 -1
-0.184203 -0.611850 -1
-0.665012 -0.771171 -1
-0.262336 -0.725906 -1
-0.494189 -0.192228 -1
-0.885372 -0.518888 -1
-0.133218 -0.803400 -1
-0.597139 -0.840266 -1
-0.739807 -0.181122 -1
-0.059791 -0.342342 1
-0.192271 -0.779087 -1
-0.750670 -0.255011 -1
-0.799072 -0.511016 -1
-0.559696 -0.788434 -1
-0.516104 -0.258568 1
-0.024478 -0.544923 1
-0.638693 -0.268513 -1
-0.903486 -0.463001 1
-0.117260 -0.141864 -1
-0.969530 -0.439657 1
-0.720637 -0.411278 -1
-0.530900 -0.022389 1
-0.144432 -0.911391 -1
-0.985058 -0.314478 -1
-0.269695 -0.481911 -1
-0.945884 -0.783753 -1
-0.764090 -0.467097 -1
-0.452318 -0.959115 1
-0.237046 -0.115118 1
-0.050151 -0.382760 -1
-0.996802 -0.206419 1
-0.140872 -0.807553 1
-0.079281 -0.117127 1
-0.354545 -0.789697 -1
-0.374098 -0.349562 -1
-0.345697 -0.893090 -1
-0.347510 -0.255267 -1
-0.103250 -0.656220 -1
-0.462570 -0.969478 1
-0.285076 -0.260373 1
-0.714058 -0.955704 -1
-0.102817 -0.589023 -1
-0.333973 -0.399902 -1
-0.333190 -0.331403 -1
-0.697617 -0.905400 -1
-0.870343 -0.497903 -1
-0.912310 -0.859356 -1
-0.541031 -0.841219 -1
-0.925622 -0.132067 1
-0.895465 -0.799453 -1
-0.985006 -0.182694 -1
-0.673135 -0.622145 -1
-0.056141 -0.296583 -1
-0.633935 -0.397004 1
-0.319155 -0.679492 -1
-0.170534 -0.414460 -1
-0.442067 -0.661828 -1
-0.611356 -0.854880 -1
-0.189108 -0.986577 -1
-0.970278 -0.208438 -1
-0.713548 -0.169185 -1
-0.569702 -0.705571 -1
-0.880037 -0.885556 -1
-0.051570 -0.281847 -1
-0.931566 -0.993888 1
-0.477860 -0.630595 -1
-0.291579 -0.307753 -1
-0.794131 -0.053140 1
-0.071490 -0.478723 -1
-0.495472 -0.311062 1
-0.975796 -0.594872 -1
-0.166616 -0.818261 -1
-0.949280 -0.938291 -1
-0.161814 -0.483992 -1
-0.888581 -0.977736 -1
-0.198940 -0.828498 -1
-0.921967 -0.135816 -1
-0.396279 -0.101039 -1
-0.182393 -0.787217 1
-0.203761 -0.879025 1
-0.186221 -0.628247 1
-0.316760 -0.803474 -1
-0.916101 -0.927073 1
-0.559151 -0.798269 -1
-0.863431 -0.927894 -1
-0.430962 -0.449663 -1
-0.993312 -0.147624 -1
-0.755508 -0.266355 -1
-0.084044 -0.581148 1
-0.617269 -0.464241 -1
-0.709581 -0.953508 -1
-0.839940 -0.508198 1
-0.375873 -0.981044 -1
-0.161679 -0.836172 1
-0.486521 -0.382343 -1
-0.344417 -0.102599 -1
-0.732291 -0.134240 -1
-0.132793 -0.878944 -1
-0.517471 -0.322581 -1
-0.979391 -0.570100 -1
-0.602497 -0.080827 -1
-0.107823 -0.552289 -1
-0.429574 -0.162249 -1
-0.959509 -0.231049 1
-0.240344 -0.036019 -1
-0.299209 -0.890668 -1
-0.519190 -0.994388 -1
-0.200960 -0.428207 -1
-0.472325 -0.529322 -1
-0.145529 -0.701242 -1
-0.910741 -0.569709 1
-0.233827 -0.151730 -1
-0.699411 -0.597312 -1
-0.496538 -0.787366 -1
-0.580900 -0.997112 -1
-0.528099 -0.212879 -1
-0.809908 -0.757237 -1
-0.332212 -0.876544 -1
-0.749999 -0.922805 -1
-0.196441 -0.271011 -1
-0.418061 -0.163776 -1
-0.890215 -0.925465 -1
-0.968926 -0.251663 -1
-0.584172 -0.036519 -1
-0.097517 -0.485725 -1
-0.423699 -0.124747 1
-0.490951 -0.746305 -1
-0.272060 -0.648945 1
-0.871053 -0.181141 1
-0.711480 -0.650096 -1
-0.543603 -0.005155 -1
-0.710006 -0.205946 1
-0.193793 -0.943582 1
-0.289766 -0.078626 -1
-0.387424 -0.645232 -1
-0.903056 -0.955670 -1
-0.651649 -0.356123 -1
-0.709322 -0.235874 -1
-0.065199 -0.362271 -1
-0.340594 -0.258433 -1
-0.876251 -0.062030 -1
-0.375916 -0.056613 -1
-0.557544 -0.811516 -1
-0.427025 -0.144132 -1
-0.460537 -0.651340 -1
-0.238462 -0.725658 -1
-0.431816 -0.868409 -1
-0.885896 -0.527945 -1
-0.125703 -0.192288 -1
-0.221229 -0.251216 -1
-0.271047 -0.001627 -1
0.837648 0.986129 -1
0.413156 0.205091 -1
0.263972 0.332610 -1
0.497786 0.745435 -1
0.150986 0.038131 -1
0.125836 0.383482 -1
0.481552 0.972258 -1
0.036637 0.746335 -1
0.332632 0.649684 1
0.899196 0.057160 -1
0.422302 0.167255 -1
0.278383 0.959661 -1
0.710295 0.493732 -1
0.945938 0.946765 -1
0.530131 0.242048 -1
0.902555 0.458942 1
0.428816 0.775526 1
0.553890 0.019585 -1
0.675317 0.859895 -1
0.732326 0.864087 -1
0.132162 0.071537 -1
0.703245 0.953183 -1
0.262782 0.184357 -1
0.043850 0.355873 -1
0.365362 0.818693 -1
0.292363 0.946229 -1
0.059331 0.059218 -1
0.736809 0.398541 -1
0.903734 0.674178 -1
0.201786 0.477745 -1
0.060809 0.873228 -1
0.825703 0.181066 -1
0.561976 0.529689 -1
0.140788 0.771060 -1
0.093927 0.194562 1
0.584362 0.334280 1
0.782582 0.045946 -1
0.440695 0.480390 -1
0.851380 0.250159 -1
0.031495 0.007525 -1
0.699112 0.231193 -1
0.056721 0.457162 -1
0.481582 0.010698 -1
0.481453 0.121877 -1
0.993551 0.159160 -1
0.364135 0.183943 -1
0.415367 0.308715 1
0.831781 0.091035 -1
0.832856 0.217287 -1
0.250070 0.829650 1
0.211521 0.568098 -1
0.460498 0.935165 -1
0.650045 0.070964 1
0.073604 0.269711 -1
0.188564 0.055204 -1
0.902123 0.931188 -1
0.611350 0.552228 -1
0.934831 0.819251 -1
0.945022 0.981045 -1
0.074499 0.137729 -1
0.916834 0.989063 -1
0.116911 0.377976 -1
0.243718 0.663365 1
0.779890 0.906450 -1
0.441546 0.006507 -1
0.040074 0.897450 -1
0.009460 0.809652 -1
0.966532 0.890067 -1
0.350926 0.664697 -1
0.708366 0.794326 -1
0.143681 0.924677 -1
0.799725 0.519975 -1
0.177567 0.352194 -1
0.366582 0.959994 1
0.432805 0.524264 -1
0.478340 0.664142 -1
0.048923 0.934876 -1
0.399285 0.632800 1
0.639733 0.153558 -1
0.922948 0.388834 -1
0.721851 0.332191 -1
0.720857 0.575972 1
0.725178 0.208892 -1
0.857478 0.702518 1
0.710270 0.633081 -1
0.679507 0.572994 1
0.930647 0.010497 -1
0.866637 0.318914 -1
0.377716 0.165396 -1
0.608986 0.366833 -1
0.452795 0.493479 -1
0.603679 0.632194 -1
0.327702 0.962618 -1
0.340780 0.254449 -1
0.993407 0.990895 1
0.000521 0.748603 -1
0.846310 0.627458 -1
0.395277 0.443952 -1
0.775235 0.173236 -1
0.655990 0.531066 -1
0.279900 0.280369 -1
0.656817 0.409853 -1
0.020738 0.943291 -1
0.282217 0.850308 -1
0.485552 0.630268 -1
0.726616 0.631857 -1
0.695248 0.555781 -1
0.700532 0.654510 -1
0.192928 0.602087 -1
0.091605 0.611017 -1
0.109872 0.782491 -1
0.799320 0.664196 -1
0.329191 0.122938 -1
0.992070 0.417319 1
0.807685 0.812683 -1
0.230853 0.638527 1
0.533010 0.158777 -1
0.806791 0.966486 -1
0.828821 0.002249 1
0.569658 0.173015 -1
0.761778 0.887056 -1
0.464435 0.513726 -1
0.530771 0.046123 1
0.434708 0.472007 1
0.567154 0.481345 -1
0.875977 0.046167 -1
0.109035 0.119321 -1
0.045099 0.790179 -1
0.240932 0.930339 -1
0.712690 0.701559 1
0.706263 0.112854 -1
0.465125 0.143373 -1
0.421614 0.658416 1
0.146815 0.584446 -1
0.667475 0.799759 -1
0.395212 0.794403 -1
0.893072 0.100141 -1
0.748554 0.439183 -1
0.890979 0.428806 1
0.231959 0.135254 -1
0.399558 0.172895 1
0.111546 0.974797 -1
0.554831 0.818229 1
0.451627 0.088805 -1
0.311440 0.128477 -1
0.574268 0.872007 1
0.244778 0.210696 1
0.740962 0.974923 -1
0.803616 0.009412 -1
0.523142 0.107116 -1
0.764284 0.642783 -1
0.068749 0.761687 -1
0.122743 0.211591 -1
0.372211 0.925997 -1
0.592688 0.676078 -1
0.375700 0.701381 -1
0.010747 0.785200 -1
0.313179 0.528805 -1
0.935529 0.768446 -1
0.930541 0.207735 -1
0.288871 0.645906 -1
0.167600 0.279176 -1
0.267003 0.857138 -1
0.745589 0.669016 1
0.740016 0.112889 -1
0.472051 0.470440 -1
0.022469 0.870240 1
0.925847 0.901473 -1
0.014287 0.561023 -1
0.269628 0.323184 -1
0.473103 0.712439 1
0.734117 0.067648 -1
0.008502 0.133918 -1
0.934451 0.372525 1
0.643770 0.079461 -1
0.760550 0.327419 1
0.021740 0.253977 -1
0.157269 0.533736 -1
0.611883 0.537497 -1
0.729091 0.537975 -1
0.826358 0.101963 -1
0.086041 0.391010 -1
0.856271 0.117177 -1
0.422343 0.865596 -1
0.452153 0.920188 1
0.947948 0.346299 -1
0.165463 0.485358 -1
0.857016 0.495909 -1
0.921972 0.272333 -1
0.496737 0.082413 -1
0.701685 0.532436 -1
0.992533 0.522304 -1
0.565464 0.426875 -1
0.384231 0.019240 -1
0.060075 0.149913 -1
0.718525 0.610860 -1
0.072807 0.878994 1
0.606085 0.085666 -1
0.651109 0.052453 -1
0.359492 0.390496 -1
0.681918 0.658474 1
0.366473 0.965703 1
0.177438 0.313664 -1
0.907449 0.887986 -1
0.261996 0.601846 -1
0.343917 0.549395 1
0.936168 0.244507 -1
0.453549 0.773852 -1
0.229577 0.153768 -1
0.852629 0.065343 -1
0.137343 0.625069 -1
0.957084 0.353679 -1
0.611039 0.567428 -1
0.912298 0.614927 1
0.745548 0.343496 1
0.912318 0.776703 -1
0.281217 0.257578 -1
0.579394 0.499870 -1
0.416428 0.392777 -1
0.569016 0.245759 -1
0.334013 0.586172 -1
0.131236 0.808506 -1
0.790663 0.527889 -1
0.767100 0.429730 1
0.353634 0.857489 1
0.771842 0.206137 1
0.109258 0.771802 -1
0.422858 0.922661 -1
0.421952 0.956258 -1
0.628149 0.847144 1
0.673966 0.523852 -1
0.201067 0.939384 -1
0.203049 0.827334 -1
0.470576 0.441316 1
0.839990 0.121601 1
0.809614 0.604031 -1
0.536953 0.563806 -1
0.554854 0.394145 1
0.985623 0.467364 -1
0.407251 0.075915 -1
0.907303 0.598960 -1
0.632710 0.350716 1
0.923661 0.147527 -1
0.134374 0.975007 -1
0.671937 0.394870 -1
0.652257 0.825477 -1
0.341775 0.508696 -1
0.677381 0.943153 -1
0.382088 0.588248 -1
0.877604 0.547986 -1
