-0.633540 0.229475 1
-0.650154 0.717479 1
-0.654407 0.612295 1
-0.130166 0.949176 1
-0.619014 0.674307 1
-0.650483 0.039790 1
-0.799600 0.237591 1
-0.148850 0.402161 1
-0.617857 0.125013 1
-0.846313 0.512322 1
-0.067613 0.146369 1
-0.730396 0.494183 1
-0.846398 0.209981 1
-0.144976 0.799457 1
-0.326451 0.048442 1
-0.316632 0.251811 1
-0.906849 0.834687 1
-0.701068 0.720146 1
-0.430495 0.531046 1
-0.954244 0.576479 1
-0.555899 0.167333 1
-0.673361 0.843965 1
-0.396246 0.129279 1
-0.335250 0.892533 1
-0.954003 0.652569 1
-0.958302 0.320317 1
-0.960782 0.834812 1
-0.567910 0.544680 1
-0.590019 0.902909 1
-0.942171 0.122970 1
-0.745043 0.183535 1
-0.345050 0.898288 1
-0.703731 0.319969 1
-0.732998 0.114058 1
-0.260444 0.554951 1
-0.116375 0.112336 1
-0.631919 0.353899 1
-0.924791 0.259828 1
-0.069781 0.870901 1
-0.796944 0.428064 1
-0.809704 0.578753 1
-0.963461 0.076587 1
-0.376173 0.264635 1
-0.487717 0.532042 1
-0.973141 0.853842 1
-0.781186 0.962219 1
-0.594695 0.907932 1
-0.371832 0.608156 1
-0.997740 0.758854 1
-0.456624 0.762293 1
-0.363447 0.970942 1
-0.443385 0.518397 1
-0.466652 0.884552 1
-0.577602 0.115052 1
-0.768378 0.782575 1
-0.294044 0.365110 1
-0.564703 0.972377 1
-0.927987 0.951164 1
-0.548386 0.237527 1
-0.938889 0.300344 1
-0.489796 0.350240 1
-0.402216 0.672028 1
-0.937041 0.010840 1
-0.970049 0.161571 1
-0.554359 0.991211 1
-0.382302 0.569538 1
-0.209984 0.371265 1
-0.275560 0.865553 1
-0.461114 0.686350 1
-0.930877 0.342522 1
-0.210389 0.245741 1
-0.698551 0.531832 1
-0.159133 0.681096 1
-0.799589 0.082462 1
-0.368817 0.750238 1
-0.859374 0.881993 1
-0.134638 0.910625 1
-0.149080 0.550390 1
-0.568320 0.733306 1
-0.819489 0.842152 1
-0.235986 0.867164 1
-0.448234 0.688386 1
-0.393253 0.073847 1
-0.932793 0.936879 1
-0.642700 0.581982 1
-0.519356 0.383317 1
-0.166675 0.751058 1
-0.456358 0.102200 1
-0.137268 0.729271 1
-0.776699 0.709172 1
-0.193488 0.271510 1
-0.932347 0.124530 1
-0.519812 0.120922 1
-0.728898 0.046105 1
-0.753173 0.879557 1
-0.701586 0.230823 1
-0.173681 0.973300 1
-0.161002 0.415800 1
-0.066840 0.359695 1
-0.624627 0.706045 1
-0.955905 0.750607 1
-0.724698 0.529451 1
-0.330415 0.856527 1
-0.718153 0.549595 1
-0.844155 0.114438 1
-0.172978 0.134367 1
-0.804322 0.691197 1
-0.113246 0.431457 1
-0.267447 0.897384 1
-0.058658 0.198112 1
-0.092645 0.607521 1
-0.371700 0.513779 1
-0.885130 0.176024 1
-0.789082 0.543030 1
-0.302617 0.702616 1
-0.638510 0.996343 1
-0.980181 0.851009 1
-0.119198 0.221666 1
-0.924527 0.417915 1
-0.487262 0.521224 1
-0.181442 0.510316 1
-0.882022 0.457701 1
-0.634219 0.149194 1
-0.248653 0.596442 1
-0.252320 0.127509 1
-0.158590 0.978956 1
-0.883651 0.280109 1
-0.368618 0.649267 1
-0.338633 0.014877 1
-0.968679 0.887385 1
-0.652320 0.422992 1
-0.915861 0.388396 1
-0.287797 0.411815 1
-0.765574 0.789264 1
-0.789670 0.903059 1
-0.144700 0.187038 1
-0.225409 0.351315 1
-0.903925 0.718152 1
-0.225662 0.866749 1
-0.998123 0.301451 1
-0.754538 0.705707 1
-0.214001 0.472511 1
-0.875557 0.988393 1
-0.011184 0.506540 1
-0.255567 0.627926 1
-0.077331 0.746953 1
-0.201332 0.560089 1
-0.946540 0.343740 1
-0.761282 0.620464 1
-0.215481 0.450064 1
-0.671328 0.269447 1
-0.913521 0.102129 1
-0.452434 0.658947 1
-0.520280 0.764985 1
-0.131911 0.957812 1
-0.125494 0.186886 1
-0.042646 0.284672 1
-0.678144 0.977172 1
-0.203838 0.269883 1
-0.956446 0.094839 1
-0.981936 0.711418 1
-0.064103 0.117170 1
-0.834906 0.159059 1
-0.220547 0.523086 1
-0.632147 0.121166 1
-0.674197 0.292138 1
-0.009365 0.357705 1
-0.351619 0.118103 1
-0.423263 0.542190 1
-0.310118 0.090358 1
-0.648840 0.281819 1
-0.403207 0.983306 1
-0.092500 0.417489 1
-0.484973 0.436354 1
-0.107414 0.168968 1
-0.891682 0.910771 1
-0.354075 0.314227 1
-0.696793 0.651731 1
-0.713397 0.113384 1
-0.970587 0.588136 1
-0.401890 0.043815 1
-0.731853 0.390305 1
-0.550496 0.528502 1
-0.707171 0.637383 1
-0.799986 0.495546 1
-0.773592 0.640980 1
-0.393111 0.642689 1
-0.320738 0.290491 1
-0.156702 0.597222 1
-0.573738 0.660825 1
-0.944744 0.306288 1
-0.932171 0.615565 1
-0.030996 0.818034 1
-0.413853 0.722461 1
-0.042781 0.270702 1
-0.846297 0.262244 1
-0.820050 0.793868 1
-0.959502 0.573307 1
-0.714972 0.473509 1
-0.498634 0.960105 1
-0.725377 0.601485 1
-0.440011 0.272802 1
-0.057426 0.471983 1
-0.207718 0.282651 1
-0.318366 0.679047 1
-0.899136 0.493197 1
-0.962842 0.838371 1
-0.067707 0.237267 1
-0.659793 0.133931 1
-0.720011 0.294265 1
-0.927331 0.553916 1
-0.760344 0.246944 1
-0.483173 0.037573 1
-0.555012 0.611006 1
-0.805726 0.038172 1
-0.826566 0.162787 1
-0.134559 0.429405 1
-0.903144 0.722986 1
-0.633731 0.753608 1
-0.817968 0.094522 1
-0.375891 0.790693 1
-0.995500 0.297644 1
-0.740587 0.974468 1
-0.983595 0.470005 1
-0.721289 0.946784 1
-0.031765 0.837013 1
-0.738031 0.776026 1
-0.805887 0.058783 1
-0.030493 0.777760 1
-0.343767 0.669177 1
-0.896303 0.162651 1
-0.611337 0.055134 1
-0.401787 0.184196 1
-0.380118 0.106495 1
-0.533130 0.059396 1
-0.391253 0.339665 1
-0.008879 0.728115 1
-0.963326 0.727302 1
-0.302777 0.885268 1
-0.528375 0.507920 1
-0.623906 0.377393 1
-0.432590 0.257591 1
-0.948258 0.688348 1
-0.922940 0.507832 1
-0.436328 0.780148 1
-0.027472 0.652724 1
-0.528315 0.904830 1
-0.844304 0.392079 1
-0.042223 0.900421 1
-0.997965 0.421660 1
0.778630 -0.665528 1
0.576826 -0.492864 1
0.019541 -0.509310 1
0.910807 -0.770379 1
0.383133 -0.572331 1
0.362357 -0.831297 1
0.787230 -0.021106 1
0.097347 -0.265623 1
0.781218 -0.237630 1
0.956450 -0.551596 1
0.174509 -0.180681 1
0.553181 -0.105673 1
0.433799 -0.433282 1
0.478966 -0.069186 1
0.168581 -0.562908 1
0.307797 -0.982503 1
0.759003 -0.041023 1
0.372899 -0.595491 1
0.078579 -0.005282 1
0.341662 -0.046813 1
0.045793 -0.862518 1
0.942976 -0.750617 1
0.126463 -0.425553 1
0.199658 -0.483538 1
0.170502 -0.232312 1
0.354542 -0.960831 1
0.072341 -0.956442 1
0.494188 -0.580104 1
0.904401 -0.733971 1
0.734252 -0.136935 1
0.972875 -0.436785 1
0.962863 -0.523426 1
0.893062 -0.168279 1
0.000546 -0.457982 1
0.557121 -0.366890 1
0.496059 -0.281137 1
0.157458 -0.061000 1
0.119484 -0.971285 1
0.469604 -0.592702 1
0.048834 -0.058323 1
0.902983 -0.782766 1
0.351299 -0.926083 1
0.806309 -0.267921 1
0.259417 -0.204639 1
0.591468 -0.598629 1
0.522251 -0.296217 1
0.987782 -0.850488 1
0.816884 -0.556063 1
0.043747 -0.289955 1
0.389483 -0.380575 1
0.711300 -0.767096 1
0.023536 -0.057117 1
0.817501 -0.172735 1
0.221818 -0.778441 1
0.319979 -0.492036 1
0.566687 -0.791478 1
0.957523 -0.098748 1
0.103704 -0.730906 1
0.141579 -0.193419 1
0.699519 -0.575634 1
0.214512 -0.246709 1
0.020049 -0.278240 1
0.668951 -0.893215 1
0.371246 -0.154586 1
0.623648 -0.161721 1
0.066682 -0.551624 1
0.225196 -0.157762 1
0.507266 -0.514446 1
0.915395 -0.015129 1
0.760038 -0.928796 1
0.102975 -0.846759 1
0.543458 -0.086693 1
0.926530 -0.661948 1
0.900158 -0.550008 1
0.137519 -0.260486 1
0.307156 -0.112220 1
0.833347 -0.210556 1
0.518452 -0.115601 1
0.115097 -0.011600 1
0.817043 -0.009746 1
0.817583 -0.278305 1
0.832727 -0.543710 1
0.377948 -0.109731 1
0.956921 -0.429210 1
0.266735 -0.280630 1
0.966324 -0.692379 1
0.942004 -0.741119 1
0.046859 -0.552019 1
0.599052 -0.288281 1
0.642181 -0.775324 1
0.670960 -0.825672 1
0.269815 -0.670290 1
0.259255 -0.350369 1
0.970029 -0.493960 1
0.517659 -0.228404 1
0.482988 -0.634765 1
0.440116 -0.593157 1
0.338155 -0.151917 1
0.170375 -0.972879 1
0.941289 -0.659951 1
0.799754 -0.538569 1
0.987262 -0.071447 1
0.618038 -0.689334 1
0.757700 -0.330914 1
0.819809 -0.946580 1
0.808663 -0.719859 1
0.843326 -0.756735 1
0.937904 -0.399069 1
0.348483 -0.897950 1
0.470129 -0.769134 1
0.817125 -0.865675 1
0.940262 -0.405845 1
0.070443 -0.027147 1
0.600855 -0.600025 1
0.981646 -0.125155 1
0.149599 -0.332794 1
0.320776 -0.250156 1
0.717057 -0.886337 1
0.097089 -0.775513 1
0.800225 -0.202833 1
0.872799 -0.529846 1
0.437882 -0.435080 1
0.733638 -0.422599 1
0.021018 -0.133269 1
0.141122 -0.272867 1
0.717127 -0.212755 1
0.421323 -0.390567 1
0.865966 -0.842551 1
0.329749 -0.941313 1
0.605407 -0.657238 1
0.369480 -0.751885 1
0.475805 -0.389794 1
0.224608 -0.986667 1
0.519313 -0.961826 1
0.493081 -0.931773 1
0.782945 -0.602147 1
0.784053 -0.401803 1
0.734380 -0.776251 1
0.521058 -0.285644 1
0.016938 -0.680220 1
0.902739 -0.153298 1
0.028892 -0.301417 1
0.039520 -0.783092 1
0.758471 -0.736550 1
0.818223 -0.510473 1
0.753422 -0.697231 1
0.539413 -0.180709 1
0.945954 -0.389015 1
0.382730 -0.122562 1
0.875177 -0.455501 1
0.802115 -0.055026 1
0.383257 -0.568990 1
0.570844 -0.028267 1
0.390727 -0.815679 1
0.336753 -0.854614 1
0.861627 -0.345939 1
0.568476 -0.899167 1
0.283580 -0.391555 1
0.550229 -0.207099 1
0.899818 -0.201346 1
0.252215 -0.683421 1
0.467344 -0.224318 1
0.656215 -0.839397 1
0.196312 -0.704973 1
0.330396 -0.243341 1
0.321809 -0.940375 1
0.750029 -0.523731 1
0.697365 -0.268883 1
0.920808 -0.231994 1
0.933077 -0.742350 1
0.823341 -0.103877 1
0.640875 -0.722887 1
0.114296 -0.960234 1
0.931000 -0.980125 1
0.677342 -0.283413 1
0.840596 -0.320753 1
0.808408 -0.465144 1
0.057512 -0.930783 1
0.919941 -0.162882 1
0.403425 -0.672450 1
0.603714 -0.313150 1
0.880025 -0.056345 1
0.132067 -0.198798 1
0.813972 -0.098586 1
0.127353 -0.950082 1
0.492279 -0.261775 1
0.530142 -0.008779 1
0.694616 -0.167645 1
0.361406 -0.840605 1
0.650818 -0.022261 1
0.631122 -0.499964 1
0.314129 -0.140803 1
0.510394 -0.857729 1
0.925725 -0.139275 1
0.466663 -0.205860 1
0.665094 -0.670984 1
0.414997 -0.696511 1
0.600735 -0.321224 1
0.147568 -0.267326 1
0.114901 -0.507021 1
0.311249 -0.998592 1
0.131413 -0.069234 1
0.189960 -0.738115 1
0.632129 -0.296422 1
0.314582 -0.217379 1
0.050665 -0.437955 1
0.961445 -0.437887 1
0.264812 -0.593908 1
0.627537 -0.643621 1
0.985185 -0.041705 1
0.913489 -0.941264 1
0.662826 -0.513237 1
0.496630 -0.702905 1
0.566536 -0.882257 1
0.374025 -0.732014 1
0.581205 -0.295651 1
0.110418 -0.452256 1
0.572031 -0.544466 1
0.900437 -0.445254 1
0.583604 -0.105080 1
0.176787 -0.551138 1
0.213312 -0.790277 1
0.562200 -0.845886 1
0.341291 -0.399431 1
0.274069 -0.846613 1
0.599418 -0.468741 1
0.917079 -0.200819 1
0.064268 -0.287279 1
0.682858 -0.877976 1
0.269214 -0.460756 1
0.046562 -0.590003 1
0.330532 -0.495802 1
0.434737 -0.523698 1
0.331866 -0.896997 1
0.492811 -0.008589 1
0.045195 -0.653760 1
0.981689 -0.592024 1
0.476251 -0.728984 1
0.670622 -0.763848 1
0.867155 -0.964131 1
0.589411 -0.955083 1
0.913072 -0.189498 1
0.293335 -0.871608 1
0.491346 -0.546471 1
0.284272 -0.301378 1
0.493612 -0.881019 1
0.648176 -0.830286 1
0.448735 -0.627468 1
0.921129 -0.523862 1
0.580088 -0.465905 1
-0.532063 -0.446385 -1
-0.052631 -0.043341 -1
-0.073404 -0.468791 -1
-0.404018 -0.811481 -1
-0.994222 -0.131070 -1
-0.401039 -0.729973 -1
-0.577814 -0.451400 -1
-0.248577 -0.423669 -1
-0.296714 -0.215508 -1
-0.135852 -0.946322 -1
-0.231357 -0.108631 -1
-0.302291 -0.094535 -1
-0.579862 -0.759695 -1
-0.615399 -0.278371 -1
-0.844692 -0.843232 -1
-0.902013 -0.261229 -1
-0.331993 -0.662404 -1
-0.719078 -0.647780 -1
-0.559780 -0.563786 -1
-0.286210 -0.966880 -1
-0.393581 -0.172123 -1
-0.484226 -0.209832 -1
-0.127276 -0.367343 -1
-0.458500 -0.223622 -1
-0.111771 -0.015031 -1
-0.634635 -0.654392 -1
-0.894205 -0.222876 -1
-0.249227 -0.366583 -1
-0.399778 -0.073897 -1
-0.175107 -0.103460 -1
-0.211276 -0.914542 -1
-0.870577 -0.551003 -1
-0.172725 -0.070871 -1
-0.596024 -0.206224 -1
-0.533154 -0.406045 -1
-0.685560 -0.087152 -1
-0.938333 -0.901981 -1
-0.486561 -0.488338 -1
-0.117411 -0.699634 -1
-0.169871 -0.628556 -1
-0.521385 -0.775199 -1
-0.708946 -0.589701 -1
-0.577668 -0.186390 -1
-0.973823 -0.469537 -1
-0.047354 -0.594090 -1
-0.091478 -0.774614 -1
-0.921756 -0.605104 -1
-0.486142 -0.146437 -1
-0.227431 -0.791563 -1
-0.862135 -0.185431 -1
-0.938697 -0.977719 -1
-0.197277 -0.616927 -1
-0.257381 -0.951638 -1
-0.804605 -0.109628 -1
-0.947738 -0.508538 -1
-0.015412 -0.667441 -1
-0.493093 -0.503306 -1
-0.662580 -0.693757 -1
-0.581982 -0.342531 -1
-0.716074 -0.648819 -1
-0.485089 -0.190038 -1
-0.562915 -0.054357 -1
-0.282213 -0.953519 -1
-0.883798 -0.582836 -1
-0.976810 -0.473415 -1
-0.928860 -0.408241 -1
-0.912391 -0.078878 -1
-0.728571 -0.545243 -1
-0.621497 -0.457022 -1
-0.475372 -0.965472 -1
-0.023975 -0.944368 -1
-0.748099 -0.929913 -1
-0.967291 -0.565837 -1
-0.518544 -0.244341 -1
-0.646155 -0.386754 -1
-0.019624 -0.518072 -1
-0.891220 -0.605803 -1
-0.244216 -0.106108 -1
-0.480210 -0.565222 -1
-0.432733 -0.228197 -1
-0.699868 -0.420184 -1
-0.399440 -0.105404 -1
-0.387946 -0.855029 -1
-0.588858 -0.381508 -1
-0.286836 -0.026382 -1
-0.184978 -0.152302 -1
-0.071387 -0.569760 -1
-0.439611 -0.744556 -1
-0.490919 -0.758312 -1
-0.182378 -0.128795 -1
-0.972258 -0.856434 -1
-0.015670 -0.739055 -1
-0.096223 -0.834427 -1
-0.110170 -0.561940 -1
-0.562354 -0.971079 -1
-0.964614 -0.556919 -1
-0.452083 -0.427449 -1
-0.906463 -0.777523 -1
-0.539661 -0.763084 -1
-0.323525 -0.536759 -1
-0.752846 -0.043950 -1
-0.909366 -0.876965 -1
-0.856933 -0.566362 -1
-0.908148 -0.149069 -1
-0.946150 -0.189833 -1
-0.234707 -0.369695 -1
-0.123094 -0.708944 -1
-0.704925 -0.014678 -1
-0.266355 -0.858104 -1
-0.340270 -0.023200 -1
-0.531559 -0.353439 -1
-0.728310 -0.247395 -1
-0.292503 -0.801451 -1
-0.083072 -0.734586 -1
-0.588344 -0.273142 -1
-0.563304 -0.290211 -1
-0.113977 -0.521349 -1
-0.010046 -0.894880 -1
-0.115170 -0.168899 -1
-0.079954 -0.185840 -1
-0.213893 -0.182060 -1
-0.542044 -0.747586 -1
-0.179460 -0.150452 -1
-0.598779 -0.936113 -1
-0.563957 -0.848571 -1
-0.623652 -0.410705 -1
-0.776476 -0.090631 -1
-0.254861 -0.517761 -1
-0.344657 -0.682001 -1
-0.843946 -0.331725 -1
-0.703903 -0.148035 -1
-0.484991 -0.042640 -1
-0.086041 -0.781077 -1
-0.910709 -0.191414 -1
-0.526216 -0.839877 -1
-0.255149 -0.390081 -1
-0.486513 -0.606499 -1
-0.865774 -0.743117 -1
-0.378397 -0.409692 -1
-0.071962 -0.649965 -1
-0.902322 -0.008914 -1
-0.404624 -0.477165 -1
-0.847728 -0.972195 -1
-0.908808 -0.348673 -1
-0.037079 -0.468375 -1
-0.482838 -0.532335 -1
-0.530861 -0.545829 -1
-0.580931 -0.696771 -1
-0.802907 -0.733773 -1
-0.633195 -0.029719 -1
-0.622535 -0.129748 -1
-0.704623 -0.628091 -1
-0.269626 -0.920128 -1
-0.594049 -0.204319 -1
-0.025424 -0.371736 -1
-0.936600 -0.160973 -1
-0.313853 -0.586996 -1
-0.325807 -0.932692 -1
-0.874456 -0.716646 -1
-0.408699 -0.086483 -1
-0.936833 -0.128242 -1
-0.229421 -0.053235 -1
-0.061973 -0.087775 -1
-0.008521 -0.916579 -1
-0.376236 -0.751024 -1
-0.779284 -0.143570 -1
-0.203543 -0.218760 -1
-0.763317 -0.382787 -1
-0.091423 -0.264723 -1
-0.836695 -0.642841 -1
-0.995014 -0.981331 -1
-0.324982 -0.571224 -1
-0.985139 -0.709375 -1
-0.413621 -0.883538 -1
-0.592581 -0.340240 -1
-0.460957 -0.847167 -1
-0.109083 -0.010066 -1
-0.919100 -0.563359 -1
-0.884125 -0.356292 -1
-0.833899 -0.892446 -1
-0.058802 -0.543524 -1
-0.330886 -0.808386 -1
-0.687517 -0.993805 -1
-0.272002 -0.437838 -1
-0.324624 -0.157959 -1
-0.856461 -0.935065 -1
-0.330445 -0.962268 -1
-0.879192 -0.356075 -1
-0.321530 -0.722331 -1
-0.437323 -0.784300 -1
-0.697587 -0.394875 -1
-0.184037 -0.916359 -1
-0.813421 -0.713776 -1
-0.613069 -0.243421 -1
-0.450559 -0.304186 -1
-0.412413 -0.353381 -1
-0.574437 -0.694522 -1
-0.986443 -0.768873 -1
-0.075513 -0.058559 -1
-0.706512 -0.763352 -1
-0.443393 -0.113229 -1
-0.186480 -0.605970 -1
-0.326086 -0.015071 -1
-0.903972 -0.870966 -1
-0.406409 -0.257428 -1
-0.980153 -0.428593 -1
-0.543858 -0.475700 -1
-0.588509 -0.416678 -1
-0.961004 -0.154790 -1
-0.688169 -0.953218 -1
-0.362707 -0.245051 -1
-0.240754 -0.095565 -1
-0.233705 -0.738092 -1
-0.729190 -0.197854 -1
-0.219065 -0.434528 -1
-0.081250 -0.294847 -1
-0.452248 -0.461921 -1
-0.625227 -0.536280 -1
-0.790040 -0.985861 -1
-0.207742 -0.234663 -1
-0.665219 -0.704107 -1
-0.661542 -0.274442 -1
-0.548504 -0.650181 -1
-0.318422 -0.771794 -1
-0.701994 -0.157762 -1
-0.165261 -0.714479 -1
-0.708691 -0.174769 -1
-0.312461 -0.766600 -1
-0.576865 -0.094784 -1
-0.038933 -0.733098 -1
-0.214771 -0.874676 -1
-0.113883 -0.824023 -1
-0.244732 -0.258363 -1
-0.002174 -0.457239 -1
-0.483373 -0.075955 -1
-0.338933 -0.931575 -1
-0.571512 -0.749858 -1
-0.369160 -0.247942 -1
-0.626200 -0.207753 -1
-0.714700 -0.923363 -1
-0.598600 -0.877416 -1
-0.504438 -0.550486 -1
-0.967295 -0.123914 -1
-0.297942 -0.983188 -1
-0.580445 -0.435876 -1
-0.796158 -0.538045 -1
-0.506168 -0.145464 -1
-0.972755 -0.836542 -1
-0.144374 -0.434351 -1
-0.898180 -0.655328 -1
0.648189 0.456610 -1
0.504037 0.381443 -1
0.663801 0.786493 -1
0.806273 0.947316 -1
0.033225 0.205462 -1
0.735398 0.140748 -1
0.720882 0.877496 -1
0.632774 0.822764 -1
0.887693 0.423748 -1
0.809194 0.034701 -1
0.453328 0.405648 -1
0.155178 0.962466 -1
0.447055 0.821918 -1
0.847375 0.471969 -1
0.508762 0.205994 -1
0.638920 0.478608 -1
0.224175 0.075012 -1
0.838637 0.012864 -1
0.858873 0.666112 -1
0.400709 0.545050 -1
0.337765 0.074854 -1
0.466330 0.892283 -1
0.387610 0.321481 -1
0.676874 0.949243 -1
0.281477 0.219557 -1
0.721426 0.216813 -1
0.572403 0.050483 -1
0.364438 0.477271 -1
0.174901 0.545045 -1
0.494427 0.171828 -1
0.272407 0.193295 -1
0.042693 0.191001 -1
0.587721 0.877015 -1
0.575857 0.382115 -1
0.795726 0.197130 -1
0.044142 0.469254 -1
0.929517 0.620023 -1
0.734551 0.576989 -1
0.611622 0.326994 -1
0.774410 0.931818 -1
0.412599 0.798992 -1
0.858562 0.466504 -1
0.651428 0.899295 -1
0.192793 0.338889 -1
0.252302 0.012441 -1
0.167403 0.466126 -1
0.179711 0.207749 -1
0.264382 0.418014 -1
0.875485 0.760494 -1
0.932396 0.354517 -1
0.266149 0.767814 -1
0.364833 0.554055 -1
0.238887 0.768849 -1
0.382883 0.203770 -1
0.095731 0.097386 -1
0.942623 0.093139 -1
0.327956 0.582920 -1
0.702013 0.733529 -1
0.012775 0.223378 -1
0.194273 0.842008 -1
0.771279 0.175725 -1
0.065122 0.475295 -1
0.970227 0.745475 -1
0.048706 0.539445 -1
0.453109 0.632220 -1
0.841350 0.065701 -1
0.409916 0.820070 -1
0.381685 0.208495 -1
0.835740 0.199963 -1
0.421824 0.445054 -1
0.966396 0.732980 -1
0.535625 0.544261 -1
0.142315 0.696021 -1
0.356312 0.756301 -1
0.113170 0.490513 -1
0.306015 0.391915 -1
0.593698 0.218151 -1
0.726550 0.784854 -1
0.737452 0.433642 -1
0.831283 0.592704 -1
0.960691 0.135911 -1
0.242972 0.212320 -1
0.254278 0.694001 -1
0.809988 0.133361 -1
0.160988 0.775405 -1
0.718263 0.734135 -1
0.242054 0.548492 -1
0.761564 0.406181 -1
0.104968 0.793125 -1
0.556629 0.005960 -1
0.148425 0.625489 -1
0.587242 0.062688 -1
0.416130 0.530645 -1
0.085886 0.147080 -1
0.877341 0.839974 -1
0.971007 0.838343 -1
0.784348 0.710064 -1
0.585539 0.137376 -1
0.966424 0.453718 -1
0.681735 0.893226 -1
0.734460 0.534510 -1
0.858622 0.197235 -1
0.833501 0.418360 -1
0.190908 0.068280 -1
0.773874 0.248924 -1
0.796765 0.157211 -1
0.935160 0.845723 -1
0.270125 0.411589 -1
0.615649 0.518039 -1
0.615270 0.019005 -1
0.853607 0.806266 -1
0.497054 0.782553 -1
0.751101 0.126999 -1
0.933083 0.025468 -1
0.281226 0.122561 -1
0.708794 0.668557 -1
0.110651 0.371622 -1
0.972043 0.499343 -1
0.195434 0.949398 -1
0.970230 0.859187 -1
0.925735 0.951422 -1
0.364178 0.501725 -1
0.010758 0.363703 -1
0.204059 0.599084 -1
0.750500 0.744762 -1
0.959736 0.436464 -1
0.287742 0.439246 -1
0.039136 0.235576 -1
0.840935 0.960983 -1
0.158654 0.362818 -1
0.677530 0.697828 -1
0.610596 0.762204 -1
0.841432 0.165267 -1
0.646486 0.270176 -1
0.449288 0.190547 -1
0.572902 0.857272 -1
0.799418 0.430322 -1
0.518750 0.739898 -1
0.164625 0.129366 -1
0.013415 0.552994 -1
0.075464 0.553278 -1
0.924046 0.639157 -1
0.117275 0.177360 -1
0.908814 0.125545 -1
0.199496 0.287288 -1
0.969192 0.918598 -1
0.820127 0.301729 -1
0.025328 0.534094 -1
0.555745 0.352581 -1
0.167514 0.062282 -1
0.051266 0.666783 -1
0.227199 0.919493 -1
0.528518 0.333790 -1
0.600211 0.026858 -1
0.714911 0.652449 -1
0.632848 0.000667 -1
0.879142 0.055062 -1
0.616078 0.336798 -1
0.189031 0.285281 -1
0.619845 0.747752 -1
0.721843 0.127073 -1
0.234921 0.057645 -1
0.140032 0.685048 -1
0.612748 0.240710 -1
0.725289 0.150614 -1
0.991185 0.228197 -1
0.329085 0.876413 -1
0.517745 0.990633 -1
0.199009 0.427911 -1
0.419182 0.244553 -1
0.460187 0.787054 -1
0.403934 0.392403 -1
0.207350 0.756531 -1
0.772207 0.928043 -1
0.933615 0.132498 -1
0.185191 0.512782 -1
0.658758 0.256605 -1
0.667942 0.960917 -1
0.515242 0.961610 -1
0.973673 0.060467 -1
0.146524 0.939816 -1
0.533741 0.424997 -1
0.484353 0.261446 -1
0.564331 0.972354 -1
0.742165 0.933095 -1
0.099304 0.421748 -1
0.603509 0.775844 -1
0.446466 0.824172 -1
0.621384 0.781687 -1
0.703621 0.664842 -1
0.085198 0.910093 -1
0.911167 0.353381 -1
0.460549 0.860223 -1
0.173036 0.228139 -1
0.366278 0.177283 -1
0.354010 0.828460 -1
0.085437 0.245133 -1
0.650397 0.627750 -1
0.048525 0.093742 -1
0.931875 0.066240 -1
0.616436 0.549075 -1
0.652337 0.416951 -1
0.928620 0.200832 -1
0.430152 0.419660 -1
0.752417 0.693574 -1
0.433145 0.751161 -1
0.351889 0.033241 -1
0.244038 0.172511 -1
0.421513 0.422477 -1
0.319251 0.977820 -1
0.440066 0.305682 -1
0.869791 0.283840 -1
0.667898 0.817177 -1
0.849398 0.174759 -1
0.362540 0.233775 -1
0.184803 0.243901 -1
0.993064 0.107757 -1
0.953314 0.110548 -1
0.609467 0.358804 -1
0.823807 0.040568 -1
0.257936 0.026271 -1
0.618718 0.159434 -1
0.406210 0.841361 -1
0.383902 0.586955 -1
0.474560 0.096914 -1
0.522822 0.952545 -1
0.882075 0.882628 -1
0.082524 0.771438 -1
0.849869 0.096615 -1
0.874968 0.657727 -1
0.096338 0.438085 -1
0.601808 0.573600 -1
0.147177 0.728385 -1
0.020613 0.837111 -1
0.126712 0.549068 -1
0.585551 0.262886 -1
0.894264 0.820383 -1
0.779117 0.344756 -1
0.599930 0.678034 -1
0.604417 0.010266 -1
0.747066 0.601714 -1
0.185356 0.372859 -1
0.043220 0.663448 -1
0.353668 0.644057 -1
0.083099 0.716619 -1
0.780505 0.278424 -1
0.954609 0.587154 -1
0.357387 0.215833 -1
0.428824 0.599327 -1
0.142781 0.731283 -1
