-0.264041 0.727284 1
-0.502007 0.036342 1
-0.476711 0.217898 1
-0.441878 0.951683 1
-0.960545 0.153847 -1
-0.499082 0.993732 -1
-0.801964 0.319597 -1
-0.699659 0.618600 1
-0.476646 0.758148 1
-0.673887 0.723758 1
-0.152422 0.750857 1
-0.915078 0.157822 1
-0.670288 0.747789 1
-0.098495 0.560613 1
-0.888085 0.311737 1
-0.419811 0.209708 1
-0.653181 0.617946 1
-0.480636 0.294767 -1
-0.366989 0.405471 1
-0.867256 0.360587 1
-0.434406 0.779770 1
-0.300530 0.619586 1
-0.131595 0.445651 1
-0.492185 0.793637 1
-0.770164 0.483804 1
-0.583036 0.119654 1
-0.511320 0.888400 1
-0.146275 0.693469 -1
-0.597035 0.750627 1
-0.044669 0.011045 1
-0.488603 0.998527 -1
-0.921740 0.489513 1
-0.111208 0.083769 1
-0.148997 0.068391 1
-0.237812 0.786204 -1
-0.502061 0.928076 1
-0.573731 0.933814 1
-0.471705 0.262806 1
-0.503904 0.968958 1
-0.838302 0.550703 1
-0.203538 0.332820 1
-0.409135 0.846408 -1
-0.468842 0.476380 1
-0.373644 0.180192 1
-0.232417 0.453281 -1
-0.715441 0.761202 -1
-0.985057 0.330596 -1
-0.695920 0.732618 1
-0.257362 0.431148 -1
-0.424995 0.886113 1
-0.436280 0.816861 1
-0.175047 0.070500 -1
-0.951787 0.399933 1
-0.882879 0.559428 1
-0.929902 0.297245 -1
-0.642043 0.074727 1
-0.673532 0.601420 1
-0.551457 0.783338 1
-0.864243 0.842544 1
-0.864547 0.755190 1
-0.874422 0.681181 1
-0.732558 0.202699 1
-0.524255 0.720961 1
-0.635803 0.605966 1
-0.964212 0.781739 1
-0.619473 0.370883 1
-0.165743 0.178375 1
-0.601802 0.752298 1
-0.577635 0.967603 1
-0.807481 0.539990 1
-0.789333 0.916442 1
-0.016980 0.927481 1
-0.972700 0.572925 1
-0.445303 0.641244 1
-0.629576 0.724648 1
-0.433467 0.447555 1
-0.522568 0.337895 1
-0.186570 0.615764 1
-0.331824 0.328666 1
-0.823104 0.178129 -1
-0.436854 0.470381 1
-0.501880 0.814736 -1
-0.596436 0.060755 1
-0.458661 0.961150 1
-0.971617 0.532510 1
-0.880582 0.176968 1
-0.419152 0.748104 1
-0.189944 0.443145 -1
-0.275183 0.586790 1
-0.306987 0.462395 -1
-0.102729 0.499266 1
-0.817852 0.702631 1
-0.091113 0.585809 1
-0.824938 0.918407 1
-0.536319 0.043892 -1
-0.288971 0.639486 1
-0.891196 0.714523 1
-0.865883 0.371437 1
-0.479878 0.043461 1
-0.359240 0.732367 -1
-0.245698 0.245937 1
-0.107155 0.914788 1
-0.649259 0.795202 1
-0.401390 0.980391 1
-0.632952 0.037583 1
-0.691753 0.867105 1
-0.178795 0.032754 -1
-0.940666 0.244437 1
-0.914261 0.506904 1
-0.243278 0.674099 1
-0.261387 0.786370 1
-0.810297 0.532343 1
-0.811310 0.042354 -1
-0.875945 0.316780 -1
-0.032834 0.600300 -1
-0.302474 0.424875 1
-0.328995 0.806436 -1
-0.707195 0.204719 1
-0.098374 0.158260 1
-0.705624 0.076231 1
-0.860558 0.758779 1
-0.960764 0.735491 1
-0.481740 0.236982 1
-0.906362 0.238547 1
-0.263505 0.184766 1
-0.044534 0.433749 1
-0.890456 0.384350 -1
-0.340118 0.422269 -1
-0.327320 0.723172 1
-0.995919 0.249411 1
-0.341871 0.568966 1
-0.762839 0.005158 1
-0.177258 0.965702 1
-0.255136 0.461324 1
-0.565005 0.448560 1
-0.476195 0.743530 -1
-0.100505 0.625278 1
-0.993962 0.433241 1
-0.522464 0.257822 1
-0.318486 0.989087 1
-0.131326 0.843527 -1
-0.910874 0.964508 1
-0.070289 0.866132 1
-0.309298 0.112785 1
-0.049198 0.524368 1
-0.588019 0.312741 1
-0.256006 0.305024 1
-0.194433 0.710575 -1
-0.665081 0.322725 1
-0.804262 0.912678 1
-0.010218 0.779391 1
-0.692737 0.597561 -1
-0.556447 0.565725 1
-0.031490 0.044879 1
-0.205241 0.416774 -1
-0.443555 0.341824 1
-0.806334 0.920024 1
-0.660179 0.892655 1
-0.345996 0.551975 -1
-0.398673 0.848676 1
-0.231508 0.687245 1
-0.139624 0.088810 1
-0.548025 0.170154 1
-0.670235 0.487522 1
-0.684915 0.095323 1
-0.794902 0.056053 1
-0.885922 0.530210 1
-0.290270 0.823929 1
-0.098906 0.224473 1
-0.322675 0.046952 1
-0.278156 0.216253 1
-0.976955 0.580596 1
-0.849099 0.808043 1
-0.883525 0.759284 1
-0.469612 0.104083 1
-0.365323 0.007323 -1
-0.638708 0.375302 -1
-0.731013 0.681342 1
-0.248061 0.957832 1
-0.880318 0.510242 1
-0.417461 0.259563 1
-0.942879 0.954236 -1
-0.824374 0.515845 1
-0.382018 0.811384 1
-0.778868 0.294741 1
-0.486899 0.797867 1
-0.575055 0.534620 1
-0.971302 0.633401 1
-0.634178 0.919367 -1
-0.941908 0.864340 1
-0.371782 0.596777 1
-0.786624 0.268956 1
-0.838961 0.397155 -1
-0.312577 0.264349 1
-0.786153 0.811433 1
-0.811566 0.600777 1
-0.855487 0.289829 1
-0.966227 0.422998 1
-0.006202 0.626522 1
-0.106536 0.996607 1
-0.179248 0.670928 1
-0.347515 0.123099 1
-0.967828 0.986503 -1
-0.086767 0.720545 1
-0.300198 0.832885 1
-0.083148 0.314342 1
-0.113242 0.161757 1
-0.456018 0.471709 1
-0.445679 0.494547 -1
-0.433540 0.637467 1
-0.021027 0.869076 1
-0.485880 0.474331 1
-0.546805 0.480401 1
-0.946277 0.899836 -1
-0.398880 0.611373 1
-0.497446 0.884642 1
-0.641115 0.186790 1
-0.105819 0.206557 -1
-0.428003 0.523359 1
-0.252239 0.775992 1
-0.910439 0.571689 -1
-0.804115 0.024093 1
-0.520958 0.250877 1
-0.213164 0.452469 1
-0.683604 0.291891 1
-0.918808 0.618904 1
-0.498046 0.423707 1
-0.200799 0.248235 1
-0.016487 0.050626 1
-0.831912 0.355633 1
-0.987165 0.233593 1
-0.798650 0.813346 1
-0.504299 0.721536 1
-0.473723 0.276555 1
-0.528350 0.855919 1
-0.266422 0.808644 1
-0.387844 0.496498 1
-0.097908 0.437659 1
-0.289631 0.557404 1
-0.378163 0.735088 1
-0.952687 0.255311 -1
-0.637614 0.811858 1
-0.741175 0.540128 -1
-0.243519 0.177227 1
-0.440799 0.117693 -1
-0.554043 0.808764 1
-0.446616 0.613026 1
-0.429773 0.853098 1
-0.897321 0.463207 1
-0.610207 0.872273 1
0.007327 -0.117425 1
0.081538 -0.563731 -1
0.245870 -0.875148 1
0.840599 -0.452784 1
0.724907 -0.071304 -1
0.124802 -0.046937 1
0.835896 -0.137852 1
0.733076 -0.080394 1
0.986228 -0.321990 1
0.165719 -0.477842 1
0.468351 -0.952134 1
0.582593 -0.528685 1
0.901095 -0.136176 1
0.784961 -0.631065 -1
0.261843 -0.356606 -1
0.928632 -0.402952 1
0.753806 -0.800702 1
0.255014 -0.581766 1
0.646453 -0.572359 1
0.465325 -0.021034 1
0.461873 -0.289199 1
0.984933 -0.716826 1
0.097763 -0.256719 -1
0.116419 -0.718754 1
0.688274 -0.527192 1
0.468578 -0.584267 1
0.355322 -0.132688 -1
0.094183 -0.342683 1
0.114592 -0.169828 1
0.697309 -0.455196 1
0.535367 -0.651391 1
0.092042 -0.923756 1
0.713421 -0.773729 1
0.364566 -0.599991 -1
0.623062 -0.023319 1
0.346358 -0.901676 -1
0.065688 -0.700238 -1
0.583533 -0.415804 1
0.342793 -0.102644 1
0.808521 -0.551346 1
0.730859 -0.052675 1
0.042477 -0.291031 1
0.131971 -0.438926 -1
0.989504 -0.747107 -1
0.222388 -0.085891 1
0.115434 -0.102794 1
0.318633 -0.665386 1
0.813580 -0.763210 1
0.010059 -0.163147 1
0.365477 -0.047488 1
0.409659 -0.825381 1
0.978585 -0.156401 1
0.321398 -0.898239 1
0.722371 -0.142181 1
0.015837 -0.646596 -1
0.607190 -0.916246 1
0.299430 -0.791359 1
0.746061 -0.434691 1
0.357064 -0.556798 1
0.065775 -0.583387 -1
0.210327 -0.687077 1
0.340587 -0.137086 -1
0.660937 -0.036699 1
0.961635 -0.328926 1
0.221372 -0.364446 1
0.165135 -0.944944 1
0.604015 -0.999193 1
0.513263 -0.215730 1
0.129614 -0.336327 1
0.849635 -0.424329 -1
0.277619 -0.204334 1
0.426953 -0.495043 1
0.042357 -0.093715 1
0.195572 -0.973444 1
0.258530 -0.718961 1
0.775102 -0.990807 1
0.278620 -0.277564 1
0.359520 -0.184455 1
0.750443 -0.578191 1
0.985523 -0.030573 1
0.569267 -0.132015 1
0.264201 -0.888070 1
0.420620 -0.073173 1
0.426205 -0.435161 1
0.493158 -0.007969 1
0.263884 -0.838396 1
0.720809 -0.553509 1
0.577034 -0.705164 1
0.129503 -0.333404 1
0.467646 -0.939609 1
0.323076 -0.287747 1
0.771790 -0.843758 1
0.688380 -0.914016 -1
0.268501 -0.353297 1
0.421716 -0.943445 1
0.769000 -0.384779 1
0.895820 -0.496116 1
0.416586 -0.925503 1
0.553520 -0.996550 1
0.876970 -0.160489 1
0.234627 -0.996208 -1
0.311466 -0.620459 1
0.354609 -0.501634 1
0.931724 -0.447243 -1
0.136389 -0.510040 1
0.606819 -0.160664 -1
0.862957 -0.849050 1
0.977090 -0.043110 -1
0.374974 -0.960825 -1
0.232556 -0.688625 1
0.408697 -0.016840 -1
0.871093 -0.752845 1
0.502414 -0.368278 1
0.915060 -0.902919 -1
0.095151 -0.279288 1
0.353778 -0.374203 -1
0.848750 -0.092043 1
0.421267 -0.135739 1
0.563035 -0.724712 1
0.323304 -0.822071 1
0.283151 -0.076116 1
0.215136 -0.511968 1
0.931306 -0.894486 1
0.376527 -0.649378 -1
0.277077 -0.254753 1
0.177638 -0.736432 1
0.398632 -0.600242 1
0.281240 -0.152482 -1
0.172442 -0.476973 1
0.302446 -0.764096 1
0.455000 -0.586633 1
0.508105 -0.325902 1
0.347698 -0.839561 1
0.869575 -0.844498 1
0.513485 -0.978131 -1
0.773159 -0.113365 -1
0.333837 -0.899542 1
0.021082 -0.944703 1
0.316607 -0.963283 1
0.393677 -0.769310 1
0.610694 -0.541530 1
0.770357 -0.572786 1
0.023133 -0.841794 1
0.958528 -0.854236 1
0.351430 -0.870442 1
0.760505 -0.966761 1
0.736627 -0.968767 1
0.661627 -0.810339 1
0.607754 -0.415842 1
0.663380 -0.534232 1
0.333813 -0.730763 -1
0.651741 -0.787004 -1
0.781849 -0.442637 1
0.584582 -0.947060 1
0.912959 -0.839811 1
0.018347 -0.800271 1
0.734845 -0.544881 -1
0.543715 -0.861788 1
0.887730 -0.231810 -1
0.802531 -0.958594 1
0.646308 -0.137660 -1
0.936858 -0.490783 1
0.729009 -0.200697 1
0.255253 -0.491493 1
0.461771 -0.411777 -1
0.918191 -0.338564 1
0.011166 -0.518153 -1
0.407698 -0.453617 1
0.099480 -0.870119 1
0.392392 -0.094780 1
0.287346 -0.946084 1
0.122546 -0.285385 1
0.244019 -0.805708 1
0.840605 -0.661199 -1
0.798681 -0.393683 1
0.622710 -0.540803 1
0.890749 -0.279671 1
0.325780 -0.214881 1
0.316621 -0.738676 1
0.788033 -0.226523 1
0.431037 -0.266477 -1
0.555803 -0.159282 1
0.139147 -0.944914 -1
0.484389 -0.848236 1
0.679638 -0.040529 -1
0.979481 -0.120359 1
0.225491 -0.272303 1
0.254184 -0.158399 1
0.639023 -0.017282 1
0.948043 -0.091061 1
0.539559 -0.600883 1
0.846757 -0.541069 1
0.444334 -0.523623 -1
0.854952 -0.582689 1
0.772140 -0.936374 1
0.120468 -0.467977 -1
0.539142 -0.982142 1
0.944459 -0.457388 1
0.813964 -0.105619 1
0.456932 -0.770302 1
0.501466 -0.775016 1
0.906515 -0.112876 1
0.172703 -0.137506 -1
0.841768 -0.041664 -1
0.651348 -0.326944 -1
0.605846 -0.215575 1
0.159990 -0.294878 -1
0.833603 -0.487217 1
0.257938 -0.606230 -1
0.821051 -0.483733 1
0.529616 -0.583595 -1
0.568488 -0.827984 1
0.076001 -0.417724 1
0.421851 -0.222222 1
0.991486 -0.621628 1
0.510305 -0.881868 1
0.596693 -0.169067 1
0.912139 -0.103566 1
0.118563 -0.254223 1
0.248356 -0.003070 1
0.121442 -0.826615 1
0.977797 -0.676816 1
0.360482 -0.992427 1
0.361156 -0.768967 1
0.660749 -0.124834 -1
0.215063 -0.511192 -1
0.568023 -0.455546 -1
0.894505 -0.675388 1
0.361802 -0.514455 1
0.601316 -0.806031 -1
0.377658 -0.162672 1
0.485530 -0.859712 1
0.834805 -0.095653 1
0.499735 -0.876984 -1
0.780582 -0.141038 1
0.737261 -0.099548 1
0.709675 -0.655929 1
0.499270 -0.320620 1
0.752044 -0.697371 1
0.671863 -0.214207 1
0.671604 -0.673534 1
0.542290 -0.114230 1
0.861888 -0.013770 -1
0.340113 -0.764738 1
0.338240 -0.064230 1
0.911612 -0.697256 -1
0.802100 -0.049415 1
0.517913 -0.900619 1
0.446095 -0.872180 1
0.667389 -0.581063 1
-0.905405 -0.960489 -1
-0.651595 -0.195770 -1
-0.121833 -0.133578 -1
-0.973793 -0.276056 -1
-0.269822 -0.196590 1
-0.294652 -0.074038 1
-0.021430 -0.162074 -1
-0.516850 -0.362059 -1
-0.420936 -0.240193 -1
-0.082713 -0.017487 -1
-0.326009 -0.842247 -1
-0.320611 -0.331855 -1
-0.447505 -0.699060 -1
-0.847996 -0.495910 -1
-0.357536 -0.644983 -1
-0.433273 -0.147911 -1
-0.327572 -0.898557 -1
-0.070928 -0.723242 -1
-0.553344 -0.658057 1
-0.976724 -0.926296 -1
-0.153370 -0.739315 -1
-0.288238 -0.103105 1
-0.265933 -0.480357 -1
-0.909021 -0.444721 -1
-0.738187 -0.445710 1
-0.765992 -0.731878 -1
-0.156898 -0.005898 -1
-0.058272 -0.338599 -1
-0.117403 -0.334658 1
-0.404002 -0.048822 -1
-0.938857 -0.410949 1
-0.383303 -0.033017 1
-0.665732 -0.952285 1
-0.581379 -0.665484 -1
-0.683670 -0.638960 -1
-0.889772 -0.154016 -1
-0.487686 -0.835758 -1
-0.029102 -0.566732 -1
-0.847259 -0.749396 1
-0.838179 -0.481742 -1
-0.191354 -0.184143 -1
-0.526520 -0.219972 1
-0.844075 -0.692636 -1
-0.529943 -0.775392 1
-0.132644 -0.299324 1
-0.619706 -0.290950 -1
-0.657925 -0.997003 -1
-0.348582 -0.433152 -1
-0.380877 -0.402144 1
-0.090547 -0.051244 1
-0.093716 -0.434957 -1
-0.819017 -0.028686 1
-0.538273 -0.443760 -1
-0.827221 -0.696942 -1
-0.470316 -0.207804 -1
-0.305488 -0.819333 -1
-0.546905 -0.756077 1
-0.362281 -0.946255 -1
-0.764071 -0.200935 -1
-0.637161 -0.455410 -1
-0.853881 -0.348595 -1
-0.240428 -0.275809 -1
-0.982676 -0.119752 -1
-0.752070 -0.504871 1
-0.636830 -0.412979 -1
-0.394582 -0.885658 -1
-0.935804 -0.836029 -1
-0.770416 -0.013651 -1
-0.496288 -0.796989 -1
-0.249764 -0.319265 1
-0.685782 -0.407041 -1
-0.006608 -0.719299 -1
-0.466103 -0.787594 -1
-0.214448 -0.633495 -1
-0.001758 -0.903995 -1
-0.593605 -0.085542 -1
-0.026183 -0.888191 1
-0.136716 -0.903743 -1
-0.981240 -0.309648 1
-0.774367 -0.852854 1
-0.678703 -0.525453 -1
-0.344584 -0.705680 -1
-0.523501 -0.453015 -1
-0.837966 -0.170450 -1
-0.096148 -0.255988 -1
-0.529469 -0.085474 -1
-0.957829 -0.257519 -1
-0.660559 -0.057118 -1
-0.611280 -0.028744 1
-0.177672 -0.119459 -1
-0.901726 -0.536844 -1
-0.342168 -0.386125 -1
-0.050320 -0.639173 -1
-0.927268 -0.568106 -1
-0.133060 -0.686898 -1
-0.035744 -0.658482 -1
-0.342471 -0.824660 -1
-0.417124 -0.020718 1
-0.220456 -0.696967 1
-0.210677 -0.442673 1
-0.083667 -0.052515 -1
-0.041149 -0.629008 -1
-0.695236 -0.039156 -1
-0.157570 -0.897690 -1
-0.580688 -0.635876 1
-0.512199 -0.000600 -1
-0.644369 -0.643691 -1
-0.271597 -0.297331 -1
-0.910537 -0.493835 -1
-0.289681 -0.994532 -1
-0.496768 -0.939070 1
-0.862046 -0.744514 1
-0.090539 -0.959488 -1
-0.196862 -0.143411 -1
-0.067177 -0.661642 -1
-0.376339 -0.564041 -1
-0.530422 -0.139295 -1
-0.394811 -0.743482 -1
-0.908168 -0.712883 -1
-0.391600 -0.813389 -1
-0.693181 -0.110892 -1
-0.705909 -0.258053 -1
-0.403722 -0.173660 -1
-0.210230 -0.236868 -1
-0.055971 -0.591855 -1
-0.299011 -0.950510 -1
-0.364867 -0.471592 -1
-0.496129 -0.069642 -1
-0.728421 -0.807059 -1
-0.073019 -0.601906 -1
-0.457189 -0.249597 -1
-0.388850 -0.975540 -1
-0.886492 -0.056440 -1
-0.840311 -0.874208 1
-0.644224 -0.074108 -1
-0.085216 -0.684929 1
-0.621025 -0.736929 -1
-0.256595 -0.106687 -1
-0.229944 -0.629600 -1
-0.689541 -0.815796 -1
-0.315056 -0.372805 -1
-0.104485 -0.912683 -1
-0.621682 -0.304352 1
-0.883120 -0.712384 1
-0.082464 -0.841500 1
-0.090654 -0.138039 1
-0.078037 -0.594828 -1
-0.620006 -0.723144 -1
-0.017735 -0.407603 -1
-0.553316 -0.912132 -1
-0.961392 -0.601429 1
-0.839060 -0.211348 -1
-0.983638 -0.508841 -1
-0.428836 -0.554708 -1
-0.045761 -0.331356 -1
-0.052755 -0.173051 -1
-0.137908 -0.639144 -1
-0.138141 -0.779361 -1
-0.358448 -0.777051 -1
-0.291927 -0.920438 -1
-0.547951 -0.016256 -1
-0.259051 -0.061777 -1
-0.982078 -0.191300 1
-0.699923 -0.763159 -1
-0.735394 -0.457944 -1
-0.455833 -0.433794 1
-0.767959 -0.804519 1
-0.708789 -0.985388 -1
-0.578504 -0.596097 -1
-0.903478 -0.613397 -1
-0.145589 -0.609901 -1
-0.961631 -0.401624 1
-0.873044 -0.287113 1
-0.309425 -0.445562 -1
-0.109620 -0.032155 -1
-0.135246 -0.509887 -1
-0.705707 -0.204234 -1
-0.234844 -0.459084 1
-0.295967 -0.832478 1
-0.782389 -0.615532 -1
-0.584215 -0.589522 1
-0.541031 -0.697035 1
-0.707660 -0.432423 1
-0.445588 -0.084038 -1
-0.783083 -0.039644 -1
-0.434217 -0.783520 -1
-0.041699 -0.069670 -1
-0.511978 -0.986112 -1
-0.289813 -0.191839 -1
-0.139088 -0.228496 -1
-0.938296 -0.785285 -1
-0.669848 -0.660865 1
-0.007534 -0.741121 -1
-0.742825 -0.891277 -1
-0.736143 -0.232470 -1
-0.904090 -0.899084 -1
-0.328943 -0.473500 -1
-0.716066 -0.948944 -1
-0.173530 -0.942038 -1
-0.119219 -0.689499 -1
-0.671447 -0.624081 -1
-0.472580 -0.570910 1
-0.943987 -0.347864 1
-0.623623 -0.838592 1
-0.900265 -0.920806 1
-0.279794 -0.948476 -1
-0.687187 -0.680344 1
-0.398587 -0.380955 -1
-0.441610 -0.355165 -1
-0.582510 -0.179150 -1
-0.491165 -0.249082 -1
-0.562472 -0.151299 -1
-0.403616 -0.828253 -1
-0.952754 -0.581886 1
-0.926397 -0.637202 1
-0.706801 -0.619531 -1
-0.182276 -0.823925 1
-0.452365 -0.833212 -1
-0.411955 -0.044865 1
-0.424399 -0.970076 -1
-0.469252 -0.265635 -1
-0.244681 -0.615071 1
-0.812342 -0.347346 -1
-0.528037 -0.260579 1
-0.500991 -0.530957 1
-0.031058 -0.195443 -1
-0.941792 -0.669120 -1
-0.091292 -0.013375 -1
-0.671742 -0.884943 -1
-0.415849 -0.073996 -1
-0.479775 -0.328645 -1
-0.514427 -0.951346 -1
-0.351378 -0.751509 -1
-0.628060 -0.685401 1
-0.464762 -0.145962 -1
-0.306724 -0.761344 -1
-0.328071 -0.222606 -1
-0.443626 -0.188275 1
-0.238770 -0.383123 -1
-0.912848 -0.582314 -1
-0.715244 -0.472692 -1
-0.061146 -0.167382 -1
-0.643967 -0.595373 -1
-0.206792 -0.552502 -1
-0.736934 -0.512584 -1
-0.679179 -0.899318 -1
-0.397470 -0.295359 1
-0.596649 -0.881248 -1
-0.883804 -0.667444 -1
-0.593390 -0.579655 1
0.211638 0.899829 1
0.885396 0.776766 -1
0.060860 0.079855 -1
0.006037 0.256234 -1
0.019133 0.274963 -1
0.898114 0.569810 -1
0.693489 0.826733 -1
0.331433 0.912523 -1
0.085005 0.978700 -1
0.051896 0.278199 -1
0.675333 0.816552 1
0.057589 0.236641 -1
0.996536 0.699934 -1
0.684228 0.318351 1
0.802407 0.304990 -1
0.059017 0.572366 -1
0.115691 0.665053 1
0.590157 0.338244 -1
0.626897 0.224318 -1
0.090003 0.255905 -1
0.758928 0.084115 -1
0.759030 0.047823 -1
0.257003 0.134020 -1
0.910337 0.497393 -1
0.733581 0.905795 -1
0.618541 0.740882 -1
0.316753 0.840362 -1
0.404033 0.264346 -1
0.774806 0.012894 -1
0.847898 0.787833 1
0.064616 0.132847 -1
0.443050 0.576926 -1
0.141151 0.299534 -1
0.875247 0.596385 1
0.900462 0.630797 -1
0.213921 0.378533 -1
0.741048 0.714324 -1
0.752288 0.528955 -1
0.095447 0.774496 -1
0.464720 0.105577 -1
0.747826 0.166363 -1
0.205258 0.938825 -1
0.264494 0.241349 -1
0.533316 0.391695 -1
0.569599 0.617549 1
0.817632 0.674449 -1
0.152585 0.626113 -1
0.644339 0.595670 -1
0.462670 0.063034 -1
0.130931 0.212503 -1
0.499110 0.246282 -1
0.567735 0.750404 -1
0.549506 0.072875 -1
0.154024 0.822878 -1
0.399166 0.105139 -1
0.884904 0.200963 -1
0.055592 0.426442 -1
0.820031 0.278870 -1
0.539384 0.528854 -1
0.614838 0.256423 1
0.651406 0.801000 -1
0.501494 0.932174 -1
0.030332 0.107283 -1
0.334604 0.221357 1
0.305083 0.875003 -1
0.105562 0.334555 -1
0.173114 0.194231 -1
0.102481 0.142518 -1
0.629587 0.241341 -1
0.913600 0.090187 -1
0.324135 0.028410 -1
0.542964 0.919969 -1
0.703283 0.846236 1
0.674369 0.379764 -1
0.651885 0.450061 1
0.871197 0.798586 -1
0.552788 0.515372 -1
0.149968 0.704774 -1
0.766915 0.071288 1
0.866861 0.480184 -1
0.696244 0.501792 -1
0.844515 0.787351 -1
0.938317 0.359533 -1
0.730918 0.710300 -1
0.874855 0.862500 -1
0.277890 0.920182 -1
0.157306 0.185695 1
0.944517 0.831389 -1
0.940219 0.382479 -1
0.863788 0.925822 -1
0.118322 0.319507 -1
0.038150 0.886009 -1
0.131042 0.042311 -1
0.306569 0.334889 -1
0.421048 0.123368 1
0.126177 0.001311 -1
0.282875 0.180517 -1
0.343086 0.405240 -1
0.553541 0.433167 -1
0.156766 0.342578 -1
0.357718 0.636887 -1
0.145084 0.710534 -1
0.355608 0.586416 -1
0.141496 0.726100 -1
0.582503 0.524142 -1
0.741578 0.053403 -1
0.242264 0.155722 -1
0.012281 0.042840 -1
0.312623 0.783085 -1
0.860375 0.561646 -1
0.050913 0.529399 1
0.818459 0.066294 -1
0.138651 0.637340 -1
0.272999 0.872891 -1
0.755813 0.885959 -1
0.153878 0.434038 -1
0.482076 0.361175 -1
0.600834 0.594129 -1
0.058535 0.402397 -1
0.649803 0.568764 -1
0.562496 0.863933 -1
0.109172 0.818585 -1
0.121336 0.810020 -1
0.086330 0.669428 -1
0.574732 0.769162 -1
0.099205 0.343223 -1
0.263025 0.210886 -1
0.777718 0.948488 -1
0.631560 0.113799 -1
0.462234 0.197558 -1
0.648654 0.394184 1
0.180348 0.590214 -1
0.451738 0.840197 -1
0.915310 0.588629 1
0.441709 0.865979 -1
0.028015 0.659432 -1
0.545212 0.321625 -1
0.931779 0.669318 -1
0.095140 0.980081 -1
0.057969 0.881886 -1
0.597508 0.596437 -1
0.216898 0.100879 -1
0.994252 0.932747 -1
0.002109 0.433982 -1
0.385371 0.031484 1
0.123220 0.724692 -1
0.473876 0.455405 -1
0.326573 0.797609 -1
0.297790 0.544364 -1
0.313963 0.392393 -1
0.934348 0.256630 -1
0.140429 0.270500 -1
0.753612 0.306237 -1
0.872395 0.327154 -1
0.437691 0.377268 1
0.085919 0.220479 -1
0.084848 0.381191 -1
0.467432 0.903990 -1
0.174020 0.707172 -1
0.166422 0.636442 1
0.623589 0.115588 -1
0.331701 0.158239 -1
0.824515 0.238640 -1
0.844968 0.365523 -1
0.572046 0.143230 -1
0.796157 0.714884 1
0.015103 0.030398 1
0.527697 0.786115 -1
0.190113 0.395381 -1
0.194912 0.670645 -1
0.357489 0.482473 -1
0.033262 0.638210 1
0.994282 0.508055 1
0.410851 0.426472 -1
0.777290 0.650747 1
0.626943 0.872974 -1
0.945209 0.372715 -1
0.964308 0.248401 -1
0.951944 0.102495 -1
0.437569 0.574470 -1
0.859082 0.834101 -1
0.867374 0.453160 -1
0.436976 0.409168 1
0.465438 0.861788 -1
0.556131 0.652197 -1
0.627842 0.483569 -1
0.294656 0.942952 -1
0.512563 0.631344 -1
0.276286 0.585748 -1
0.564007 0.892645 -1
0.167741 0.101053 -1
0.285855 0.000655 -1
0.547715 0.877013 -1
0.158165 0.301258 -1
0.210872 0.588016 -1
0.647139 0.105162 -1
0.065965 0.205548 -1
0.592581 0.632722 -1
0.467050 0.432810 -1
0.018221 0.798329 -1
0.128316 0.185878 1
0.962445 0.479443 -1
0.549937 0.796833 1
0.806787 0.136732 1
0.151303 0.047221 -1
0.672118 0.017226 -1
0.285007 0.226236 -1
0.071696 0.607447 -1
0.248206 0.803176 -1
0.824926 0.854507 -1
0.931412 0.171249 -1
0.496482 0.771235 -1
0.026983 0.172972 1
0.566533 0.920453 -1
0.450430 0.259613 -1
0.001649 0.488327 1
0.365739 0.081971 -1
0.699700 0.953617 -1
0.880687 0.691415 1
0.478495 0.839960 -1
0.907589 0.711033 -1
0.835234 0.169774 -1
0.132672 0.602788 -1
0.863390 0.790481 -1
0.056097 0.748834 -1
0.750218 0.964830 -1
0.592361 0.586496 -1
0.116217 0.193378 1
0.574522 0.141099 1
0.030963 0.913490 -1
0.984600 0.308269 -1
0.482680 0.615470 -1
0.280631 0.359840 -1
0.311995 0.047967 -1
0.005397 0.776197 1
0.777740 0.995022 -1
0.903586 0.459540 -1
0.267820 0.528695 -1
0.321792 0.820991 -1
0.043179 0.993401 1
0.726764 0.596587 -1
0.839765 0.910339 -1
0.666897 0.390666 1
0.026371 0.339757 -1
0.513975 0.562759 -1
0.921069 0.103788 -1
0.457736 0.711191 -1
0.063244 0.253504 -1
0.000406 0.692322 -1
0.997693 0.028227 -1
