-0.288683 0.777874 1
-0.082828 0.900698 1
-0.788379 0.292508 1
-0.568194 0.915968 1
-0.818992 0.540701 1
-0.123121 0.159876 1
-0.770516 0.200712 1
-0.091797 0.940975 -1
-0.427678 0.392274 1
-0.286014 0.389786 1
-0.982958 0.071308 1
-0.552290 0.337667 1
-0.480121 0.355023 1
-0.342545 0.871561 -1
-0.417130 0.012832 1
-0.454749 0.639359 -1
-0.119756 0.898182 1
-0.371814 0.177402 1
-0.582607 0.371307 -1
-0.239152 0.464719 1
-0.227924 0.932804 1
-0.975554 0.721149 -1
-0.125487 0.997123 1
-0.730648 0.337370 1
-0.542811 0.394516 1
0.850950 -0.897300 1
0.155647 -0.803132 1
0.960362 -0.033983 1
0.238282 -0.362426 1
0.751658 -0.899529 1
0.635790 -0.284723 1
0.018089 -0.804096 1
0.605585 -0.853130 1
0.347148 -0.983582 1
0.161559 -0.358845 1
0.523381 -0.393045 1
0.314229 -0.059950 1
0.261069 -0.139114 -1
0.759972 -0.623058 1
0.528091 -0.912030 1
0.798173 -0.185804 1
0.325930 -0.724597 1
0.576765 -0.465156 1
0.770069 -0.540541 1
0.029506 -0.555225 1
0.053454 -0.057026 1
0.926178 -0.588920 1
0.975560 -0.359916 -1
0.178035 -0.022437 -1
0.499242 -0.146498 -1
-0.914617 -0.728932 -1
-0.531182 -0.404067 1
-0.241582 -0.828166 -1
-0.900580 -0.510818 1
-0.901973 -0.076742 -1
-0.878975 -0.517868 -1
-0.360321 -0.482460 -1
-0.199044 -0.658095 -1
-0.124016 -0.485230 -1
-0.143529 -0.947807 -1
-0.286387 -0.668398 -1
-0.732031 -0.118157 1
-0.972246 -0.871839 -1
-0.931450 -0.631738 1
-0.722091 -0.146948 -1
-0.994417 -0.273726 -1
-0.383995 -0.580658 1
-0.218741 -0.698195 -1
-0.590330 -0.720210 -1
-0.768396 -0.283108 1
-0.726683 -0.334426 -1
-0.763110 -0.881391 -1
-0.828347 -0.078384 -1
-0.853658 -0.586744 -1
-0.996345 -0.652890 -1
0.234865 0.542676 1
0.024514 0.229234 -1
0.779959 0.218282 -1
0.153869 0.086130 -1
0.575897 0.701193 -1
0.974854 0.290459 -1
0.429628 0.980271 -1
0.735502 0.022383 -1
0.647962 0.821746 -1
0.164979 0.880231 1
0.727498 0.586080 -1
0.200390 0.698269 1
0.574134 0.907170 -1
0.372124 0.969646 -1
0.568465 0.046621 1
0.462135 0.361405 -1
0.686648 0.481857 -1
0.986924 0.245556 -1
0.131187 0.848904 -1
0.820864 0.316595 -1
0.575505 0.882938 -1
0.857560 0.046251 -1
0.240031 0.540535 -1
0.476250 0.571530 1
0.135516 0.126674 -1
