-0.653792 0.144177 1
-0.737961 0.320666 -1
-0.868147 0.676621 -1
-0.371591 0.118612 1
-0.581695 0.180481 1
-0.918888 0.315150 -1
-0.823937 0.295931 1
-0.843110 0.981775 -1
-0.805236 0.212921 -1
-0.634177 0.200984 -1
-0.490925 0.231045 -1
-0.078124 0.583299 1
-0.938074 0.455255 1
-0.168074 0.343833 1
-0.096150 0.224979 -1
-0.412153 0.851855 1
-0.849512 0.857180 1
-0.234020 0.888860 1
-0.273114 0.882801 1
-0.182874 0.351404 -1
-0.072373 0.459375 1
-0.485435 0.249762 -1
-0.242603 0.789227 -1
-0.184767 0.800786 -1
-0.562419 0.963956 1
0.386791 -0.449785 -1
0.657132 -0.582339 1
0.557799 -0.324663 1
0.007707 -0.261135 1
0.215673 -0.248728 -1
0.746686 -0.656252 1
0.134794 -0.681526 1
0.367924 -0.362257 1
0.702414 -0.984721 1
0.044607 -0.345850 1
0.071432 -0.215096 1
0.585957 -0.043815 1
0.759956 -0.654259 -1
0.765947 -0.797433 1
0.032632 -0.526215 1
0.833046 -0.194300 -1
0.612627 -0.088679 1
0.782656 -0.774984 1
0.831291 -0.958275 -1
0.421874 -0.046849 -1
0.595223 -0.633247 -1
0.453272 -0.697542 -1
0.399919 -0.945081 -1
0.031768 -0.086721 -1
0.045578 -0.952292 1
-0.727789 -0.320020 1
-0.545162 -0.843941 1
-0.693680 -0.354575 -1
-0.610782 -0.212097 -1
-0.224641 -0.035331 -1
-0.690364 -0.738031 -1
-0.589361 -0.469836 -1
-0.071493 -0.544595 -1
-0.426514 -0.553532 1
-0.860986 -0.371315 1
-0.872086 -0.262334 -1
-0.233200 -0.184327 -1
-0.839916 -0.516641 -1
-0.065293 -0.314241 1
-0.864714 -0.844856 -1
-0.706346 -0.800942 -1
-0.331448 -0.978301 1
-0.591383 -0.882023 1
-0.551789 -0.915418 -1
-0.594370 -0.399713 -1
-0.215656 -0.142819 -1
-0.757037 -0.057617 -1
-0.129723 -0.837379 1
-0.211819 -0.149867 -1
-0.660789 -0.755537 -1
0.871080 0.497505 1
0.729688 0.140597 -1
0.318084 0.953633 1
0.121989 0.663651 1
0.717906 0.309403 -1
0.219696 0.794839 1
0.939929 0.895366 -1
0.441849 0.800464 -1
0.357730 0.631365 1
0.604952 0.670123 -1
0.332821 0.503164 -1
0.108892 0.441595 1
0.920230 0.815284 -1
0.421306 0.566662 -1
0.249447 0.594162 1
0.278456 0.622914 -1
0.479320 0.711061 -1
0.191803 0.838280 1
0.441135 0.524688 -1
0.786253 0.790640 -1
0.895015 0.718251 1
0.585158 0.771486 -1
0.385095 0.733034 -1
0.602463 0.844571 1
0.151951 0.264714 -1
