-0.313696 0.291016 1
-0.904593 0.594871 1
-0.083172 0.138634 1
-0.388586 0.183201 1
-0.491124 0.651835 1
-0.629067 0.814199 1
-0.588744 0.782090 -1
-0.147293 0.158595 1
-0.885447 0.923383 -1
-0.730375 0.807304 1
-0.914462 0.808162 1
-0.129501 0.692112 1
-0.818733 0.738887 -1
-0.359293 0.686260 -1
-0.158146 0.143983 -1
-0.351176 0.812357 -1
-0.116588 0.763832 1
-0.697589 0.808890 -1
-0.960641 0.936308 1
-0.865854 0.484499 1
-0.523317 0.371466 1
-0.938337 0.863466 1
-0.354228 0.823839 1
-0.746832 0.993207 1
-0.073047 0.262875 1
0.127026 -0.706259 1
0.923547 -0.457710 1
0.392241 -0.847261 -1
0.033079 -0.327950 1
0.269867 -0.842106 1
0.400610 -0.427741 -1
0.348077 -0.802479 1
0.265996 -0.380647 1
0.293790 -0.617458 1
0.344414 -0.989208 -1
0.160488 -0.595681 1
0.554774 -0.560088 1
0.628398 -0.113433 -1
0.965291 -0.015864 1
0.407444 -0.542792 1
0.186279 -0.166181 1
0.520801 -0.117713 1
0.084374 -0.557884 1
0.387325 -0.159221 -1
0.940569 -0.972363 1
0.031378 -0.189112 -1
0.306533 -0.530247 1
0.573527 -0.717497 1
0.134679 -0.081476 1
0.710857 -0.954810 1
-0.564935 -0.022288 -1
-0.770392 -0.602133 -1
-0.035062 -0.804752 -1
-0.972599 -0.571831 -1
-0.018881 -0.870366 -1
-0.155064 -0.898456 -1
-0.303766 -0.338118 -1
-0.075069 -0.684539 -1
-0.622232 -0.738585 -1
-0.233900 -0.144088 -1
-0.737908 -0.854502 -1
-0.436695 -0.409511 -1
-0.474104 -0.051359 1
-0.738243 -0.897861 1
-0.475524 -0.075068 -1
-0.916561 -0.076070 -1
-0.140614 -0.315678 -1
-0.985259 -0.109783 -1
-0.623268 -0.933258 -1
-0.475128 -0.767987 -1
-0.832646 -0.470791 -1
-0.247524 -0.517948 -1
-0.070977 -0.353892 -1
-0.978189 -0.865172 -1
-0.241204 -0.502214 -1
0.968336 0.688913 -1
0.622729 0.404648 -1
0.875395 0.365121 -1
0.578208 0.429896 -1
0.520373 0.840978 -1
0.838305 0.031321 -1
0.025040 0.310616 -1
0.341483 0.976088 -1
0.298928 0.186608 1
0.390762 0.748458 -1
0.750875 0.907307 -1
0.074990 0.277036 -1
0.535618 0.040952 -1
0.106157 0.390243 1
0.832529 0.540035 -1
0.981685 0.605319 -1
0.815595 0.275096 1
0.835207 0.040739 -1
0.276600 0.381581 1
0.442137 0.358554 1
0.890267 0.590454 -1
0.776906 0.333034 -1
0.436615 0.420058 -1
0.899581 0.967544 -1
0.101718 0.430698 -1
