-0.924217 0.274760 1
-0.374326 0.094995 -1
-0.106538 0.083546 1
-0.272769 0.232120 1
-0.693126 0.276950 1
-0.587132 0.930035 1
-0.474316 0.131968 -1
-0.333669 0.976093 -1
-0.845013 0.098018 1
-0.756917 0.971224 -1
-0.519999 0.750616 1
-0.004336 0.777533 1
-0.327586 0.999088 -1
-0.569754 0.928991 1
-0.375262 0.193552 1
-0.109998 0.290819 1
-0.279091 0.740489 1
-0.822767 0.010180 1
-0.980360 0.842615 1
-0.919395 0.876047 1
-0.142666 0.821763 -1
-0.097745 0.781669 -1
-0.301993 0.023984 1
-0.997952 0.926676 1
-0.629994 0.971213 1
0.261267 -0.907952 1
0.994298 -0.343585 1
0.149782 -0.187318 -1
0.745122 -0.097538 1
0.978113 -0.009543 1
0.337049 -0.974742 1
0.776641 -0.421603 1
0.228322 -0.463105 1
0.587964 -0.401113 -1
0.737440 -0.450658 -1
0.132475 -0.387099 1
0.177761 -0.932379 -1
0.912306 -0.938498 -1
0.467762 -0.495163 -1
0.555001 -0.896419 1
0.440790 -0.113678 1
0.849676 -0.831171 1
0.944621 -0.622045 1
0.959602 -0.680017 1
0.992948 -0.520040 -1
0.112546 -0.398096 1
0.879113 -0.266912 -1
0.280251 -0.036528 1
0.389498 -0.103810 1
0.577688 -0.092358 1
-0.439933 -0.859365 1
-0.615139 -0.278507 1
-0.630952 -0.045883 -1
-0.367173 -0.262178 -1
-0.438764 -0.796844 1
-0.687608 -0.614574 -1
-0.088540 -0.522870 1
-0.083525 -0.370620 -1
-0.859641 -0.420993 -1
-0.620008 -0.267669 -1
-0.239860 -0.907492 1
-0.949502 -0.749989 -1
-0.094148 -0.682052 -1
-0.249879 -0.615458 -1
-0.946966 -0.593603 1
-0.692912 -0.418003 1
-0.271799 -0.253317 -1
-0.845164 -0.926661 1
-0.251518 -0.383607 -1
-0.721417 -0.910125 1
-0.056325 -0.526923 1
-0.634848 -0.626574 -1
-0.129217 -0.202249 -1
-0.244142 -0.859902 -1
-0.432172 -0.125649 1
0.773739 0.275577 -1
0.026748 0.667234 -1
0.408057 0.586540 -1
0.670910 0.941233 -1
0.008734 0.884585 -1
0.728957 0.866048 -1
0.401516 0.646885 -1
0.336956 0.247492 -1
0.817024 0.368978 1
0.983313 0.513783 -1
0.739788 0.392101 -1
0.780326 0.633596 1
0.680513 0.144786 -1
0.606713 0.760909 -1
0.660070 0.371626 1
0.955473 0.646886 1
0.499328 0.253865 -1
0.965506 0.729610 -1
0.306866 0.532957 -1
0.985252 0.720635 -1
0.796331 0.232740 -1
0.803453 0.705850 -1
0.413156 0.561426 -1
0.184966 0.332145 -1
0.519988 0.273920 -1
