-0.928981 0.134635 1
-0.358924 0.126778 1
-0.712173 0.659401 1
-0.628832 0.275155 1
-0.443384 0.713396 -1
-0.005939 0.272224 1
-0.362156 0.084373 1
-0.570367 0.789507 1
-0.341390 0.158710 -1
-0.853809 0.996578 1
-0.514462 0.585648 1
-0.410502 0.545646 1
-0.092221 0.791944 1
-0.609580 0.484764 1
-0.148048 0.875925 1
-0.113366 0.703616 1
-0.310941 0.278074 1
-0.431159 0.318004 1
-0.477866 0.548690 1
-0.531677 0.024287 1
-0.541115 0.565379 1
-0.458012 0.606421 1
-0.970633 0.054315 1
-0.465304 0.333221 -1
-0.414601 0.011181 1
0.738670 -0.257315 1
0.919510 -0.002728 1
0.354950 -0.721077 1
0.696404 -0.924563 -1
0.220326 -0.405281 1
0.631610 -0.203290 1
0.525708 -0.690964 1
0.133627 -0.791413 1
0.186982 -0.368272 1
0.943752 -0.606327 1
0.918247 -0.168742 1
0.702611 -0.066165 1
0.981976 -0.527446 1
0.624700 -0.022376 1
0.096010 -0.918915 1
0.450229 -0.541074 1
0.065622 -0.120992 1
0.498089 -0.993731 1
0.372503 -0.299142 1
0.609239 -0.284594 1
0.181563 -0.129877 1
0.807600 -0.488501 1
0.099630 -0.158404 1
0.566516 -0.631881 1
0.138180 -0.597073 1
-0.855000 -0.052404 1
-0.842844 -0.044689 -1
-0.715864 -0.495883 -1
-0.140172 -0.355006 1
-0.861503 -0.483638 -1
-0.711674 -0.962162 1
-0.591543 -0.981945 1
-0.710927 -0.988434 1
-0.692309 -0.825661 1
-0.363632 -0.033330 -1
-0.422275 -0.392007 -1
-0.104523 -0.806904 1
-0.224030 -0.813752 -1
-0.268619 -0.333293 1
-0.652207 -0.289460 -1
-0.310433 -0.460455 -1
-0.483596 -0.738605 -1
-0.406793 -0.063501 -1
-0.078428 -0.538834 -1
-0.699457 -0.216409 -1
-0.186764 -0.593426 -1
-0.187427 -0.221491 -1
-0.414660 -0.191406 -1
-0.075479 -0.152813 -1
-0.896538 -0.760264 -1
0.840376 0.194397 -1
0.162003 0.343350 1
0.744949 0.029875 -1
0.772183 0.969422 1
0.606350 0.578042 -1
0.027643 0.728092 -1
0.667242 0.424992 1
0.869519 0.259767 -1
0.264688 0.546073 -1
0.376086 0.540944 -1
0.561727 0.318031 -1
0.304566 0.791606 -1
0.538122 0.651248 1
0.219805 0.631727 -1
0.005092 0.044038 -1
0.379566 0.495789 -1
0.126444 0.410775 -1
0.742564 0.834089 -1
0.913671 0.270065 1
0.926730 0.798428 -1
0.672523 0.566050 -1
0.667038 0.464375 -1
0.529899 0.600844 1
0.080517 0.472396 1
0.530307 0.781256 1
