-0.846194 0.913842 1
-0.865538 0.225727 -1
-0.274326 0.913216 1
-0.871955 0.144105 1
-0.641475 0.626763 -1
-0.110996 0.250915 1
-0.759827 0.420651 1
-0.540896 0.071419 1
-0.993629 0.654248 -1
-0.321313 0.549522 1
-0.198642 0.690525 1
-0.465501 0.988092 1
-0.647122 0.277545 1
-0.383769 0.792639 1
-0.432029 0.716773 1
-0.288568 0.042035 -1
-0.505488 0.248035 1
-0.141914 0.388424 -1
-0.788321 0.191493 1
-0.729423 0.309929 1
-0.696490 0.483669 1
-0.535431 0.171737 -1
-0.596714 0.150261 1
-0.028487 0.411595 1
-0.945833 0.096689 1
0.360607 -0.078746 1
0.290288 -0.339893 1
0.391892 -0.540554 1
0.494557 -0.530998 1
0.673835 -0.014633 1
0.846379 -0.857937 1
0.579491 -0.269765 1
0.474687 -0.156850 1
0.236944 -0.281029 1
0.640109 -0.918824 -1
0.897843 -0.951929 -1
0.054798 -0.931561 1
0.082837 -0.832868 1
0.794091 -0.601688 1
0.349580 -0.691060 1
0.996741 -0.847404 1
0.923308 -0.609584 1
0.437382 -0.002360 1
0.541544 -0.146546 1
0.412833 -0.978139 1
0.906185 -0.662338 1
0.679183 -0.758461 1
0.904416 -0.918504 1
0.719649 -0.643358 1
0.824210 -0.655282 1
-0.257793 -0.169070 1
-0.300510 -0.203191 -1
-0.631766 -0.608443 -1
-0.228403 -0.659620 -1
-0.721787 -0.130641 -1
-0.033999 -0.778892 -1
-0.080744 -0.164420 -1
-0.073714 -0.316645 1
-0.584622 -0.212269 -1
-0.568282 -0.615636 1
-0.527714 -0.776967 1
-0.446051 -0.325105 -1
-0.444842 -0.901193 1
-0.809321 -0.274083 -1
-0.139442 -0.844578 -1
-0.607420 -0.361138 -1
-0.884531 -0.573495 -1
-0.698577 -0.848262 -1
-0.075961 -0.419161 -1
-0.813798 -0.667051 -1
-0.891887 -0.041648 -1
-0.358388 -0.817733 -1
-0.300872 -0.904512 -1
-0.597035 -0.359562 -1
-0.922623 -0.918013 -1
0.032470 0.022335 -1
0.055993 0.617247 -1
0.313222 0.629061 -1
0.810811 0.537933 -1
0.551748 0.760582 1
0.446124 0.390804 1
0.652006 0.031296 -1
0.249554 0.091549 -1
0.698005 0.183357 -1
0.103390 0.403760 1
0.147390 0.780341 -1
0.906756 0.110553 -1
0.175407 0.265149 1
0.766556 0.098651 -1
0.888650 0.072743 -1
0.867304 0.496290 -1
0.901340 0.447316 -1
0.203029 0.496100 -1
0.260111 0.587511 -1
0.948011 0.649167 -1
0.058908 0.543165 1
0.276355 0.679802 1
0.539458 0.536033 -1
0.283893 0.295510 1
0.043760 0.002025 -1
