-0.758413 0.696124 1
-0.100742 0.395956 1
-0.150812 0.171874 1
-0.998344 0.065125 1
-0.339266 0.082039 1
-0.251441 0.598094 1
-0.722173 0.929794 1
-0.942995 0.242362 1
-0.462601 0.929004 1
-0.686927 0.618596 1
-0.860468 0.159806 1
-0.290565 0.096144 1
-0.219914 0.434330 1
-0.592349 0.165142 1
-0.287063 0.087622 1
-0.527320 0.656337 1
-0.598810 0.343473 1
-0.912695 0.877874 1
-0.131481 0.418986 1
-0.176016 0.356180 1
-0.041978 0.897212 1
-0.982372 0.054746 1
-0.743234 0.793557 1
-0.934731 0.883998 1
-0.597355 0.720985 1
-0.653331 0.019829 1
-0.413944 0.937474 1
-0.871357 0.539522 1
-0.762119 0.224713 1
-0.136713 0.559062 1
-0.382662 0.836581 1
-0.393667 0.960621 1
-0.999954 0.712242 1
-0.265452 0.417920 1
-0.202189 0.929162 1
-0.659748 0.095854 1
-0.233880 0.605791 1
-0.193042 0.520490 1
-0.667790 0.441284 1
-0.180574 0.082583 1
-0.445078 0.606265 1
-0.438044 0.366642 1
-0.966943 0.667510 1
-0.446663 0.232402 1
-0.089114 0.151289 1
-0.212529 0.603822 1
-0.317450 0.383702 1
-0.244667 0.274218 1
-0.407588 0.724868 1
-0.169967 0.650620 1
-0.424403 0.138650 1
-0.371338 0.427971 1
-0.352386 0.593046 1
-0.537902 0.940748 1
-0.082537 0.880711 1
-0.626426 0.134718 1
-0.931165 0.755110 1
-0.137302 0.680633 1
-0.427409 0.852585 1
-0.281306 0.066155 1
-0.196439 0.636629 1
-0.080781 0.682378 1
-0.110839 0.976207 1
-0.541275 0.810454 1
-0.846434 0.837363 1
-0.204370 0.717367 1
-0.962484 0.449643 1
-0.868811 0.558789 1
-0.238338 0.666301 1
-0.254049 0.525603 1
-0.103937 0.049952 1
-0.073246 0.822774 1
-0.086114 0.129672 1
-0.600015 0.360069 1
-0.037442 0.811005 1
-0.981270 0.993072 1
-0.521313 0.970371 1
-0.375620 0.395806 1
-0.325342 0.071904 1
-0.967417 0.182369 1
-0.427411 0.685519 1
-0.828316 0.917794 1
-0.400113 0.529520 1
-0.530470 0.129652 1
-0.834289 0.645439 1
-0.503625 0.511363 1
-0.505097 0.736627 1
-0.829246 0.685563 1
-0.148546 0.177289 1
-0.295519 0.005122 1
-0.866304 0.192004 1
-0.702871 0.372148 1
-0.530785 0.569177 1
-0.543944 0.041084 1
-0.433390 0.020756 1
-0.542760 0.368799 1
-0.078896 0.297939 1
-0.939475 0.305076 1
-0.207952 0.300956 1
-0.111391 0.953274 1
-0.433814 0.403441 1
-0.474826 0.226781 1
-0.538001 0.949873 1
-0.921356 0.540709 1
-0.420928 0.663766 1
-0.106628 0.081462 1
-0.441723 0.557217 1
-0.935182 0.408304 1
-0.443747 0.147825 1
-0.982115 0.703602 1
-0.297904 0.469659 1
-0.262043 0.424039 1
-0.316410 0.668127 1
-0.448594 0.038754 1
-0.637404 0.757622 1
-0.995315 0.421101 1
-0.314216 0.176325 1
-0.291947 0.056525 1
-0.325651 0.789251 1
-0.510799 0.263875 1
-0.800317 0.616308 1
-0.571454 0.989489 1
-0.247194 0.299492 1
-0.328827 0.772129 1
-0.638137 0.430079 1
-0.255087 0.722489 1
-0.162138 0.186492 1
-0.633559 0.358432 1
-0.875747 0.770988 1
-0.670848 0.904076 1
-0.141789 0.765331 1
-0.228295 0.570220 1
-0.694093 0.718405 1
-0.756468 0.233975 1
-0.450736 0.889591 1
-0.633509 0.559180 1
-0.078712 0.252331 1
-0.345191 0.586999 1
-0.282778 0.894719 1
-0.352924 0.787304 1
-0.721055 0.373873 1
-0.374471 0.032092 1
-0.712456 0.450439 1
-0.190984 0.157075 1
-0.771534 0.672099 1
-0.060389 0.972133 1
-0.496517 0.375947 1
-0.093077 0.031114 1
-0.806243 0.092963 1
-0.993520 0.681381 1
-0.919359 0.339361 1
-0.167937 0.906353 1
-0.788424 0.181553 1
-0.347121 0.425634 1
-0.244172 0.233148 1
-0.293431 0.650540 1
-0.702588 0.397251 1
-0.878905 0.457296 1
-0.023817 0.207472 1
-0.082341 0.360518 1
-0.007317 0.159652 1
-0.797040 0.385365 1
-0.418410 0.689066 1
-0.928760 0.762143 1
-0.936842 0.830598 1
-0.061306 0.877918 1
-0.393359 0.233486 1
-0.309642 0.621002 1
-0.459564 0.497687 1
-0.734974 0.675476 1
-0.346796 0.733107 1
-0.273772 0.992386 1
-0.365629 0.215024 1
-0.169209 0.650846 1
-0.311547 0.007570 1
-0.386847 0.004106 1
-0.687836 0.322505 1
-0.851285 0.239785 1
-0.989710 0.889113 1
-0.776601 0.000104 1
-0.150303 0.585597 1
-0.357905 0.516752 1
-0.531292 0.698387 1
-0.810978 0.359498 1
-0.100438 0.984245 1
-0.779651 0.849175 1
-0.672208 0.787749 1
-0.697551 0.014612 1
-0.398909 0.490519 1
-0.534471 0.208306 1
-0.931945 0.892767 1
-0.823308 0.902888 1
-0.105847 0.338198 1
-0.484147 0.487872 1
-0.176971 0.624248 1
-0.494249 0.897693 1
-0.463850 0.821442 1
-0.289700 0.621102 1
-0.083999 0.823679 1
-0.577108 0.109872 1
-0.563446 0.438980 1
-0.287878 0.156371 1
-0.611415 0.447729 1
-0.752685 0.381598 1
-0.546606 0.452594 1
-0.196485 0.169575 1
-0.298413 0.573790 1
-0.683924 0.352195 1
-0.763305 0.713636 1
-0.700279 0.337967 1
-0.690230 0.661175 1
-0.619638 0.034508 1
-0.742310 0.484537 1
-0.264652 0.304714 1
-0.267420 0.510659 1
-0.821306 0.245759 1
-0.695241 0.886922 1
-0.853034 0.862474 1
-0.978994 0.821728 1
-0.550090 0.544486 1
-0.053556 0.518948 1
-0.219983 0.246102 1
-0.502937 0.922656 1
-0.180754 0.314790 1
-0.766935 0.559166 1
-0.580257 0.322977 1
-0.016094 0.972356 1
-0.579274 0.844272 1
-0.601027 0.737341 1
-0.557163 0.419197 1
-0.859005 0.239388 1
-0.315131 0.178539 1
-0.205328 0.130355 1
-0.070689 0.741205 1
-0.080245 0.083906 1
-0.548271 0.071573 1
-0.879194 0.891488 1
-0.419716 0.868059 1
-0.720107 0.141821 1
-0.329652 0.846285 1
-0.657796 0.028859 1
-0.752033 0.028629 1
-0.459241 0.446413 1
-0.940649 0.341275 1
-0.618022 0.112596 1
-0.725718 0.605184 1
-0.036454 0.800612 1
-0.075310 0.844877 1
-0.095832 0.422352 1
-0.148069 0.458969 1
0.645582 -0.590583 1
0.010147 -0.232847 1
0.058910 -0.165801 1
0.591217 -0.266560 1
0.121149 -0.807637 1
0.049314 -0.405328 1
0.561132 -0.604481 1
0.066297 -0.114533 1
0.962660 -0.032621 1
0.282344 -0.217479 1
0.543377 -0.335741 1
0.228643 -0.673198 1
0.919056 -0.110772 1
0.354309 -0.721387 1
0.067700 -0.887357 1
0.330249 -0.280113 1
0.966855 -0.622913 1
0.182263 -0.047268 1
0.411118 -0.893658 1
0.249843 -0.855529 1
0.625297 -0.670189 1
0.171553 -0.072096 1
0.815775 -0.878432 1
0.534466 -0.402075 1
0.396910 -0.278706 1
0.724688 -0.727048 1
0.020658 -0.270352 1
0.210111 -0.865498 1
0.411688 -0.085977 1
0.726028 -0.675061 1
0.215143 -0.817151 1
0.178722 -0.642711 1
0.914944 -0.105287 1
0.553268 -0.753330 1
0.407067 -0.179006 1
0.876022 -0.858465 1
0.808961 -0.753727 1
0.405421 -0.074886 1
0.139873 -0.189831 1
0.392011 -0.158559 1
0.196026 -0.467668 1
0.055558 -0.229589 1
0.380904 -0.560044 1
0.112602 -0.466785 1
0.711329 -0.732939 1
0.846710 -0.338077 1
0.320715 -0.755196 1
0.271492 -0.481104 1
0.581604 -0.343210 1
0.235924 -0.269057 1
0.172424 -0.103624 1
0.568416 -0.320651 1
0.182245 -0.715046 1
0.993975 -0.220349 1
0.858162 -0.624599 1
0.132046 -0.285021 1
0.087857 -0.720336 1
0.758385 -0.319521 1
0.876516 -0.794307 1
0.608758 -0.206847 1
0.322108 -0.721726 1
0.231632 -0.252926 1
0.379358 -0.695961 1
0.800870 -0.058127 1
0.934996 -0.157724 1
0.797418 -0.668303 1
0.345789 -0.327514 1
0.147319 -0.757908 1
0.112786 -0.667055 1
0.244968 -0.671877 1
0.135033 -0.994906 1
0.134430 -0.374855 1
0.918107 -0.243773 1
0.632279 -0.111044 1
0.224439 -0.866904 1
0.962952 -0.217984 1
0.991191 -0.491947 1
0.906347 -0.024470 1
0.148449 -0.069234 1
0.953089 -0.108712 1
0.827261 -0.134042 1
0.931029 -0.277601 1
0.174745 -0.883867 1
0.869455 -0.568707 1
0.821398 -0.381358 1
0.852349 -0.190874 1
0.138819 -0.804600 1
0.552969 -0.686184 1
0.469992 -0.493505 1
0.054061 -0.231096 1
0.292661 -0.541401 1
0.276069 -0.650135 1
0.647691 -0.684590 1
0.801209 -0.309004 1
0.892787 -0.051571 1
0.817255 -0.439084 1
0.899797 -0.937231 1
0.910682 -0.824763 1
0.270595 -0.311678 1
0.307982 -0.850631 1
0.793412 -0.093201 1
0.854485 -0.424979 1
0.228340 -0.865440 1
0.924597 -0.798286 1
0.350250 -0.380499 1
0.733489 -0.498416 1
0.337053 -0.146448 1
0.648509 -0.025847 1
0.782049 -0.712530 1
0.469656 -0.246858 1
0.413578 -0.489231 1
0.159498 -0.197803 1
0.077359 -0.228501 1
0.468387 -0.504124 1
0.747699 -0.504465 1
0.697646 -0.038754 1
0.831255 -0.811187 1
0.840136 -0.652873 1
0.297776 -0.194904 1
0.492661 -0.864646 1
0.407673 -0.282832 1
0.327608 -0.095783 1
0.961858 -0.298937 1
0.467252 -0.812232 1
0.073517 -0.361151 1
0.632758 -0.262012 1
0.871858 -0.271752 1
0.627516 -0.611898 1
0.432216 -0.837328 1
0.541507 -0.228925 1
0.213829 -0.100863 1
0.875522 -0.103098 1
0.431765 -0.487769 1
0.764030 -0.570672 1
0.752237 -0.023698 1
0.256951 -0.669775 1
0.439723 -0.143613 1
0.780924 -0.972926 1
0.464485 -0.276977 1
0.250096 -0.812286 1
0.177731 -0.447055 1
0.078530 -0.703113 1
0.218267 -0.566819 1
0.671076 -0.258087 1
0.288761 -0.754972 1
0.689048 -0.856072 1
0.447002 -0.423807 1
0.328109 -0.925395 1
0.783682 -0.695835 1
0.619815 -0.397659 1
0.299357 -0.004666 1
0.802371 -0.062644 1
0.647741 -0.045980 1
0.422953 -0.597283 1
0.643661 -0.380184 1
0.826356 -0.366217 1
0.139258 -0.514631 1
0.771429 -0.744288 1
0.616349 -0.856266 1
0.999692 -0.036209 1
0.220646 -0.844871 1
0.254827 -0.068909 1
0.240036 -0.735919 1
0.521660 -0.462528 1
0.547730 -0.231954 1
0.227647 -0.524905 1
0.074895 -0.791650 1
0.919245 -0.490632 1
0.881121 -0.775077 1
0.586785 -0.639743 1
0.173810 -0.795807 1
0.396216 -0.163481 1
0.981176 -0.297363 1
0.293489 -0.185995 1
0.440835 -0.297708 1
0.967213 -0.340532 1
0.369655 -0.124734 1
0.007026 -0.463756 1
0.729257 -0.405399 1
0.104308 -0.233062 1
0.841413 -0.331912 1
0.619102 -0.744832 1
0.562833 -0.171856 1
0.496691 -0.802910 1
0.054390 -0.312613 1
0.546574 -0.800977 1
0.077217 -0.486908 1
0.809222 -0.958063 1
0.664751 -0.284776 1
0.749998 -0.423332 1
0.335303 -0.580883 1
0.856211 -0.730411 1
0.445639 -0.637389 1
0.303537 -0.047442 1
0.939726 -0.862364 1
0.592702 -0.118086 1
0.980081 -0.883932 1
0.581048 -0.561957 1
0.941117 -0.139785 1
0.187569 -0.721439 1
0.236216 -0.455253 1
0.086416 -0.328756 1
0.340215 -0.169516 1
0.123490 -0.874656 1
0.224839 -0.431082 1
0.317405 -0.367846 1
0.540285 -0.725423 1
0.533711 -0.877294 1
0.089109 -0.644284 1
0.954957 -0.030003 1
0.175571 -0.677197 1
0.735836 -0.687470 1
0.408719 -0.019970 1
0.448046 -0.869779 1
0.111971 -0.609950 1
0.596012 -0.684894 1
0.100321 -0.236423 1
0.602728 -0.019762 1
0.313271 -0.533397 1
0.394095 -0.962461 1
0.539935 -0.319383 1
0.367300 -0.011497 1
0.877908 -0.618977 1
0.200963 -0.454862 1
0.783555 -0.907400 1
0.684516 -0.132523 1
0.799708 -0.115503 1
0.731075 -0.185997 1
0.203877 -0.803051 1
0.741255 -0.501960 1
0.509987 -0.260378 1
0.352876 -0.330140 1
0.368328 -0.885555 1
0.821737 -0.159211 1
0.305817 -0.959402 1
0.686247 -0.534862 1
0.867096 -0.543808 1
0.517832 -0.639407 1
0.563488 -0.640109 1
0.191802 -0.197253 1
0.679970 -0.466246 1
0.547596 -0.852930 1
0.884005 -0.299938 1
0.757881 -0.960020 1
0.626919 -0.560625 1
0.782775 -0.324727 1
0.467833 -0.300943 1
0.176108 -0.752317 1
0.350272 -0.119387 1
0.286971 -0.482142 1
-0.438124 -0.542286 -1
-0.084287 -0.331862 -1
-0.547102 -0.298246 -1
-0.917108 -0.045232 -1
-0.409067 -0.724851 -1
-0.778614 -0.974631 -1
-0.393849 -0.552357 -1
-0.811972 -0.235305 -1
-0.032620 -0.418866 -1
-0.654039 -0.755194 -1
-0.779084 -0.071942 -1
-0.960209 -0.490177 -1
-0.394802 -0.309085 -1
-0.587702 -0.765253 -1
-0.732764 -0.413232 -1
-0.245372 -0.721849 -1
-0.283749 -0.949273 -1
-0.042251 -0.811692 -1
-0.663453 -0.829482 -1
-0.276659 -0.727021 -1
-0.047038 -0.484694 -1
-0.677408 -0.936575 -1
-0.480072 -0.869517 -1
-0.761514 -0.309861 -1
-0.707081 -0.909933 -1
-0.237619 -0.622129 -1
-0.380253 -0.042362 -1
-0.931568 -0.777748 -1
-0.839526 -0.903553 -1
-0.523217 -0.342205 -1
-0.296869 -0.365229 -1
-0.651013 -0.973971 -1
-0.435316 -0.807141 -1
-0.787945 -0.874243 -1
-0.949159 -0.432123 -1
-0.167564 -0.201742 -1
-0.374520 -0.099444 -1
-0.796590 -0.059625 -1
-0.381930 -0.055481 -1
-0.757160 -0.139686 -1
-0.491336 -0.000063 -1
-0.319013 -0.851580 -1
-0.983462 -0.136298 -1
-0.092823 -0.122290 -1
-0.804859 -0.583480 -1
-0.087590 -0.199803 -1
-0.782064 -0.929375 -1
-0.760779 -0.882667 -1
-0.945337 -0.311543 -1
-0.744352 -0.818576 -1
-0.837484 -0.764179 -1
-0.822415 -0.708164 -1
-0.266781 -0.263332 -1
-0.869405 -0.084166 -1
-0.695540 -0.197472 -1
-0.430100 -0.664806 -1
-0.291474 -0.024497 -1
-0.915477 -0.008851 -1
-0.474276 -0.684323 -1
-0.325879 -0.202214 -1
-0.160813 -0.507384 -1
-0.671019 -0.682983 -1
-0.183444 -0.024139 -1
-0.440896 -0.443596 -1
-0.482785 -0.789854 -1
-0.543437 -0.830774 -1
-0.943995 -0.449206 -1
-0.607246 -0.334810 -1
-0.926002 -0.649450 -1
-0.833360 -0.240085 -1
-0.972550 -0.147870 -1
-0.939524 -0.752111 -1
-0.687990 -0.804036 -1
-0.830654 -0.967186 -1
-0.423579 -0.418550 -1
-0.349919 -0.541090 -1
-0.399534 -0.421314 -1
-0.107667 -0.662471 -1
-0.905427 -0.355518 -1
-0.407946 -0.860732 -1
-0.845618 -0.056972 -1
-0.183601 -0.782976 -1
-0.151496 -0.938411 -1
-0.877196 -0.217941 -1
-0.745723 -0.867767 -1
-0.004244 -0.801585 -1
-0.274576 -0.274064 -1
-0.771612 -0.880665 -1
-0.631345 -0.266834 -1
-0.185108 -0.734783 -1
-0.251083 -0.856243 -1
-0.347571 -0.358376 -1
-0.396398 -0.547224 -1
-0.774800 -0.672238 -1
-0.587339 -0.306694 -1
-0.077102 -0.036059 -1
-0.256024 -0.017097 -1
-0.456487 -0.192334 -1
-0.060660 -0.447314 -1
-0.849874 -0.514305 -1
-0.920043 -0.451786 -1
-0.229626 -0.423733 -1
-0.171273 -0.865465 -1
-0.899434 -0.678149 -1
-0.938582 -0.831895 -1
-0.066953 -0.175723 -1
-0.977753 -0.213303 -1
-0.094590 -0.480180 -1
-0.469253 -0.773897 -1
-0.606627 -0.178418 -1
-0.285792 -0.223145 -1
-0.223515 -0.805162 -1
-0.243904 -0.706210 -1
-0.500172 -0.939035 -1
-0.110669 -0.793175 -1
-0.036651 -0.602264 -1
-0.625718 -0.431612 -1
-0.616765 -0.288369 -1
-0.135552 -0.530781 -1
-0.242875 -0.985125 -1
-0.239774 -0.199134 -1
-0.744359 -0.163771 -1
-0.814555 -0.045698 -1
-0.679394 -0.247489 -1
-0.617700 -0.410566 -1
-0.820818 -0.786544 -1
-0.529897 -0.255963 -1
-0.609911 -0.251819 -1
-0.650489 -0.185493 -1
-0.210252 -0.356986 -1
-0.667179 -0.125555 -1
-0.223455 -0.759309 -1
-0.074140 -0.152348 -1
-0.850117 -0.892424 -1
-0.032478 -0.111891 -1
-0.757150 -0.111305 -1
-0.967091 -0.182361 -1
-0.368689 -0.166018 -1
-0.482670 -0.866859 -1
-0.413429 -0.718485 -1
-0.112528 -0.997473 -1
-0.505519 -0.154267 -1
-0.357092 -0.216004 -1
-0.985245 -0.553871 -1
-0.456519 -0.125176 -1
-0.225856 -0.953471 -1
-0.580579 -0.546459 -1
-0.586186 -0.858425 -1
-0.298975 -0.629973 -1
-0.689585 -0.904681 -1
-0.851243 -0.413267 -1
-0.194154 -0.071358 -1
-0.073516 -0.858720 -1
-0.640752 -0.118165 -1
-0.722002 -0.599335 -1
-0.059129 -0.303399 -1
-0.433748 -0.939447 -1
-0.211980 -0.616026 -1
-0.232842 -0.421454 -1
-0.270180 -0.718852 -1
-0.304581 -0.557943 -1
-0.102212 -0.617405 -1
-0.333649 -0.615591 -1
-0.122420 -0.694691 -1
-0.536111 -0.170879 -1
-0.009413 -0.575289 -1
-0.668806 -0.027845 -1
-0.575830 -0.622761 -1
-0.291805 -0.957407 -1
-0.512881 -0.399368 -1
-0.323600 -0.935612 -1
-0.510502 -0.655238 -1
-0.469848 -0.159660 -1
-0.082026 -0.816175 -1
-0.403968 -0.433754 -1
-0.596435 -0.557779 -1
-0.330336 -0.019568 -1
-0.330293 -0.455271 -1
-0.031179 -0.384846 -1
-0.032418 -0.695919 -1
-0.665266 -0.324739 -1
-0.324637 -0.858983 -1
-0.156370 -0.129396 -1
-0.538527 -0.027682 -1
-0.945466 -0.492138 -1
-0.861465 -0.797381 -1
-0.797245 -0.744959 -1
-0.417557 -0.760804 -1
-0.727397 -0.835909 -1
-0.970911 -0.803278 -1
-0.507053 -0.760781 -1
-0.523862 -0.486634 -1
-0.551478 -0.186044 -1
-0.465020 -0.946297 -1
-0.093776 -0.961455 -1
-0.711482 -0.540254 -1
-0.112422 -0.371005 -1
-0.226291 -0.461255 -1
-0.745385 -0.159504 -1
-0.526348 -0.780098 -1
-0.782004 -0.520479 -1
-0.509826 -0.785167 -1
-0.085292 -0.258783 -1
-0.490131 -0.472874 -1
-0.934123 -0.608167 -1
-0.128797 -0.317267 -1
-0.998871 -0.107951 -1
-0.802727 -0.746109 -1
-0.209029 -0.303808 -1
-0.053108 -0.752990 -1
-0.957030 -0.321105 -1
-0.092470 -0.001160 -1
-0.135524 -0.627797 -1
-0.482817 -0.578507 -1
-0.093796 -0.706879 -1
-0.823367 -0.652635 -1
-0.359103 -0.041691 -1
-0.283075 -0.758123 -1
-0.104286 -0.352561 -1
-0.975496 -0.019088 -1
-0.063726 -0.410411 -1
-0.545111 -0.541425 -1
-0.193004 -0.947173 -1
-0.250283 -0.552497 -1
-0.450563 -0.840035 -1
-0.901196 -0.790783 -1
-0.338055 -0.354553 -1
-0.784579 -0.359510 -1
-0.051569 -0.751135 -1
-0.180798 -0.515976 -1
-0.240041 -0.800561 -1
-0.848463 -0.227013 -1
-0.771639 -0.923270 -1
-0.581088 -0.930971 -1
-0.391950 -0.889013 -1
-0.732355 -0.200178 -1
-0.172606 -0.531454 -1
-0.193050 -0.587082 -1
-0.568543 -0.001993 -1
-0.796995 -0.426931 -1
-0.484023 -0.815192 -1
-0.035429 -0.121861 -1
-0.175838 -0.810079 -1
-0.195820 -0.364240 -1
-0.016833 -0.569284 -1
-0.956876 -0.607581 -1
-0.647142 -0.188972 -1
-0.477664 -0.710575 -1
-0.750551 -0.707939 -1
-0.976739 -0.185893 -1
0.366628 0.532091 -1
0.450746 0.849131 -1
0.427080 0.861860 -1
0.341831 0.791948 -1
0.977230 0.159821 -1
0.414581 0.388577 -1
0.008687 0.904565 -1
0.978806 0.840411 -1
0.371195 0.280675 -1
0.328339 0.607673 -1
0.895664 0.989399 -1
0.626611 0.614174 -1
0.349922 0.193597 -1
0.215144 0.149509 -1
0.074236 0.994506 -1
0.531672 0.200981 -1
0.125150 0.932504 -1
0.334516 0.078911 -1
0.114280 0.919907 -1
0.230153 0.423590 -1
0.860118 0.734857 -1
0.289976 0.445773 -1
0.739452 0.332696 -1
0.030538 0.681563 -1
0.969764 0.909246 -1
0.719455 0.167704 -1
0.145126 0.710492 -1
0.293494 0.643238 -1
0.235181 0.206473 -1
0.171826 0.424219 -1
0.191670 0.313207 -1
0.869090 0.970455 -1
0.175108 0.298456 -1
0.663869 0.848766 -1
0.944031 0.419543 -1
0.288410 0.893059 -1
0.442808 0.435060 -1
0.485376 0.806068 -1
0.330594 0.644677 -1
0.213982 0.985968 -1
0.206023 0.166102 -1
0.726422 0.376781 -1
0.642944 0.612067 -1
0.615294 0.987031 -1
0.181472 0.581412 -1
0.865065 0.433387 -1
0.034359 0.740564 -1
0.107539 0.438642 -1
0.505525 0.601177 -1
0.607403 0.888265 -1
0.214505 0.879449 -1
0.192442 0.654352 -1
0.764281 0.711568 -1
0.539525 0.938115 -1
0.792133 0.357909 -1
0.806910 0.501684 -1
0.729954 0.484448 -1
0.128433 0.718110 -1
0.630889 0.570273 -1
0.057924 0.806704 -1
0.209290 0.209142 -1
0.346706 0.876959 -1
0.791159 0.092671 -1
0.501490 0.543410 -1
0.300236 0.915387 -1
0.457813 0.963091 -1
0.101921 0.052408 -1
0.084635 0.528589 -1
0.997441 0.296956 -1
0.567846 0.541212 -1
0.884294 0.936370 -1
0.891146 0.696784 -1
0.953024 0.805401 -1
0.732996 0.999897 -1
0.832992 0.388160 -1
0.814724 0.864361 -1
0.197353 0.181012 -1
0.553805 0.764077 -1
0.951310 0.988603 -1
0.205164 0.012854 -1
0.137635 0.108032 -1
0.189629 0.037791 -1
0.717450 0.651482 -1
0.194911 0.230300 -1
0.886454 0.141766 -1
0.799438 0.191000 -1
0.594842 0.546195 -1
0.503831 0.196627 -1
0.964250 0.219949 -1
0.749744 0.561316 -1
0.413519 0.307325 -1
0.447605 0.966468 -1
0.952180 0.564342 -1
0.203810 0.136433 -1
0.137734 0.895410 -1
0.400523 0.987917 -1
0.845713 0.818773 -1
0.253028 0.774663 -1
0.528894 0.935317 -1
0.526960 0.893872 -1
0.393016 0.259911 -1
0.210002 0.786859 -1
0.651980 0.989941 -1
0.173284 0.420000 -1
0.244270 0.484770 -1
0.204422 0.861221 -1
0.052160 0.412273 -1
0.536783 0.509900 -1
0.269604 0.932493 -1
0.371976 0.945653 -1
0.955619 0.505555 -1
0.118530 0.017425 -1
0.650228 0.445910 -1
0.825347 0.348008 -1
0.642413 0.444264 -1
0.994654 0.942381 -1
0.978246 0.472338 -1
0.216340 0.446202 -1
0.943259 0.327182 -1
0.974931 0.281328 -1
0.374066 0.656866 -1
0.328698 0.069437 -1
0.573311 0.178759 -1
0.519962 0.637864 -1
0.550153 0.320265 -1
0.931276 0.802941 -1
0.314894 0.002084 -1
0.979700 0.359222 -1
0.765122 0.140981 -1
0.539469 0.421160 -1
0.345149 0.064641 -1
0.501184 0.796428 -1
0.393444 0.052124 -1
0.128962 0.489757 -1
0.893677 0.814298 -1
0.139498 0.914562 -1
0.668369 0.051830 -1
0.448353 0.216117 -1
0.558834 0.667660 -1
0.264432 0.050469 -1
0.028983 0.898563 -1
0.509885 0.432825 -1
0.453438 0.947411 -1
0.681246 0.488443 -1
0.078930 0.434950 -1
0.253192 0.728675 -1
0.757988 0.178149 -1
0.896770 0.627002 -1
0.642462 0.020030 -1
0.295678 0.879319 -1
0.385652 0.975727 -1
0.167301 0.629290 -1
0.210124 0.643525 -1
0.573164 0.018162 -1
0.223980 0.890843 -1
0.288018 0.400853 -1
0.558281 0.666013 -1
0.639734 0.671643 -1
0.427411 0.476586 -1
0.882207 0.790478 -1
0.387296 0.338675 -1
0.986097 0.453102 -1
0.447486 0.058440 -1
0.318045 0.294694 -1
0.068824 0.732561 -1
0.215206 0.248465 -1
0.590906 0.870347 -1
0.743239 0.240638 -1
0.042541 0.308454 -1
0.026943 0.921118 -1
0.026829 0.777013 -1
0.520682 0.791087 -1
0.096228 0.834816 -1
0.601093 0.553936 -1
0.487302 0.838158 -1
0.801322 0.390437 -1
0.990692 0.305785 -1
0.355038 0.618095 -1
0.906315 0.245292 -1
0.468365 0.265254 -1
0.394383 0.551120 -1
0.523609 0.307553 -1
0.473089 0.582378 -1
0.874678 0.162142 -1
0.533391 0.249044 -1
0.792070 0.970421 -1
0.700321 0.357702 -1
0.471244 0.220255 -1
0.293972 0.051010 -1
0.201563 0.106890 -1
0.282093 0.555610 -1
0.303937 0.266618 -1
0.111154 0.288714 -1
0.327918 0.951530 -1
0.599688 0.668863 -1
0.369664 0.737846 -1
0.203959 0.240327 -1
0.755589 0.098235 -1
0.272325 0.464598 -1
0.429792 0.019813 -1
0.469822 0.416019 -1
0.407555 0.554978 -1
0.114196 0.312187 -1
0.661559 0.159445 -1
0.852680 0.353848 -1
0.951827 0.002951 -1
0.320624 0.263582 -1
0.753534 0.565692 -1
0.666994 0.118847 -1
0.825992 0.982804 -1
0.441217 0.691687 -1
0.487803 0.793231 -1
0.287716 0.644668 -1
0.665481 0.723167 -1
0.382127 0.924392 -1
0.661923 0.747711 -1
0.072451 0.103130 -1
0.423670 0.267312 -1
0.429746 0.721641 -1
0.502554 0.182038 -1
0.652924 0.135127 -1
0.224976 0.243739 -1
0.694412 0.833164 -1
0.457522 0.969149 -1
0.122542 0.529469 -1
0.664213 0.868387 -1
0.904533 0.117238 -1
0.192067 0.327376 -1
0.079919 0.542435 -1
0.874357 0.758355 -1
0.204014 0.031392 -1
0.489421 0.921012 -1
0.243120 0.368957 -1
0.704634 0.305556 -1
0.739028 0.709056 -1
0.666127 0.079312 -1
0.245708 0.695787 -1
0.865819 0.123050 -1
0.717042 0.480244 -1
0.891307 0.431303 -1
0.904837 0.061332 -1
0.765212 0.699898 -1
0.774468 0.942621 -1
0.356919 0.901246 -1
0.146212 0.590412 -1
0.063995 0.115583 -1
0.343910 0.096335 -1
0.079381 0.830509 -1
0.163790 0.021462 -1
0.052712 0.978906 -1
