-0.597449 0.902520 1
-0.146375 0.948025 -1
-0.251972 0.282346 -1
-0.068143 0.292063 1
-0.092449 0.836100 1
-0.122995 0.943156 1
-0.324572 0.839231 -1
-0.481641 0.047777 1
-0.917368 0.359523 1
-0.504135 0.334406 1
-0.766673 0.766741 -1
-0.218959 0.147663 1
-0.641754 0.086082 1
-0.623084 0.855883 1
-0.229604 0.179001 -1
-0.261111 0.869617 1
-0.394537 0.302494 1
-0.513265 0.258952 -1
-0.986377 0.116555 -1
-0.268842 0.597452 -1
-0.768973 0.566159 -1
-0.826756 0.341144 -1
-0.539330 0.200907 1
-0.211226 0.806996 1
-0.225865 0.871221 -1
-0.970757 0.374928 -1
-0.633028 0.317368 1
-0.858815 0.417534 -1
-0.373255 0.881669 1
-0.016812 0.824578 1
-0.982395 0.198285 -1
-0.760901 0.695771 1
-0.026404 0.229180 -1
-0.365109 0.454056 1
-0.087217 0.470957 1
-0.344840 0.757857 1
-0.460475 0.818961 1
-0.435764 0.115343 -1
-0.586951 0.284427 -1
-0.325611 0.123047 -1
-0.026791 0.270830 1
-0.022164 0.562579 1
-0.123795 0.427070 1
-0.892840 0.500202 -1
-0.823076 0.228161 1
-0.193256 0.403594 1
-0.946954 0.887038 -1
-0.601310 0.888621 1
-0.679426 0.791322 1
-0.806063 0.829590 1
-0.972541 0.618882 1
-0.136996 0.924309 -1
-0.505004 0.342269 1
-0.588422 0.946374 1
-0.284692 0.092334 1
-0.059369 0.222962 1
-0.975771 0.182441 -1
-0.757585 0.449505 1
-0.473025 0.251740 1
-0.860763 0.215255 -1
-0.788601 0.014117 1
-0.213245 0.726739 1
-0.323149 0.228330 1
-0.320764 0.770209 -1
-0.104148 0.156138 1
-0.450762 0.288931 -1
-0.860280 0.411481 1
-0.697661 0.551470 1
-0.308793 0.064753 1
-0.124648 0.543952 -1
-0.439796 0.684924 1
-0.126206 0.449289 1
-0.082913 0.941668 1
-0.857351 0.370648 1
-0.773217 0.686777 1
-0.536825 0.804441 1
-0.287008 0.537037 1
-0.648466 0.946159 1
-0.658475 0.944677 1
-0.797867 0.656974 1
-0.509413 0.707828 1
-0.243534 0.726226 1
-0.841408 0.689963 1
-0.125280 0.858522 1
-0.246197 0.734181 1
-0.631325 0.584120 1
-0.767175 0.807989 1
-0.064916 0.422918 1
-0.772826 0.886100 1
-0.878023 0.150053 1
-0.773867 0.974102 -1
-0.594905 0.675213 1
-0.521195 0.084621 -1
-0.452209 0.666326 -1
-0.508740 0.684171 1
-0.808096 0.032413 1
-0.644744 0.591194 1
-0.928154 0.197422 1
-0.329420 0.815178 -1
-0.059031 0.228763 1
-0.525250 0.338888 1
-0.944606 0.146742 1
-0.454401 0.559252 -1
-0.001796 0.078450 1
-0.247160 0.337338 -1
-0.063449 0.482261 1
-0.342184 0.095387 1
-0.072035 0.719040 1
-0.276982 0.302740 1
-0.493035 0.672104 1
-0.647104 0.687219 1
-0.029815 0.141269 1
-0.402244 0.004216 -1
-0.233777 0.074477 -1
-0.777180 0.543293 1
-0.058144 0.603608 -1
-0.797507 0.314077 1
-0.105645 0.495334 -1
-0.033801 0.442839 -1
-0.433686 0.521776 1
-0.129525 0.886599 1
-0.917756 0.696393 1
-0.435504 0.249737 1
-0.797687 0.423069 1
-0.004042 0.928185 1
-0.867441 0.971104 1
-0.372292 0.957939 1
-0.114086 0.522967 -1
-0.195285 0.213126 1
-0.339300 0.918416 -1
-0.640419 0.287954 1
-0.012790 0.707437 1
-0.846889 0.714478 1
-0.058067 0.297798 -1
-0.639765 0.403907 1
-0.621641 0.468957 1
-0.440984 0.323924 1
-0.637322 0.587298 1
-0.581026 0.776786 1
-0.920813 0.455005 -1
-0.920315 0.025292 -1
-0.806094 0.774858 1
-0.259401 0.970708 1
-0.388978 0.353967 1
-0.580433 0.254361 -1
-0.062946 0.871213 -1
-0.924762 0.389139 1
-0.098147 0.934195 -1
-0.826850 0.004881 1
-0.286482 0.661602 1
-0.467298 0.409010 -1
-0.337530 0.027567 1
-0.874425 0.361490 1
-0.001687 0.270828 -1
-0.332969 0.661696 -1
-0.336381 0.204494 1
-0.143956 0.095009 1
-0.532075 0.801072 1
-0.214751 0.596075 1
-0.884994 0.956892 1
-0.489869 0.477259 -1
-0.690688 0.537428 1
-0.502185 0.394275 1
-0.065425 0.844285 1
-0.860887 0.105285 1
-0.853285 0.691918 1
-0.498160 0.440878 1
-0.389635 0.228368 1
-0.969937 0.308801 1
-0.261612 0.179427 1
-0.318028 0.793938 -1
-0.555548 0.043414 1
-0.861619 0.349502 1
-0.190930 0.471099 -1
-0.981810 0.323002 -1
-0.790312 0.230697 1
-0.144455 0.292896 1
-0.213716 0.172148 1
-0.603050 0.326861 1
-0.308737 0.743617 -1
-0.362485 0.543240 -1
-0.562712 0.350355 1
-0.991439 0.335024 -1
-0.633388 0.213500 1
-0.818829 0.132917 -1
-0.686834 0.662474 1
-0.660622 0.216542 1
-0.263658 0.913932 1
-0.449786 0.647800 1
-0.544478 0.098556 1
-0.093622 0.002175 1
-0.285063 0.124350 -1
-0.846401 0.059124 1
-0.446096 0.461822 1
-0.339633 0.232512 1
-0.264067 0.856967 1
-0.921113 0.470761 -1
-0.392235 0.728660 1
-0.181834 0.387168 1
-0.875375 0.973845 -1
-0.304735 0.631814 1
-0.141087 0.636674 1
-0.001359 0.014402 1
-0.624491 0.399715 -1
-0.535785 0.262980 -1
-0.383933 0.809904 1
-0.634818 0.259079 -1
-0.848126 0.488430 1
-0.145283 0.430999 1
-0.219663 0.921248 -1
-0.798291 0.989350 1
-0.009694 0.624029 -1
-0.629792 0.996082 1
-0.961725 0.844127 1
-0.456246 0.884198 1
-0.289205 0.681966 -1
-0.072414 0.705057 1
-0.791155 0.549377 1
-0.306306 0.744099 1
-0.606586 0.593179 1
-0.887144 0.189359 1
-0.994473 0.403652 -1
-0.408360 0.784511 -1
-0.609533 0.640921 1
-0.262748 0.382375 -1
-0.713970 0.857738 1
-0.207671 0.941515 1
-0.382000 0.050624 -1
-0.501332 0.827370 1
-0.568767 0.806181 1
-0.852264 0.648152 1
-0.022069 0.084692 1
-0.844052 0.168202 1
-0.504378 0.620684 -1
-0.769765 0.237234 1
-0.787530 0.158516 1
-0.649007 0.123255 1
-0.980022 0.470096 -1
-0.274575 0.992118 -1
-0.893318 0.358301 1
-0.838198 0.614138 1
-0.624130 0.682013 1
-0.997579 0.398416 1
-0.621336 0.777709 1
-0.983052 0.425535 1
-0.332502 0.984093 -1
-0.122029 0.899754 1
-0.631790 0.718783 1
-0.343637 0.859302 1
-0.709204 0.015095 1
0.001167 -0.779312 -1
0.226362 -0.663417 -1
0.540680 -0.793123 -1
0.165011 -0.803781 -1
0.072855 -0.281754 -1
0.064603 -0.611815 1
0.921837 -0.285774 1
0.224192 -0.743077 -1
0.301602 -0.559432 -1
0.680003 -0.169100 1
0.662809 -0.416728 1
0.952816 -0.049882 -1
0.543948 -0.221547 1
0.108327 -0.007172 -1
0.319541 -0.690075 1
0.913347 -0.758535 1
0.073039 -0.436742 -1
0.010971 -0.331282 1
0.381832 -0.104834 1
0.666108 -0.594249 1
0.443726 -0.757558 -1
0.161395 -0.752525 1
0.126337 -0.447159 -1
0.929506 -0.423273 1
0.559573 -0.857841 -1
0.907742 -0.918300 1
0.123020 -0.000087 1
0.908386 -0.083227 1
0.242106 -0.952324 1
0.170618 -0.915326 1
0.231011 -0.928056 1
0.203635 -0.365578 1
0.828296 -0.863727 -1
0.553191 -0.651761 1
0.287691 -0.416930 1
0.223816 -0.745710 -1
0.107848 -0.920773 -1
0.235613 -0.268491 1
0.546150 -0.716095 1
0.265797 -0.270850 1
0.495512 -0.841036 1
0.090430 -0.995098 1
0.081655 -0.081218 1
0.777065 -0.188798 1
0.510967 -0.304007 -1
0.904684 -0.760232 1
0.820761 -0.891404 -1
0.613239 -0.802308 1
0.528972 -0.686922 -1
0.426035 -0.574260 -1
0.938109 -0.790604 1
0.717365 -0.036430 1
0.624043 -0.133363 1
0.913056 -0.763516 1
0.106060 -0.244885 1
0.765584 -0.518984 1
0.142291 -0.770901 1
0.830516 -0.577806 -1
0.010719 -0.762419 1
0.162065 -0.054971 1
0.373055 -0.037129 -1
0.505208 -0.939599 -1
0.256931 -0.012801 1
0.899708 -0.424727 -1
0.880677 -0.067198 -1
0.480729 -0.736911 1
0.855693 -0.981064 1
0.364676 -0.586937 1
0.811524 -0.454821 -1
0.460473 -0.683334 1
0.222517 -0.971481 -1
0.818452 -0.309931 1
0.717576 -0.067110 -1
0.971536 -0.828121 1
0.825247 -0.178134 1
0.419793 -0.164939 1
0.115236 -0.746264 1
0.576276 -0.830516 -1
0.404895 -0.541342 1
0.508808 -0.627346 1
0.426107 -0.396849 1
0.634079 -0.306996 1
0.902245 -0.603857 1
0.914287 -0.931822 1
0.591664 -0.242231 1
0.266228 -0.589160 1
0.785132 -0.695355 1
0.236977 -0.462908 1
0.278170 -0.279350 -1
0.604796 -0.425220 1
0.554660 -0.870315 1
0.443070 -0.277569 1
0.763264 -0.431358 1
0.193642 -0.221907 1
0.102231 -0.569568 1
0.703871 -0.641916 1
0.588633 -0.335907 1
0.412338 -0.719242 1
0.719167 -0.662940 1
0.740940 -0.100119 -1
0.916647 -0.046366 1
0.613965 -0.208648 1
0.714014 -0.659276 1
0.621748 -0.967875 -1
0.322651 -0.577392 -1
0.870767 -0.018152 1
0.223709 -0.606157 1
0.578613 -0.879496 -1
0.980308 -0.939692 1
0.643551 -0.831167 -1
0.356004 -0.230978 1
0.758793 -0.755143 -1
0.831714 -0.726855 1
0.677879 -0.987933 1
0.539894 -0.460548 -1
0.385619 -0.915272 1
0.023603 -0.058773 1
0.159336 -0.679170 1
0.768213 -0.232949 1
0.150806 -0.870062 1
0.782463 -0.592977 -1
0.219306 -0.749460 1
0.762314 -0.856297 1
0.779566 -0.630278 1
0.988252 -0.513869 1
0.835853 -0.506128 1
0.929118 -0.449956 -1
0.966991 -0.295357 -1
0.099490 -0.946853 -1
0.318830 -0.585714 -1
0.036543 -0.310180 1
0.802228 -0.665976 1
0.010546 -0.131584 1
0.748376 -0.452700 -1
0.151670 -0.210706 1
0.476725 -0.200291 -1
0.207292 -0.110891 -1
0.068923 -0.965368 1
0.285401 -0.718007 1
0.919164 -0.637733 1
0.640588 -0.897987 -1
0.292075 -0.147179 -1
0.685020 -0.026665 -1
0.112483 -0.952399 1
0.543873 -0.071991 1
0.078085 -0.530958 1
0.533023 -0.574931 1
0.883550 -0.207344 -1
0.029267 -0.604418 1
0.286341 -0.131151 1
0.624405 -0.197657 1
0.782304 -0.708290 1
0.522933 -0.381782 1
0.782795 -0.644595 1
0.148642 -0.739707 1
0.917340 -0.379489 -1
0.809476 -0.551587 1
0.235227 -0.700697 1
0.458063 -0.110125 1
0.429730 -0.062639 1
0.540726 -0.424018 -1
0.906575 -0.228505 -1
0.987612 -0.640764 1
0.021185 -0.334170 1
0.822782 -0.974210 -1
0.792015 -0.499045 1
0.732644 -0.836588 1
0.030411 -0.100504 1
0.264586 -0.443506 -1
0.609732 -0.966291 1
0.552408 -0.366304 -1
0.153372 -0.483807 1
0.154282 -0.392655 1
0.953841 -0.881176 1
0.023164 -0.827167 1
0.531257 -0.423959 1
0.678841 -0.260516 -1
0.027272 -0.099600 1
0.761591 -0.685864 1
0.556869 -0.971359 1
0.543953 -0.830996 -1
0.284125 -0.752786 1
0.358655 -0.381755 1
0.303443 -0.562610 1
0.699274 -0.697369 -1
0.743025 -0.402374 -1
0.609716 -0.890493 1
0.215758 -0.160053 1
0.524053 -0.583041 1
0.032560 -0.486655 1
0.321600 -0.725819 -1
0.460775 -0.231898 1
0.944353 -0.349495 1
0.873966 -0.437991 -1
0.337643 -0.476130 1
0.854927 -0.291506 1
0.932664 -0.208988 -1
0.975164 -0.057310 -1
0.893861 -0.769004 -1
0.702728 -0.663124 -1
0.243410 -0.100870 1
0.209350 -0.060699 -1
0.101868 -0.698475 1
0.583706 -0.055983 1
0.196751 -0.043217 -1
0.597945 -0.766001 1
0.797304 -0.352270 -1
0.976122 -0.509090 1
0.958967 -0.570883 1
0.090598 -0.592224 1
0.273409 -0.270053 1
0.902588 -0.738635 -1
0.423345 -0.186805 1
0.030082 -0.198918 -1
0.188637 -0.952643 1
0.209218 -0.517697 1
0.710363 -0.432435 -1
0.919750 -0.392911 1
0.202218 -0.404395 1
0.055948 -0.047389 -1
0.396513 -0.213643 1
0.803743 -0.480079 1
0.274392 -0.993306 1
0.867880 -0.751317 1
0.548730 -0.828640 1
0.003223 -0.145123 1
0.710226 -0.280082 -1
0.662670 -0.034536 1
0.287962 -0.223294 1
0.755313 -0.728529 1
0.957705 -0.369423 1
0.272158 -0.455333 -1
0.016459 -0.960214 -1
0.710911 -0.380860 1
0.970718 -0.838322 -1
0.003735 -0.310972 -1
0.626408 -0.749196 1
0.411316 -0.954426 1
0.659046 -0.116356 -1
0.785781 -0.696525 1
0.104388 -0.114061 1
0.875599 -0.280202 1
0.949575 -0.355236 1
0.519709 -0.148656 1
0.832404 -0.143043 -1
0.976862 -0.441762 -1
0.290678 -0.559414 1
0.083003 -0.668178 1
0.863597 -0.480619 1
0.215606 -0.987064 1
-0.838920 -0.165249 -1
-0.660282 -0.285744 -1
-0.441388 -0.549163 1
-0.071021 -0.368635 -1
-0.938840 -0.877072 -1
-0.221695 -0.443136 1
-0.373808 -0.053877 -1
-0.420089 -0.087549 -1
-0.186641 -0.149390 -1
-0.136396 -0.807821 1
-0.564725 -0.470183 -1
-0.523115 -0.533004 -1
-0.226520 -0.363725 -1
-0.301180 -0.756340 -1
-0.622782 -0.987871 1
-0.495419 -0.768696 1
-0.692871 -0.503802 -1
-0.702204 -0.782864 -1
-0.959516 -0.867313 -1
-0.642082 -0.773054 -1
-0.174668 -0.513803 -1
-0.087919 -0.700709 -1
-0.647689 -0.132884 -1
-0.446527 -0.167829 -1
-0.226166 -0.872955 -1
-0.917928 -0.327136 -1
-0.717378 -0.133490 1
-0.763319 -0.049945 -1
-0.380177 -0.694664 1
-0.584999 -0.949518 -1
-0.495311 -0.762930 -1
-0.145997 -0.950241 -1
-0.886377 -0.881710 1
-0.762806 -0.833052 -1
-0.628642 -0.959346 -1
-0.887534 -0.679028 1
-0.102399 -0.446618 -1
-0.428835 -0.073741 -1
-0.240765 -0.725464 -1
-0.500970 -0.963382 -1
-0.085796 -0.314584 -1
-0.099625 -0.846637 -1
-0.921640 -0.896167 -1
-0.142070 -0.169054 1
-0.973487 -0.691281 1
-0.009015 -0.574130 -1
-0.179998 -0.366748 -1
-0.527441 -0.333693 1
-0.271390 -0.824642 -1
-0.765863 -0.692322 1
-0.319910 -0.236675 -1
-0.395750 -0.295665 -1
-0.384202 -0.310411 -1
-0.218898 -0.925253 -1
-0.571573 -0.292886 1
-0.743451 -0.275405 1
-0.802108 -0.734121 -1
-0.895099 -0.525541 -1
-0.153747 -0.220205 -1
-0.977286 -0.994851 -1
-0.043225 -0.232441 -1
-0.628039 -0.220110 1
-0.521478 -0.825555 1
-0.654345 -0.508311 1
-0.570420 -0.481525 -1
-0.941501 -0.669587 1
-0.089291 -0.141033 -1
-0.760323 -0.407285 -1
-0.622001 -0.079456 -1
-0.283524 -0.320040 1
-0.393752 -0.109587 1
-0.358632 -0.700385 1
-0.071958 -0.137316 -1
-0.002027 -0.068391 1
-0.325428 -0.985153 -1
-0.535999 -0.414914 1
-0.625141 -0.771835 1
-0.399121 -0.649505 -1
-0.659514 -0.005866 -1
-0.743187 -0.886706 -1
-0.118781 -0.570190 -1
-0.277179 -0.572682 -1
-0.527620 -0.822262 1
-0.574883 -0.359988 -1
-0.475422 -0.155721 -1
-0.829524 -0.737255 -1
-0.049184 -0.609144 -1
-0.012382 -0.333630 1
-0.139353 -0.745124 -1
-0.549462 -0.936132 -1
-0.691846 -0.358730 -1
-0.361930 -0.166317 1
-0.284702 -0.813763 -1
-0.363051 -0.049806 -1
-0.298367 -0.734392 -1
-0.980703 -0.168603 -1
-0.770800 -0.070892 -1
-0.095832 -0.435977 -1
-0.471631 -0.145670 -1
-0.153697 -0.763546 -1
-0.423539 -0.952974 1
-0.764399 -0.301668 -1
-0.993313 -0.884885 -1
-0.315949 -0.418640 -1
-0.522113 -0.567364 -1
-0.759102 -0.249711 -1
-0.376925 -0.699155 -1
-0.815945 -0.133816 1
-0.858468 -0.669219 -1
-0.683472 -0.455239 1
-0.940271 -0.614252 -1
-0.910998 -0.509790 1
-0.316005 -0.736788 -1
-0.144398 -0.116596 -1
-0.584829 -0.009997 -1
-0.110978 -0.421827 -1
-0.909082 -0.072506 -1
-0.806721 -0.733316 1
-0.472876 -0.724797 1
-0.142782 -0.758315 -1
-0.269689 -0.406924 -1
-0.706084 -0.607424 -1
-0.342039 -0.220995 -1
-0.321450 -0.029000 -1
-0.480364 -0.051672 1
-0.780943 -0.632227 -1
-0.096658 -0.634026 -1
-0.866351 -0.354329 -1
-0.990819 -0.600246 1
-0.423640 -0.572404 -1
-0.659760 -0.879863 -1
-0.772134 -0.861346 -1
-0.316285 -0.534738 -1
-0.639019 -0.313104 1
-0.938424 -0.063923 1
-0.080166 -0.057689 -1
-0.771205 -0.862452 -1
-0.988378 -0.239623 -1
-0.531044 -0.690478 -1
-0.321875 -0.233481 -1
-0.205578 -0.815609 -1
-0.339414 -0.398939 1
-0.230323 -0.071009 -1
-0.400155 -0.856234 1
-0.435265 -0.521881 -1
-0.543047 -0.863530 -1
-0.290999 -0.858548 -1
-0.922954 -0.430102 -1
-0.322247 -0.443099 -1
-0.401009 -0.021638 1
-0.728356 -0.455500 1
-0.753335 -0.073675 -1
-0.582188 -0.189003 -1
-0.693550 -0.568255 -1
-0.208278 -0.538053 -1
-0.178645 -0.256283 -1
-0.987950 -0.169416 1
-0.745330 -0.156101 -1
-0.662573 -0.547099 -1
-0.475141 -0.343260 -1
-0.291555 -0.423562 1
-0.333597 -0.075317 1
-0.667260 -0.402401 1
-0.961094 -0.503541 1
-0.641156 -0.746439 -1
-0.014290 -0.501268 1
-0.629409 -0.042234 -1
-0.994227 -0.032105 -1
-0.105575 -0.734704 1
-0.586665 -0.303617 -1
-0.379576 -0.108958 1
-0.319623 -0.679035 -1
-0.609829 -0.321134 -1
-0.806226 -0.380608 1
-0.457673 -0.622768 -1
-0.634268 -0.285856 1
-0.111165 -0.363034 -1
-0.997511 -0.620931 1
-0.423900 -0.820072 1
-0.887547 -0.707528 -1
-0.623045 -0.277977 -1
-0.579636 -0.942704 -1
-0.337987 -0.659938 -1
-0.074581 -0.158132 -1
-0.863894 -0.007597 -1
-0.672663 -0.961862 -1
-0.008921 -0.303102 -1
-0.964323 -0.134575 -1
-0.290593 -0.277061 1
-0.289891 -0.136002 -1
-0.306046 -0.944780 1
-0.445439 -0.720299 -1
-0.421120 -0.884840 -1
-0.528718 -0.624819 -1
-0.457406 -0.309045 1
-0.482031 -0.446345 1
-0.838134 -0.258315 -1
-0.711860 -0.611711 -1
-0.007856 -0.297600 -1
-0.241416 -0.691714 1
-0.116257 -0.666649 1
-0.250330 -0.633648 1
-0.830279 -0.847233 -1
-0.008395 -0.054391 1
-0.873630 -0.033184 -1
-0.122940 -0.461803 1
-0.244566 -0.361471 -1
-0.440628 -0.414638 -1
-0.412769 -0.694955 1
-0.229099 -0.946651 -1
-0.966176 -0.396446 -1
-0.246256 -0.121811 -1
-0.382037 -0.313037 -1
-0.533863 -0.639606 -1
-0.132941 -0.226705 -1
-0.200959 -0.095203 -1
-0.371269 -0.253883 -1
-0.186477 -0.435624 1
-0.388255 -0.893790 -1
-0.028562 -0.553804 -1
-0.336758 -0.778839 -1
-0.246090 -0.899646 1
-0.462553 -0.848585 -1
-0.441323 -0.299402 -1
-0.768381 -0.302164 -1
-0.776113 -0.575674 1
-0.405486 -0.950329 1
-0.379980 -0.406907 1
-0.498218 -0.779259 1
-0.480846 -0.463537 1
-0.573413 -0.498564 -1
-0.065977 -0.502394 -1
-0.150497 -0.417142 1
-0.410046 -0.819488 -1
-0.890871 -0.290887 -1
-0.099174 -0.066482 -1
-0.158428 -0.749295 -1
-0.197516 -0.932642 1
-0.104596 -0.993819 -1
-0.439599 -0.460018 -1
-0.518004 -0.113665 1
-0.051325 -0.255871 -1
-0.359609 -0.170399 -1
-0.632574 -0.646266 -1
-0.701006 -0.304047 1
-0.384387 -0.623133 1
-0.230070 -0.556834 -1
-0.843069 -0.169321 -1
-0.734168 -0.736599 -1
-0.140121 -0.386145 1
0.476562 0.234588 -1
0.690412 0.430283 -1
0.635681 0.415342 -1
0.388273 0.307407 1
0.728840 0.519688 -1
0.668740 0.359857 -1
0.996938 0.004600 -1
0.685196 0.914227 -1
0.604170 0.180897 -1
0.842281 0.890554 -1
0.737430 0.361141 1
0.200745 0.335562 -1
0.977127 0.474907 -1
0.870368 0.354171 -1
0.087236 0.103590 -1
0.782077 0.533402 -1
0.761608 0.818740 1
0.794218 0.464514 1
0.811360 0.614499 1
0.194393 0.291112 -1
0.212466 0.438476 1
0.056262 0.153747 1
0.345621 0.733315 -1
0.912376 0.890052 -1
0.234122 0.545723 -1
0.885357 0.268185 -1
0.300543 0.727848 -1
0.098705 0.072995 -1
0.262454 0.945169 -1
0.555485 0.660228 -1
0.468101 0.821703 -1
0.616115 0.140275 1
0.369113 0.201585 1
0.890379 0.377094 -1
0.116753 0.225642 -1
0.511564 0.723956 -1
0.802358 0.912922 -1
0.523611 0.201347 -1
0.994254 0.471127 -1
0.513499 0.800900 1
0.214492 0.042644 -1
0.631465 0.386809 1
0.419236 0.816945 1
0.979142 0.827756 -1
0.076224 0.849983 -1
0.706060 0.241300 1
0.107488 0.679734 -1
0.136020 0.710234 -1
0.626866 0.076013 -1
0.308442 0.527260 1
0.567527 0.647120 -1
0.629215 0.734644 1
0.156092 0.799417 -1
0.203996 0.712923 -1
0.101027 0.239541 -1
0.571166 0.526151 1
0.600721 0.200461 1
0.481413 0.012857 -1
0.539915 0.584904 -1
0.111162 0.032162 -1
0.604910 0.584778 1
0.768046 0.144661 1
0.099185 0.532639 -1
0.340110 0.563546 -1
0.563318 0.107927 -1
0.637150 0.318059 -1
0.525129 0.337612 1
0.577419 0.301296 1
0.677097 0.661261 1
0.830636 0.718534 -1
0.110880 0.087215 -1
0.887635 0.557882 1
0.678469 0.738563 -1
0.108651 0.110407 1
0.495107 0.039486 -1
0.777629 0.541601 -1
0.206039 0.377926 1
0.172995 0.092208 -1
0.175114 0.550746 -1
0.862226 0.978339 1
0.906148 0.563486 1
0.250959 0.243208 -1
0.868166 0.001008 -1
0.577516 0.452985 -1
0.231648 0.290646 1
0.935095 0.800007 1
0.416689 0.179760 -1
0.671098 0.384746 -1
0.626567 0.698688 -1
0.602631 0.204557 -1
0.635613 0.368265 -1
0.137569 0.937668 -1
0.632063 0.614263 -1
0.831884 0.198978 -1
0.560116 0.858132 -1
0.035976 0.280619 -1
0.765670 0.072937 1
0.994856 0.337554 -1
0.557388 0.124573 -1
0.011728 0.449657 -1
0.646621 0.434477 -1
0.552752 0.152094 -1
0.812362 0.717870 -1
0.624907 0.809432 -1
0.683683 0.028876 1
0.612268 0.471338 1
0.331985 0.211409 -1
0.523693 0.504869 1
0.182304 0.397737 -1
0.478370 0.877400 -1
0.163797 0.163653 -1
0.374724 0.046088 -1
0.501682 0.752782 -1
0.937866 0.349122 -1
0.770532 0.161629 -1
0.988117 0.991439 -1
0.894097 0.519670 -1
0.568285 0.891723 -1
0.583905 0.781671 -1
0.865089 0.381326 -1
0.557691 0.302109 -1
0.082733 0.341094 -1
0.518311 0.679028 -1
0.990035 0.624200 -1
0.075918 0.223151 1
0.145190 0.663555 1
0.862355 0.772791 -1
0.521241 0.574823 1
0.569112 0.393568 -1
0.327449 0.067969 1
0.925369 0.701990 -1
0.921220 0.732623 -1
0.302753 0.737537 -1
0.956866 0.225519 1
0.498825 0.031647 -1
0.098277 0.977133 -1
0.530955 0.880146 -1
0.604853 0.617879 -1
0.893269 0.773275 -1
0.940542 0.587906 1
0.643304 0.498667 -1
0.023023 0.168323 -1
0.677856 0.152959 -1
0.185725 0.753758 -1
0.293183 0.453239 -1
0.290340 0.907917 1
0.339498 0.180254 1
0.281007 0.408276 -1
0.542803 0.085221 -1
0.417209 0.984822 -1
0.564224 0.942178 -1
0.192744 0.165607 -1
0.576697 0.544878 -1
0.989303 0.344480 -1
0.555175 0.842608 1
0.772871 0.152975 1
0.769802 0.289394 -1
0.014370 0.169728 -1
0.011144 0.795601 -1
0.274201 0.566952 1
0.969635 0.606771 -1
0.136031 0.937703 -1
0.674699 0.413825 1
0.849670 0.938818 -1
0.831094 0.444359 -1
0.646988 0.490486 -1
0.061677 0.664945 -1
0.767833 0.527699 -1
0.084654 0.509340 1
0.113597 0.477623 -1
0.252234 0.858490 -1
0.405713 0.971939 -1
0.542192 0.491590 -1
0.089179 0.395928 -1
0.091945 0.021729 -1
0.103630 0.642548 -1
0.721408 0.257118 1
0.528952 0.061755 1
0.011967 0.525038 -1
0.333637 0.498422 -1
0.240288 0.506149 -1
0.398060 0.952005 1
0.355680 0.682302 1
0.123391 0.473015 -1
0.814910 0.495561 -1
0.256224 0.341891 -1
0.046504 0.020607 1
0.927181 0.551240 1
0.860518 0.618742 -1
0.354667 0.535559 -1
0.386854 0.452104 1
0.990700 0.123909 -1
0.819249 0.597090 -1
0.059184 0.147263 1
0.153338 0.130531 1
0.261170 0.223639 -1
0.392641 0.683674 -1
0.785337 0.470704 1
0.246715 0.714208 -1
0.490666 0.685239 -1
0.180664 0.835037 -1
0.377040 0.033311 -1
0.145375 0.646295 -1
0.206931 0.623463 -1
0.444915 0.271242 -1
0.416299 0.910573 -1
0.940257 0.418527 -1
0.768454 0.145081 -1
0.740993 0.977339 -1
0.050669 0.908017 1
0.768312 0.675200 -1
0.391182 0.548804 -1
0.711369 0.955943 -1
0.674149 0.199013 -1
0.826892 0.976730 1
0.533472 0.895277 1
0.752728 0.328014 -1
0.350180 0.388304 1
0.732782 0.938662 1
0.922926 0.935890 -1
0.627061 0.189375 -1
0.721073 0.276176 -1
0.405577 0.207776 -1
0.758173 0.883352 -1
0.452940 0.200887 1
0.208057 0.626419 1
0.267262 0.494541 -1
0.117704 0.720447 1
0.285020 0.028547 -1
0.167520 0.367853 1
0.058106 0.228644 -1
0.659265 0.820116 -1
0.901580 0.821080 -1
0.124323 0.669352 -1
0.699207 0.679301 -1
0.740043 0.755111 1
0.786783 0.741227 -1
0.868898 0.251580 -1
0.565294 0.292652 1
0.743852 0.913539 1
0.670133 0.904929 -1
0.051357 0.225921 -1
0.961579 0.622134 1
0.467803 0.904414 1
0.089883 0.563008 -1
0.698029 0.514744 -1
0.576970 0.152210 -1
0.082268 0.976621 -1
0.583737 0.448312 -1
0.163289 0.910373 -1
