-0.526450 0.744410 1
-0.774623 0.280865 1
-0.888014 0.672328 1
-0.177317 0.035429 1
-0.345459 0.587783 1
-0.274584 0.650178 1
-0.920834 0.463906 1
-0.192824 0.032564 1
-0.031431 0.543426 1
-0.223914 0.907691 1
-0.991375 0.504421 1
-0.923741 0.591798 1
-0.912297 0.327762 1
-0.846402 0.754190 1
-0.392347 0.277850 1
-0.836179 0.360760 1
-0.393149 0.579701 1
-0.689518 0.975886 1
-0.606797 0.684979 1
-0.414041 0.328972 1
-0.692966 0.470209 1
-0.369391 0.954588 1
-0.006790 0.712694 1
-0.358436 0.245660 1
-0.290056 0.284898 1
0.108755 -0.710083 1
0.872184 -0.252390 1
0.052042 -0.260990 1
0.441684 -0.387873 1
0.959134 -0.863405 1
0.668133 -0.116266 1
0.437933 -0.968278 1
0.076690 -0.672936 1
0.031145 -0.221271 1
0.368154 -0.465224 1
0.109678 -0.147456 1
0.631303 -0.594207 1
0.115698 -0.097964 1
0.627836 -0.327779 1
0.175789 -0.586643 1
0.432796 -0.244016 1
0.760481 -0.133596 1
0.017658 -0.850857 1
0.295275 -0.343657 1
0.260717 -0.948392 1
0.212905 -0.435228 1
0.356094 -0.431180 1
0.399142 -0.003931 1
0.063903 -0.191199 1
0.681950 -0.793442 1
-0.860628 -0.713756 -1
-0.749481 -0.754700 -1
-0.594487 -0.443026 -1
-0.980061 -0.161566 -1
-0.376912 -0.357080 -1
-0.261903 -0.427362 -1
-0.637262 -0.930608 -1
-0.284788 -0.628088 -1
-0.719020 -0.780190 -1
-0.034296 -0.834414 -1
-0.745806 -0.392514 -1
-0.871721 -0.587206 -1
-0.241011 -0.112405 -1
-0.273952 -0.377178 -1
-0.729119 -0.617989 -1
-0.981001 -0.958948 -1
-0.481831 -0.455949 -1
-0.992965 -0.767444 -1
-0.065781 -0.511539 -1
-0.797692 -0.671728 -1
-0.790878 -0.551062 -1
-0.215829 -0.959062 -1
-0.512938 -0.067773 -1
-0.837320 -0.332645 -1
-0.102913 -0.519878 -1
0.392543 0.630896 -1
0.103307 0.809579 -1
0.958827 0.547700 -1
0.632436 0.661992 -1
0.404516 0.218794 -1
0.838967 0.606419 -1
0.044528 0.763849 -1
0.857939 0.504890 -1
0.620259 0.860971 -1
0.645182 0.736046 -1
0.244605 0.536143 -1
0.826585 0.711045 -1
0.590181 0.072225 -1
0.576303 0.162602 -1
0.100679 0.549118 -1
0.404559 0.164887 -1
0.410379 0.033609 -1
0.499184 0.002067 -1
0.565371 0.141863 -1
0.342521 0.573739 -1
0.594475 0.250727 -1
0.963304 0.285104 -1
0.776158 0.460409 -1
0.839301 0.138810 -1
0.512053 0.100793 -1