-0.758788 0.771424 1
-0.674158 0.110207 1
-0.508495 0.439871 1
-0.161436 0.596153 1
-0.260887 0.706093 1
-0.959911 0.808367 1
-0.873075 0.570469 1
-0.259507 0.059305 1
-0.284634 0.833213 1
-0.529707 0.756972 1
-0.739568 0.436414 1
-0.523137 0.171884 1
-0.006956 0.040300 1
-0.236770 0.575137 1
-0.219269 0.026955 1
-0.124608 0.773586 1
-0.976483 0.706829 1
-0.404160 0.570869 1
-0.763473 0.920690 1
-0.270462 0.190674 1
-0.561363 0.564613 1
-0.741673 0.164777 1
-0.124282 0.419605 1
-0.224512 0.000872 1
-0.001983 0.621506 1
-0.005193 0.757776 1
-0.677012 0.819693 1
-0.324019 0.219497 1
-0.507637 0.671738 1
-0.820374 0.554312 1
-0.358737 0.878658 1
-0.789078 0.152690 1
-0.837238 0.971754 1
-0.623968 0.546716 1
-0.639738 0.372654 1
-0.985826 0.066250 1
-0.656448 0.328247 1
-0.654990 0.430910 1
-0.690352 0.453121 1
-0.207804 0.289944 1
-0.500674 0.849714 1
-0.450630 0.496231 1
-0.029271 0.835503 1
-0.886707 0.409269 1
-0.102828 0.086734 1
-0.155465 0.733906 1
-0.681193 0.892060 1
-0.862171 0.632146 1
-0.400764 0.642417 1
-0.091174 0.159716 1
-0.263128 0.347839 1
-0.679315 0.358246 1
-0.394393 0.211469 1
-0.605425 0.249556 1
-0.348077 0.234276 1
-0.207740 0.766914 1
-0.941977 0.378794 1
-0.502059 0.119683 1
-0.531586 0.137903 1
-0.240969 0.149257 1
-0.473961 0.570649 1
-0.393175 0.660575 1
-0.578141 0.167245 1
-0.263176 0.841389 1
-0.987163 0.512597 1
-0.170936 0.020445 1
-0.904697 0.055151 1
-0.143620 0.422522 1
-0.841610 0.792788 1
-0.227257 0.597406 1
-0.309921 0.182035 1
-0.487626 0.490264 1
-0.120591 0.171334 1
-0.612047 0.955931 1
-0.589450 0.513174 1
-0.830415 0.634416 1
-0.094997 0.884960 1
-0.662784 0.444237 1
-0.908930 0.477217 1
-0.669149 0.233938 1
-0.494636 0.679053 1
-0.224081 0.129902 1
-0.195276 0.796700 1
-0.829743 0.426844 1
-0.972879 0.131271 1
-0.173688 0.991402 1
-0.920147 0.288086 1
-0.751826 0.625032 1
-0.948679 0.700550 1
-0.261265 0.043873 1
-0.625619 0.470649 1
-0.520072 0.143935 1
-0.064429 0.296083 1
-0.844477 0.023188 1
-0.695598 0.382731 1
-0.195019 0.494648 1
-0.014929 0.921936 1
-0.739935 0.517472 1
-0.889865 0.021166 1
-0.287474 0.276250 1
-0.445122 0.991240 1
-0.134483 0.003955 1
-0.493175 0.014279 1
-0.358778 0.009163 1
-0.175002 0.480212 1
-0.047345 0.498122 1
-0.138853 0.920407 1
-0.933387 0.154016 1
-0.187686 0.262506 1
-0.482224 0.848385 1
-0.760158 0.173962 1
-0.697518 0.433060 1
-0.829155 0.210710 1
-0.334779 0.827219 1
-0.012307 0.542873 1
-0.665594 0.662574 1
-0.420072 0.742880 1
-0.359084 0.677672 1
-0.065476 0.678860 1
-0.047187 0.923237 1
-0.740282 0.735421 1
-0.013806 0.288778 1
-0.121834 0.166425 1
-0.877296 0.425388 1
-0.514216 0.851794 1
-0.380990 0.244817 1
-0.112979 0.825449 1
-0.678562 0.343183 1
-0.173939 0.449662 1
-0.663400 0.519449 1
-0.464535 0.860130 1
-0.867405 0.377255 1
-0.952043 0.568665 1
-0.598056 0.403532 1
-0.687645 0.685889 1
-0.117063 0.980248 1
-0.886967 0.699346 1
-0.663684 0.114450 1
-0.734378 0.651981 1
-0.582410 0.076307 1
-0.774105 0.616605 1
-0.520340 0.839789 1
-0.327670 0.816437 1
-0.969932 0.418812 1
-0.325232 0.539072 1
-0.227426 0.974691 1
-0.742431 0.911706 1
-0.087221 0.035221 1
-0.156306 0.134948 1
-0.685577 0.939031 1
-0.244107 0.635389 1
-0.059840 0.386674 1
-0.332447 0.583887 1
-0.119123 0.819650 1
-0.579719 0.196791 1
-0.774101 0.446074 1
-0.222408 0.138848 1
-0.970425 0.876827 1
-0.543270 0.097224 1
-0.590198 0.370331 1
-0.995898 0.277374 1
-0.383041 0.836341 1
-0.493201 0.280647 1
-0.042476 0.328767 1
-0.828985 0.011146 1
-0.894757 0.262521 1
-0.738011 0.286850 1
-0.345565 0.701754 1
-0.649590 0.257104 1
-0.438490 0.370431 1
-0.922833 0.116757 1
-0.742167 0.322248 1
-0.163532 0.240867 1
-0.532674 0.141428 1
-0.016728 0.973883 1
-0.563441 0.733820 1
-0.704990 0.534985 1
-0.629042 0.021677 1
-0.571309 0.864676 1
-0.810159 0.337840 1
-0.724834 0.692927 1
-0.034789 0.672756 1
-0.061629 0.910106 1
-0.417794 0.799315 1
-0.076112 0.839035 1
-0.760656 0.139952 1
-0.024125 0.737606 1
-0.729745 0.686560 1
-0.218656 0.720600 1
-0.449824 0.466233 1
-0.058622 0.306699 1
-0.652700 0.687969 1
-0.716106 0.636239 1
-0.297361 0.077282 1
-0.970327 0.885560 1
-0.825271 0.013591 1
-0.311136 0.323607 1
-0.186352 0.093750 1
-0.477839 0.367746 1
-0.569503 0.688660 1
-0.840043 0.602873 1
-0.323710 0.785083 1
-0.573507 0.993261 1
-0.939583 0.729086 1
-0.129588 0.319923 1
-0.720718 0.353949 1
-0.308405 0.019329 1
-0.049062 0.667759 1
-0.418765 0.206520 1
-0.875975 0.270885 1
-0.456714 0.988850 1
-0.483005 0.910403 1
-0.151588 0.246873 1
-0.726937 0.155449 1
-0.761108 0.194821 1
-0.314564 0.995977 1
-0.457823 0.325588 1
-0.791617 0.004540 1
-0.104035 0.618755 1
-0.708915 0.010291 1
-0.710739 0.848554 1
-0.020203 0.380039 1
-0.222091 0.704646 1
-0.903952 0.008426 1
-0.416137 0.880297 1
-0.915167 0.377544 1
-0.420765 0.994997 1
-0.489424 0.175954 1
-0.743487 0.549760 1
-0.253158 0.158156 1
-0.345432 0.103871 1
-0.652052 0.077317 1
-0.204733 0.115605 1
-0.746154 0.454904 1
-0.684366 0.291386 1
-0.616675 0.108705 1
-0.307847 0.582656 1
-0.008804 0.536875 1
-0.812506 0.056143 1
-0.861315 0.247211 1
-0.068615 0.637542 1
-0.551947 0.248273 1
-0.274209 0.432472 1
-0.477195 0.584883 1
-0.803513 0.846038 1
-0.998141 0.187315 1
-0.334658 0.049687 1
-0.454536 0.379043 1
-0.031604 0.372163 1
-0.976398 0.343613 1
0.997150 -0.469872 1
0.503094 -0.424141 1
0.003570 -0.866826 1
0.567949 -0.216436 1
0.940836 -0.926626 1
0.287034 -0.620835 1
0.680444 -0.262509 1
0.373685 -0.557579 1
0.842878 -0.202446 1
0.047834 -0.744002 1
0.911648 -0.160046 1
0.655231 -0.804780 1
0.491515 -0.492947 1
0.176201 -0.322143 1
0.896413 -0.320220 1
0.781235 -0.925572 1
0.779374 -0.321413 1
0.001619 -0.852906 1
0.851067 -0.204302 1
0.896425 -0.417691 1
0.323272 -0.027378 1
0.193180 -0.153083 1
0.357994 -0.909747 1
0.778392 -0.518150 1
0.239954 -0.419871 1
0.580584 -0.096139 1
0.350687 -0.464542 1
0.900441 -0.222104 1
0.155010 -0.735236 1
0.040230 -0.217619 1
0.575522 -0.449648 1
0.643407 -0.260679 1
0.951138 -0.632942 1
0.273893 -0.553778 1
0.643194 -0.557165 1
0.931581 -0.599773 1
0.746220 -0.484939 1
0.134064 -0.356648 1
0.214435 -0.096329 1
0.211670 -0.159252 1
0.510876 -0.778117 1
0.576140 -0.176545 1
0.614170 -0.064140 1
0.388789 -0.442116 1
0.762839 -0.476093 1
0.319416 -0.767682 1
0.274410 -0.394483 1
0.724994 -0.199359 1
0.776423 -0.840439 1
0.477047 -0.826798 1
0.067068 -0.692909 1
0.510841 -0.879065 1
0.719978 -0.994753 1
0.006859 -0.016505 1
0.395431 -0.566941 1
0.504455 -0.588057 1
0.509369 -0.417512 1
0.846522 -0.002800 1
0.264818 -0.100605 1
0.088140 -0.926027 1
0.026711 -0.696108 1
0.396697 -0.957621 1
0.003421 -0.441346 1
0.004279 -0.088384 1
0.583921 -0.516089 1
0.221827 -0.253012 1
0.565350 -0.983237 1
0.000585 -0.763587 1
0.686543 -0.488924 1
0.846877 -0.532435 1
0.932404 -0.972355 1
0.705099 -0.575790 1
0.301273 -0.469717 1
0.464842 -0.107988 1
0.169271 -0.292311 1
0.048480 -0.788061 1
0.113702 -0.774086 1
0.686499 -0.121790 1
0.931555 -0.051182 1
0.836544 -0.877063 1
0.612403 -0.314860 1
0.361850 -0.283684 1
0.664987 -0.660295 1
0.212065 -0.500969 1
0.692258 -0.450248 1
0.260433 -0.795459 1
0.072757 -0.639437 1
0.514865 -0.923682 1
0.367753 -0.173183 1
0.387260 -0.656822 1
0.385336 -0.346832 1
0.235357 -0.433582 1
0.552255 -0.043068 1
0.800245 -0.207990 1
0.462310 -0.162501 1
0.280848 -0.277099 1
0.667072 -0.620620 1
0.446433 -0.127321 1
0.751976 -0.830632 1
0.039146 -0.482570 1
0.991520 -0.374510 1
0.595762 -0.351160 1
0.463405 -0.154825 1
0.186142 -0.374051 1
0.357525 -0.189223 1
0.231283 -0.646370 1
0.494408 -0.434959 1
0.258113 -0.741205 1
0.971972 -0.755926 1
0.743544 -0.193227 1
0.458205 -0.007096 1
0.838929 -0.857473 1
0.278872 -0.127378 1
0.380847 -0.372448 1
0.378009 -0.311674 1
0.576321 -0.174987 1
0.841500 -0.125290 1
0.531727 -0.467215 1
0.595341 -0.125002 1
0.438188 -0.105578 1
0.121970 -0.773069 1
0.983530 -0.170618 1
0.664342 -0.183849 1
0.904635 -0.106955 1
0.631996 -0.422505 1
0.504566 -0.403417 1
0.908251 -0.861103 1
0.215885 -0.318501 1
0.372035 -0.502495 1
0.885126 -0.757025 1
0.965219 -0.711032 1
0.088517 -0.591459 1
0.769329 -0.010955 1
0.669585 -0.943537 1
0.838156 -0.316159 1
0.633765 -0.496796 1
0.623954 -0.423070 1
0.249525 -0.789711 1
0.950668 -0.966708 1
0.723424 -0.647820 1
0.853744 -0.398100 1
0.296585 -0.999190 1
0.291655 -0.336859 1
0.877759 -0.429967 1
0.881320 -0.478479 1
0.134182 -0.837647 1
0.661629 -0.216561 1
0.023773 -0.791408 1
0.987795 -0.325410 1
0.627513 -0.137459 1
0.466681 -0.737750 1
0.602311 -0.652337 1
0.805115 -0.195376 1
0.035931 -0.093762 1
0.919837 -0.986048 1
0.376066 -0.393229 1
0.237452 -0.901964 1
0.062098 -0.881314 1
0.815262 -0.909493 1
0.515392 -0.641859 1
0.989847 -0.693254 1
0.633237 -0.308478 1
0.096943 -0.755358 1
0.504456 -0.559800 1
0.005609 -0.666165 1
0.396985 -0.904668 1
0.397523 -0.622822 1
0.376235 -0.658899 1
0.311999 -0.526448 1
0.632274 -0.231888 1
0.645637 -0.094625 1
0.633401 -0.244886 1
0.033371 -0.417852 1
0.327940 -0.281499 1
0.716049 -0.132889 1
0.850049 -0.381625 1
0.755117 -0.273263 1
0.119411 -0.807971 1
0.672107 -0.127510 1
0.663867 -0.054990 1
0.739279 -0.857642 1
0.721018 -0.526196 1
0.147730 -0.917444 1
0.817433 -0.740990 1
0.309603 -0.500553 1
0.274208 -0.760375 1
0.428300 -0.881177 1
0.608691 -0.534248 1
0.887206 -0.129811 1
0.303926 -0.663920 1
0.825505 -0.789426 1
0.896466 -0.320343 1
0.788139 -0.294208 1
0.043041 -0.697003 1
0.536684 -0.180779 1
0.229547 -0.475130 1
0.950214 -0.987911 1
0.240069 -0.811949 1
0.243992 -0.451321 1
0.730813 -0.034737 1
0.433226 -0.868096 1
0.388220 -0.455155 1
0.636182 -0.113918 1
0.290062 -0.076288 1
0.907119 -0.800042 1
0.303785 -0.113640 1
0.818406 -0.288947 1
0.020411 -0.254638 1
0.857476 -0.547046 1
0.983431 -0.983426 1
0.073496 -0.052403 1
0.933666 -0.493896 1
0.672824 -0.250077 1
0.116352 -0.943721 1
0.794249 -0.977816 1
0.535612 -0.168837 1
0.898410 -0.976120 1
0.561024 -0.946548 1
0.334228 -0.902493 1
0.484842 -0.175135 1
0.597598 -0.880640 1
0.739455 -0.518571 1
0.048140 -0.779460 1
0.502264 -0.669516 1
0.953392 -0.082054 1
0.927048 -0.916322 1
0.893907 -0.926322 1
0.917427 -0.957626 1
0.960568 -0.013564 1
0.935736 -0.070062 1
0.807815 -0.345744 1
0.959580 -0.555603 1
0.279688 -0.206964 1
0.542297 -0.586491 1
0.900411 -0.005340 1
0.912021 -0.456685 1
0.333496 -0.242523 1
0.671473 -0.681928 1
0.735191 -0.454726 1
0.973739 -0.117344 1
0.317401 -0.051259 1
0.137488 -0.147142 1
0.911627 -0.097297 1
0.580930 -0.264984 1
0.861653 -0.865510 1
0.157162 -0.622570 1
0.565621 -0.619624 1
0.820476 -0.893205 1
0.996855 -0.921255 1
0.982944 -0.953606 1
-0.993016 -0.765389 -1
-0.059230 -0.285851 -1
-0.327667 -0.045931 -1
-0.760396 -0.736519 -1
-0.079905 -0.365267 -1
-0.597003 -0.833816 -1
-0.601496 -0.089726 -1
-0.057060 -0.303110 -1
-0.769758 -0.940716 -1
-0.998737 -0.937609 -1
-0.632200 -0.168778 -1
-0.917396 -0.981336 -1
-0.406173 -0.035012 -1
-0.278173 -0.479840 -1
-0.555731 -0.401289 -1
-0.575491 -0.050698 -1
-0.295333 -0.363126 -1
-0.919500 -0.799151 -1
-0.063951 -0.678069 -1
-0.275820 -0.970715 -1
-0.748515 -0.834708 -1
-0.930511 -0.444912 -1
-0.414642 -0.813408 -1
-0.192568 -0.697999 -1
-0.889425 -0.670208 -1
-0.345163 -0.069308 -1
-0.222497 -0.125618 -1
-0.827555 -0.116630 -1
-0.012111 -0.510160 -1
-0.757405 -0.978757 -1
-0.674297 -0.168591 -1
-0.010777 -0.799646 -1
-0.755502 -0.436243 -1
-0.721917 -0.150830 -1
-0.359967 -0.833169 -1
-0.556711 -0.336230 -1
-0.315981 -0.972583 -1
-0.946777 -0.190093 -1
-0.334155 -0.096020 -1
-0.679834 -0.033910 -1
-0.160366 -0.067434 -1
-0.689317 -0.407294 -1
-0.981846 -0.961484 -1
-0.851068 -0.740529 -1
-0.351149 -0.463689 -1
-0.591057 -0.501977 -1
-0.494411 -0.544674 -1
-0.154924 -0.837520 -1
-0.909872 -0.817404 -1
-0.383014 -0.142962 -1
-0.732591 -0.289658 -1
-0.561008 -0.618571 -1
-0.664516 -0.696026 -1
-0.592057 -0.896413 -1
-0.415841 -0.157864 -1
-0.048465 -0.359315 -1
-0.882447 -0.292470 -1
-0.427362 -0.751579 -1
-0.616406 -0.821430 -1
-0.910990 -0.036877 -1
-0.229356 -0.384242 -1
-0.153590 -0.696889 -1
-0.004502 -0.620834 -1
-0.065908 -0.253519 -1
-0.226170 -0.003832 -1
-0.786700 -0.297728 -1
-0.676423 -0.636980 -1
-0.862172 -0.937614 -1
-0.159101 -0.925728 -1
-0.418558 -0.511949 -1
-0.442364 -0.072938 -1
-0.980281 -0.006248 -1
-0.419166 -0.317918 -1
-0.206477 -0.450369 -1
-0.355535 -0.181026 -1
-0.301001 -0.257127 -1
-0.011385 -0.828881 -1
-0.077251 -0.763511 -1
-0.672371 -0.378371 -1
-0.394582 -0.943646 -1
-0.156601 -0.221617 -1
-0.012386 -0.689680 -1
-0.222398 -0.163679 -1
-0.109020 -0.050873 -1
-0.200983 -0.180240 -1
-0.405175 -0.520762 -1
-0.211957 -0.984637 -1
-0.138763 -0.906993 -1
-0.486595 -0.971185 -1
-0.417091 -0.457913 -1
-0.965957 -0.576184 -1
-0.903756 -0.204810 -1
-0.325526 -0.751354 -1
-0.652157 -0.767009 -1
-0.938492 -0.727166 -1
-0.517353 -0.633857 -1
-0.498621 -0.188392 -1
-0.318209 -0.327280 -1
-0.766202 -0.185258 -1
-0.832910 -0.583100 -1
-0.326223 -0.225818 -1
-0.266381 -0.100244 -1
-0.238353 -0.452502 -1
-0.366467 -0.139130 -1
-0.502079 -0.667950 -1
-0.512917 -0.394882 -1
-0.173407 -0.025790 -1
-0.881972 -0.460670 -1
-0.980761 -0.125525 -1
-0.137238 -0.990486 -1
-0.064124 -0.364046 -1
-0.458149 -0.044536 -1
-0.248006 -0.217395 -1
-0.558973 -0.966958 -1
-0.984233 -0.034320 -1
-0.846495 -0.752322 -1
-0.444223 -0.695772 -1
-0.791918 -0.189764 -1
-0.628590 -0.839047 -1
-0.870759 -0.656523 -1
-0.575632 -0.460063 -1
-0.837573 -0.948009 -1
-0.963232 -0.195794 -1
-0.193108 -0.613943 -1
-0.074730 -0.612773 -1
-0.739507 -0.901435 -1
-0.046123 -0.015929 -1
-0.804434 -0.998908 -1
-0.557813 -0.081338 -1
-0.896933 -0.673386 -1
-0.438269 -0.827931 -1
-0.622666 -0.650052 -1
-0.102956 -0.191147 -1
-0.846687 -0.389589 -1
-0.590416 -0.989634 -1
-0.384038 -0.058606 -1
-0.840387 -0.643946 -1
-0.446892 -0.320153 -1
-0.165936 -0.192516 -1
-0.875957 -0.530204 -1
-0.721834 -0.425854 -1
-0.411767 -0.287978 -1
-0.368549 -0.937566 -1
-0.368553 -0.634186 -1
-0.615170 -0.826150 -1
-0.999816 -0.860541 -1
-0.684030 -0.195013 -1
-0.475340 -0.046171 -1
-0.824775 -0.234951 -1
-0.396724 -0.451083 -1
-0.726188 -0.079765 -1
-0.333902 -0.355023 -1
-0.485036 -0.167804 -1
-0.622115 -0.703656 -1
-0.951641 -0.447200 -1
-0.147434 -0.333971 -1
-0.816006 -0.096281 -1
-0.696781 -0.106732 -1
-0.128589 -0.695716 -1
-0.117370 -0.365326 -1
-0.571111 -0.259511 -1
-0.003226 -0.909369 -1
-0.518363 -0.713475 -1
-0.750308 -0.287290 -1
-0.089621 -0.730722 -1
-0.395345 -0.648141 -1
-0.369751 -0.566238 -1
-0.115634 -0.864105 -1
-0.697302 -0.464662 -1
-0.305662 -0.851755 -1
-0.099684 -0.738004 -1
-0.244823 -0.332078 -1
-0.573419 -0.033191 -1
-0.724723 -0.974084 -1
-0.948397 -0.583936 -1
-0.908213 -0.778276 -1
-0.191387 -0.601486 -1
-0.971370 -0.980804 -1
-0.413528 -0.165233 -1
-0.251720 -0.175924 -1
-0.745468 -0.058818 -1
-0.914667 -0.540931 -1
-0.307920 -0.784861 -1
-0.879042 -0.602026 -1
-0.925857 -0.481604 -1
-0.641432 -0.916718 -1
-0.434638 -0.646765 -1
-0.923909 -0.318041 -1
-0.219693 -0.623753 -1
-0.539392 -0.256421 -1
-0.909266 -0.241805 -1
-0.306274 -0.001041 -1
-0.247546 -0.609769 -1
-0.618608 -0.245098 -1
-0.119039 -0.843692 -1
-0.555100 -0.587229 -1
-0.716738 -0.105272 -1
-0.799658 -0.455686 -1
-0.556054 -0.642821 -1
-0.648569 -0.905737 -1
-0.267174 -0.369209 -1
-0.632597 -0.942065 -1
-0.880092 -0.761417 -1
-0.345242 -0.254990 -1
-0.838893 -0.632001 -1
-0.475027 -0.585874 -1
-0.206930 -0.390470 -1
-0.674613 -0.798881 -1
-0.025425 -0.108654 -1
-0.719839 -0.547643 -1
-0.047178 -0.203219 -1
-0.705414 -0.617431 -1
-0.486357 -0.521821 -1
-0.794186 -0.474940 -1
-0.126861 -0.346789 -1
-0.366159 -0.827675 -1
-0.102577 -0.252455 -1
-0.122658 -0.720525 -1
-0.316145 -0.270976 -1
-0.261287 -0.274147 -1
-0.678167 -0.217734 -1
-0.190133 -0.297830 -1
-0.755787 -0.214164 -1
-0.677275 -0.275128 -1
-0.600937 -0.213818 -1
-0.036759 -0.965185 -1
-0.896147 -0.718417 -1
-0.948481 -0.606211 -1
-0.302584 -0.300712 -1
-0.584467 -0.991597 -1
-0.288922 -0.024010 -1
-0.772688 -0.651297 -1
-0.594808 -0.414471 -1
-0.361892 -0.941749 -1
-0.760319 -0.029531 -1
-0.987278 -0.481703 -1
-0.498872 -0.737707 -1
-0.133326 -0.069893 -1
-0.631055 -0.435639 -1
-0.224626 -0.972264 -1
-0.235475 -0.096695 -1
-0.414083 -0.799656 -1
-0.699308 -0.454706 -1
-0.426585 -0.720615 -1
-0.246441 -0.851667 -1
-0.373399 -0.343767 -1
-0.630407 -0.175464 -1
-0.267554 -0.481683 -1
-0.234184 -0.676404 -1
-0.700417 -0.570629 -1
0.304714 0.204574 -1
0.386835 0.929452 -1
0.978234 0.615836 -1
0.312757 0.570776 -1
0.838423 0.399671 -1
0.903770 0.823477 -1
0.059037 0.024465 -1
0.887601 0.858520 -1
0.929719 0.689608 -1
0.102495 0.233852 -1
0.633244 0.960313 -1
0.199069 0.676048 -1
0.085084 0.029964 -1
0.884080 0.820856 -1
0.245831 0.157068 -1
0.728942 0.174676 -1
0.137247 0.589522 -1
0.030624 0.002070 -1
0.555726 0.073167 -1
0.103616 0.675333 -1
0.547611 0.633647 -1
0.838301 0.218340 -1
0.047935 0.758243 -1
0.625194 0.869564 -1
0.583265 0.121944 -1
0.476095 0.449776 -1
0.174957 0.893930 -1
0.256907 0.687327 -1
0.273291 0.865437 -1
0.040714 0.432556 -1
0.694354 0.978527 -1
0.655385 0.142542 -1
0.945237 0.877844 -1
0.860580 0.535314 -1
0.023930 0.934257 -1
0.645021 0.043097 -1
0.018297 0.379764 -1
0.860794 0.795349 -1
0.313388 0.759993 -1
0.103216 0.756218 -1
0.343948 0.747561 -1
0.514606 0.234256 -1
0.716084 0.892369 -1
0.329927 0.252276 -1
0.094337 0.558147 -1
0.879878 0.608194 -1
0.112708 0.367168 -1
0.908887 0.729601 -1
0.147643 0.397076 -1
0.561300 0.348068 -1
0.282589 0.161827 -1
0.201969 0.001267 -1
0.030620 0.196342 -1
0.821607 0.479917 -1
0.331531 0.713191 -1
0.001583 0.400897 -1
0.753550 0.053313 -1
0.318522 0.126392 -1
0.564495 0.300551 -1
0.215447 0.716849 -1
0.372107 0.148834 -1
0.487289 0.074616 -1
0.135909 0.812906 -1
0.121882 0.712694 -1
0.952158 0.688535 -1
0.762433 0.901459 -1
0.353343 0.435799 -1
0.563320 0.115097 -1
0.943238 0.367862 -1
0.092289 0.579139 -1
0.944580 0.800393 -1
0.990641 0.506452 -1
0.459967 0.930998 -1
0.977724 0.632475 -1
0.331818 0.989138 -1
0.302337 0.968341 -1
0.310033 0.338830 -1
0.510523 0.279674 -1
0.006203 0.530872 -1
0.340228 0.993999 -1
0.948609 0.705834 -1
0.111576 0.121789 -1
0.449352 0.068402 -1
0.156874 0.595639 -1
0.462189 0.023418 -1
0.142222 0.292536 -1
0.708798 0.869053 -1
0.263050 0.241145 -1
0.183351 0.022005 -1
0.779577 0.014274 -1
0.604995 0.719579 -1
0.813082 0.696704 -1
0.452780 0.941400 -1
0.249978 0.357561 -1
0.137991 0.373753 -1
0.576781 0.537675 -1
0.281105 0.936962 -1
0.436838 0.975823 -1
0.928668 0.780742 -1
0.970980 0.086993 -1
0.154837 0.358687 -1
0.411513 0.707159 -1
0.430965 0.218521 -1
0.558714 0.259534 -1
0.615220 0.832547 -1
0.831213 0.203877 -1
0.024779 0.149149 -1
0.066789 0.542382 -1
0.224337 0.347024 -1
0.281948 0.889447 -1
0.122955 0.598652 -1
0.224365 0.087992 -1
0.438802 0.477660 -1
0.389527 0.164352 -1
0.908598 0.904648 -1
0.276993 0.265815 -1
0.472834 0.568315 -1
0.874198 0.188918 -1
0.715384 0.610246 -1
0.576778 0.163585 -1
0.910031 0.994485 -1
0.365984 0.195447 -1
0.575749 0.665138 -1
0.753911 0.100327 -1
0.677879 0.236448 -1
0.070516 0.772910 -1
0.034455 0.027108 -1
0.706514 0.858991 -1
0.644714 0.475952 -1
0.167503 0.152433 -1
0.930277 0.637292 -1
0.197303 0.967529 -1
0.598800 0.258716 -1
0.144483 0.953750 -1
0.662014 0.912765 -1
0.658911 0.904073 -1
0.965961 0.088304 -1
0.941338 0.729651 -1
0.022101 0.489574 -1
0.680329 0.853701 -1
0.044090 0.490476 -1
0.013036 0.423442 -1
0.450081 0.563688 -1
0.080918 0.129686 -1
0.050225 0.328983 -1
0.708309 0.752431 -1
0.786725 0.032718 -1
0.527328 0.377211 -1
0.850172 0.809621 -1
0.297629 0.137839 -1
0.961305 0.907047 -1
0.189983 0.569248 -1
0.430638 0.524358 -1
0.160116 0.652655 -1
0.435194 0.252812 -1
0.278850 0.086510 -1
0.522219 0.318345 -1
0.237743 0.498837 -1
0.837771 0.332313 -1
0.130904 0.689683 -1
0.567936 0.929102 -1
0.847998 0.345744 -1
0.668630 0.809199 -1
0.911150 0.795492 -1
0.241959 0.028241 -1
0.732162 0.093763 -1
0.473711 0.444882 -1
0.752176 0.357327 -1
0.976109 0.898421 -1
0.147173 0.337494 -1
0.165021 0.006093 -1
0.031059 0.106842 -1
0.171940 0.757369 -1
0.352915 0.048294 -1
0.605038 0.301215 -1
0.678653 0.955676 -1
0.107868 0.090791 -1
0.135509 0.131014 -1
0.498092 0.142064 -1
0.483771 0.239008 -1
0.774441 0.655313 -1
0.332439 0.541041 -1
0.839741 0.056910 -1
0.056868 0.001541 -1
0.723373 0.892478 -1
0.089685 0.341614 -1
0.434648 0.942400 -1
0.060053 0.207391 -1
0.919701 0.821341 -1
0.623095 0.186612 -1
0.698978 0.609511 -1
0.970379 0.051306 -1
0.635001 0.503040 -1
0.410529 0.458438 -1
0.270240 0.306247 -1
0.574126 0.209911 -1
0.583190 0.772345 -1
0.027982 0.951809 -1
0.272438 0.064003 -1
0.636455 0.145669 -1
0.710242 0.098431 -1
0.292206 0.509725 -1
0.364476 0.064084 -1
0.659131 0.996258 -1
0.022713 0.737919 -1
0.995048 0.927595 -1
0.071177 0.990904 -1
0.741058 0.331552 -1
0.512019 0.119942 -1
0.756960 0.250145 -1
0.874683 0.773071 -1
0.527504 0.489624 -1
0.966018 0.522568 -1
0.152002 0.250479 -1
0.100875 0.679509 -1
0.049581 0.057565 -1
0.143940 0.992982 -1
0.632154 0.680756 -1
0.513600 0.138220 -1
0.275590 0.611272 -1
0.184759 0.648862 -1
0.241534 0.363999 -1
0.883969 0.501395 -1
0.134426 0.293837 -1
0.245859 0.792000 -1
0.393425 0.723011 -1
0.376539 0.141559 -1
0.483849 0.613685 -1
0.661236 0.174998 -1
0.731116 0.911810 -1
0.139573 0.937653 -1
0.677042 0.363732 -1
0.551949 0.313924 -1
0.042608 0.560920 -1
0.520358 0.576600 -1
0.384225 0.532733 -1
0.596390 0.625353 -1
0.884713 0.390461 -1
0.607758 0.748401 -1
0.901076 0.846292 -1
0.006433 0.696713 -1
0.501366 0.355392 -1
0.450579 0.578897 -1
0.566230 0.960293 -1
0.320950 0.250433 -1
0.415528 0.927640 -1
0.773880 0.122093 -1
0.266547 0.695127 -1
0.171435 0.037648 -1
0.739546 0.112498 -1
