-0.097578 0.746045 -1
-0.126693 0.188214 1
-0.684184 0.950670 1
-0.900352 0.089925 -1
-0.207328 0.898016 -1
-0.719385 0.443827 1
-0.812320 0.255177 1
-0.952874 0.707833 -1
-0.276636 0.757076 -1
-0.894032 0.218848 1
-0.773730 0.808865 -1
-0.611148 0.222541 1
-0.760351 0.726446 1
-0.978184 0.312711 -1
-0.702744 0.732027 1
-0.995637 0.764287 1
-0.085864 0.370063 -1
-0.151989 0.627690 1
-0.032631 0.264626 1
-0.396568 0.608013 1
-0.450110 0.265823 1
-0.235309 0.755049 -1
-0.992276 0.686115 -1
-0.129058 0.320510 1
-0.826888 0.500646 1
0.496571 -0.938107 1
0.636779 -0.384200 1
0.348537 -0.069385 -1
0.659584 -0.294266 -1
0.323940 -0.702643 1
0.642603 -0.321066 -1
0.524871 -0.986777 -1
0.454888 -0.982316 -1
0.586552 -0.239760 1
0.308568 -0.924491 1
0.891548 -0.466534 1
0.801454 -0.268335 1
0.172065 -0.859534 1
0.205974 -0.873103 1
0.202528 -0.073574 1
0.987699 -0.692411 1
0.763092 -0.309940 1
0.104948 -0.140693 -1
0.299088 -0.261743 1
0.695999 -0.209620 1
0.315293 -0.603493 1
0.108550 -0.334366 1
0.118949 -0.078085 -1
0.743572 -0.006481 -1
0.373466 -0.340688 1
-0.762163 -0.468853 1
-0.973746 -0.372379 -1
-0.959011 -0.008564 -1
-0.589865 -0.242163 -1
-0.007252 -0.851912 1
-0.009495 -0.627415 -1
-0.190228 -0.943278 -1
-0.226391 -0.791906 -1
-0.719499 -0.281617 -1
-0.674545 -0.399270 -1
-0.901183 -0.274246 -1
-0.304078 -0.152295 1
-0.940981 -0.025309 -1
-0.896701 -0.466838 -1
-0.935270 -0.870581 1
-0.088666 -0.162536 -1
-0.443469 -0.891649 1
-0.178755 -0.688336 1
-0.158632 -0.014565 -1
-0.929830 -0.130921 1
-0.328236 -0.686672 1
-0.041320 -0.068716 1
-0.983254 -0.219231 -1
-0.634315 -0.278028 -1
-0.936328 -0.659641 -1
0.683271 0.913537 -1
0.697695 0.754501 1
0.585141 0.943494 -1
0.794967 0.823177 1
0.448257 0.177150 1
0.367293 0.487028 -1
0.429115 0.297523 1
0.777379 0.843129 1
0.022441 0.462309 -1
0.794706 0.062317 1
0.535251 0.742942 -1
0.850283 0.136535 1
0.867062 0.358021 -1
0.211528 0.511357 1
0.648426 0.759931 -1
0.742068 0.139855 1
0.032193 0.418482 -1
0.318572 0.721729 1
0.030040 0.550184 1
0.192513 0.754245 -1
0.774425 0.905171 1
0.181621 0.874499 -1
0.649821 0.540420 -1
0.025115 0.536219 1
0.648611 0.693454 -1
