-0.030143 0.479136 -1
-0.244521 0.634747 1
-0.049332 0.566200 1
-0.554841 0.011057 1
-0.207762 0.833686 1
-0.026061 0.059142 1
-0.407073 0.125980 -1
-0.284801 0.943264 1
-0.769415 0.675333 1
-0.488520 0.824574 1
-0.797319 0.869258 1
-0.994871 0.643023 -1
-0.635847 0.756431 -1
-0.440094 0.024865 -1
-0.160109 0.036849 -1
-0.005067 0.796644 1
-0.882273 0.131303 1
-0.050195 0.611792 1
-0.726995 0.298573 1
-0.400304 0.957377 1
-0.416851 0.313349 1
-0.765679 0.555457 1
-0.337862 0.015555 1
-0.187324 0.806825 -1
-0.503778 0.674851 1
0.974000 -0.316966 1
0.201525 -0.139904 -1
0.776915 -0.794948 1
0.962286 -0.527501 1
0.949899 -0.809585 1
0.626500 -0.474720 1
0.216616 -0.640886 -1
0.540141 -0.420560 1
0.231412 -0.176012 1
0.723361 -0.165284 -1
0.334009 -0.654775 -1
0.497801 -0.080555 -1
0.859972 -0.711594 1
0.508359 -0.503031 1
0.605649 -0.010502 1
0.752037 -0.036927 1
0.406454 -0.464686 1
0.378734 -0.076107 1
0.795245 -0.662243 1
0.764075 -0.741998 -1
0.833962 -0.774927 -1
0.461796 -0.938058 1
0.481757 -0.360677 1
0.019566 -0.404137 1
0.398592 -0.847703 -1
-0.162727 -0.526288 -1
-0.962466 -0.605200 -1
-0.335415 -0.600563 -1
-0.499418 -0.714116 -1
-0.521865 -0.512286 -1
-0.826239 -0.688754 -1
-0.447428 -0.776717 -1
-0.330246 -0.812887 -1
-0.158381 -0.755261 -1
-0.729290 -0.418188 -1
-0.211967 -0.438421 1
-0.721379 -0.545460 -1
-0.713453 -0.196666 1
-0.020027 -0.641987 -1
-0.007230 -0.259082 -1
-0.734644 -0.632729 1
-0.846454 -0.561643 -1
-0.568146 -0.522918 -1
-0.611198 -0.356956 1
-0.632479 -0.239070 1
-0.865171 -0.100932 -1
-0.165840 -0.539485 1
-0.697453 -0.960673 -1
-0.921210 -0.045034 -1
-0.775102 -0.953971 -1
0.966824 0.445516 -1
0.619355 0.925210 -1
0.759755 0.136627 -1
0.629867 0.607553 -1
0.595805 0.023868 1
0.397769 0.362038 1
0.581591 0.301615 -1
0.134771 0.483060 1
0.197540 0.321766 1
0.921455 0.336435 -1
0.931300 0.967183 -1
0.640706 0.772190 1
0.593462 0.450859 1
0.440140 0.352228 -1
0.541937 0.889992 -1
0.338484 0.260700 -1
0.231770 0.986693 -1
0.146907 0.652013 1
0.889123 0.417309 1
0.337043 0.614705 -1
0.814524 0.413021 1
0.100061 0.733172 -1
0.844463 0.643593 -1
0.478187 0.172522 -1
0.122281 0.793435 -1
