-0.741231 0.406902 1
-0.804612 0.175258 1
-0.413773 0.758858 1
-0.025060 0.717257 1
-0.615027 0.123806 1
-0.243728 0.628124 1
-0.619109 0.463777 1
-0.849544 0.181611 1
-0.593016 0.404782 1
-0.393817 0.467115 1
-0.737240 0.684544 1
-0.157082 0.708845 1
-0.532482 0.505040 1
-0.294216 0.341572 1
-0.269647 0.088796 1
-0.772287 0.659537 1
-0.694106 0.150474 1
-0.821129 0.495971 1
-0.136842 0.837398 1
-0.057890 0.700283 1
-0.009015 0.978268 1
-0.437241 0.048156 1
-0.695088 0.734513 1
-0.392513 0.474972 1
-0.435893 0.647565 1
-0.242226 0.592218 1
-0.840169 0.093312 1
-0.024770 0.102831 1
-0.924243 0.354932 1
-0.687398 0.391953 1
-0.064121 0.507417 1
-0.902332 0.884535 1
-0.409881 0.305059 1
-0.712557 0.448254 1
-0.538856 0.397501 1
-0.136700 0.627845 1
-0.353112 0.607605 1
-0.801600 0.509742 1
-0.845859 0.024720 1
-0.820660 0.330133 1
-0.355215 0.722704 1
-0.707998 0.854959 1
-0.943071 0.099430 1
-0.341814 0.771492 1
-0.516711 0.645958 1
-0.267412 0.421244 1
-0.293986 0.745525 1
-0.143343 0.512465 1
-0.986819 0.434202 1
-0.740411 0.905798 1
-0.337822 0.333012 1
-0.640539 0.316517 1
-0.197106 0.724841 1
-0.092968 0.018190 1
-0.983839 0.428059 1
-0.346104 0.628389 1
-0.569949 0.945202 1
-0.566437 0.937441 1
-0.141962 0.789894 1
-0.271325 0.627996 1
-0.559858 0.941024 1
-0.685866 0.661684 1
-0.990884 0.467228 1
-0.347915 0.620720 1
-0.448290 0.179484 1
-0.290109 0.484669 1
-0.162074 0.550452 1
-0.856981 0.192133 1
-0.918597 0.012522 1
-0.338323 0.439601 1
-0.823830 0.853421 1
-0.384600 0.887514 1
-0.321192 0.833220 1
-0.156065 0.605714 1
-0.793816 0.757852 1
-0.629385 0.222591 1
-0.530487 0.477341 1
-0.978838 0.698092 1
-0.437058 0.812617 1
-0.807875 0.581347 1
-0.647548 0.035001 1
-0.251175 0.931633 1
-0.925529 0.502152 1
-0.591451 0.126996 1
-0.262018 0.347561 1
-0.679655 0.738998 1
-0.769328 0.474119 1
-0.611333 0.812840 1
-0.039616 0.095695 1
-0.681406 0.114226 1
-0.868662 0.651916 1
-0.289118 0.980334 1
-0.363511 0.736093 1
-0.692574 0.483000 1
-0.914908 0.712593 1
-0.801282 0.383265 1
-0.160483 0.267585 1
-0.965403 0.248519 1
-0.051291 0.288983 1
-0.913213 0.528309 1
-0.533170 0.130320 1
-0.193570 0.418597 1
-0.432912 0.966701 1
-0.111860 0.373671 1
-0.156071 0.571335 1
-0.091754 0.270838 1
-0.918632 0.573988 1
-0.905656 0.313829 1
-0.843107 0.708955 1
-0.039507 0.335326 1
-0.021716 0.597029 1
-0.090723 0.770613 1
-0.352286 0.288734 1
-0.065147 0.407979 1
-0.486044 0.664413 1
-0.413418 0.766740 1
-0.404692 0.711802 1
-0.156194 0.007562 1
-0.576654 0.100024 1
-0.389351 0.263097 1
-0.282096 0.105722 1
-0.043353 0.030374 1
-0.991837 0.987126 1
-0.685716 0.229340 1
-0.282485 0.141175 1
-0.120404 0.950116 1
-0.823883 0.053763 1
-0.260547 0.641448 1
-0.464731 0.259244 1
-0.560064 0.722996 1
-0.181127 0.310529 1
-0.828061 0.207710 1
-0.118739 0.865316 1
-0.642623 0.727605 1
-0.891902 0.281051 1
-0.913965 0.217489 1
-0.071748 0.060121 1
-0.372162 0.416423 1
-0.453566 0.496183 1
-0.811607 0.231586 1
-0.761846 0.073354 1
-0.718144 0.297109 1
-0.479057 0.043417 1
-0.683855 0.760648 1
-0.323095 0.409811 1
-0.148854 0.701171 1
-0.827837 0.312870 1
-0.369916 0.913270 1
-0.290297 0.641753 1
-0.933871 0.341848 1
-0.461483 0.214708 1
-0.989671 0.329732 1
-0.903783 0.201706 1
-0.408642 0.397608 1
-0.135883 0.961682 1
-0.183830 0.691283 1
-0.086733 0.005021 1
-0.607775 0.195790 1
-0.584922 0.571610 1
-0.441067 0.511029 1
-0.171245 0.814364 1
-0.134075 0.761415 1
-0.702735 0.398197 1
-0.164296 0.747687 1
-0.330095 0.322408 1
-0.503916 0.326769 1
-0.822057 0.144295 1
-0.669968 0.730179 1
-0.253746 0.705604 1
-0.193186 0.180998 1
-0.040168 0.147098 1
-0.981768 0.840224 1
-0.289584 0.031208 1
-0.907723 0.528463 1
-0.116433 0.968201 1
-0.722796 0.865783 1
-0.349427 0.924180 1
-0.373919 0.026651 1
-0.976820 0.592105 1
-0.833769 0.235155 1
-0.258067 0.725681 1
-0.569705 0.649342 1
-0.316087 0.277561 1
-0.645238 0.557300 1
-0.484280 0.022553 1
-0.963957 0.567293 1
-0.503016 0.493636 1
-0.489912 0.100491 1
-0.173527 0.523344 1
-0.867631 0.973821 1
-0.497209 0.196068 1
-0.065667 0.935528 1
-0.090664 0.846599 1
-0.377641 0.159576 1
-0.992550 0.633422 1
-0.763976 0.975017 1
-0.295911 0.313737 1
-0.507804 0.266803 1
-0.687232 0.855317 1
-0.112944 0.686367 1
-0.128516 0.061578 1
-0.591307 0.065371 1
-0.534538 0.860230 1
-0.754931 0.080722 1
-0.116103 0.004632 1
-0.931591 0.477163 1
-0.307229 0.522732 1
-0.844729 0.319172 1
-0.377713 0.690250 1
-0.808420 0.017841 1
-0.256520 0.476129 1
-0.805104 0.546925 1
-0.661826 0.653841 1
-0.405504 0.272057 1
-0.654572 0.372874 1
-0.421114 0.261222 1
-0.465547 0.221606 1
-0.434420 0.845427 1
-0.854272 0.392801 1
-0.313227 0.066588 1
-0.582534 0.014534 1
-0.000404 0.468878 1
-0.196114 0.248163 1
-0.890676 0.430476 1
-0.100434 0.652151 1
-0.901551 0.556355 1
-0.604629 0.722472 1
-0.109556 0.189915 1
-0.503996 0.120139 1
-0.830815 0.554793 1
-0.822963 0.539353 1
-0.168195 0.540135 1
-0.704856 0.757597 1
-0.957958 0.327544 1
-0.059093 0.287684 1
-0.225235 0.807095 1
-0.257033 0.833314 1
-0.042688 0.084041 1
-0.674322 0.949308 1
-0.813508 0.245882 1
-0.535345 0.248601 1
-0.237727 0.088111 1
-0.581725 0.672180 1
-0.987448 0.862066 1
-0.617049 0.985938 1
-0.440286 0.323357 1
-0.220947 0.741936 1
-0.772754 0.799005 1
-0.497586 0.609024 1
-0.721671 0.874583 1
0.450592 -0.915191 1
0.555369 -0.614513 1
0.763814 -0.503024 1
0.058318 -0.706660 1
0.912716 -0.397799 1
0.464158 -0.079724 1
0.845529 -0.055365 1
0.489221 -0.370647 1
0.870554 -0.414620 1
0.101182 -0.129069 1
0.240211 -0.957954 1
0.737457 -0.084777 1
0.155284 -0.037535 1
0.108394 -0.002169 1
0.051541 -0.983702 1
0.310689 -0.055125 1
0.984673 -0.544362 1
0.975345 -0.932917 1
0.135942 -0.539569 1
0.027041 -0.903137 1
0.709961 -0.214084 1
0.585015 -0.766837 1
0.258621 -0.453704 1
0.835307 -0.401170 1
0.726125 -0.103471 1
0.335499 -0.189214 1
0.087357 -0.152004 1
0.907417 -0.887086 1
0.996847 -0.686032 1
0.298619 -0.846290 1
0.439683 -0.271581 1
0.451240 -0.946805 1
0.095698 -0.358285 1
0.224333 -0.191988 1
0.282711 -0.226282 1
0.785959 -0.449571 1
0.737722 -0.292607 1
0.348172 -0.280172 1
0.617909 -0.618033 1
0.670139 -0.660735 1
0.261282 -0.895620 1
0.316037 -0.578306 1
0.451084 -0.730416 1
0.654983 -0.799446 1
0.166786 -0.111793 1
0.121761 -0.971404 1
0.091896 -0.722080 1
0.723186 -0.879827 1
0.144739 -0.536458 1
0.131757 -0.333135 1
0.556608 -0.374277 1
0.929314 -0.211638 1
0.575045 -0.248390 1
0.056424 -0.515060 1
0.478438 -0.305044 1
0.940717 -0.096629 1
0.259136 -0.128441 1
0.569015 -0.126867 1
0.429059 -0.804811 1
0.330595 -0.155523 1
0.604640 -0.409216 1
0.265342 -0.150635 1
0.888662 -0.332268 1
0.134124 -0.118146 1
0.832603 -0.135634 1
0.331005 -0.399861 1
0.576143 -0.844967 1
0.390543 -0.148564 1
0.782816 -0.711942 1
0.543699 -0.021163 1
0.169500 -0.946554 1
0.920567 -0.228887 1
0.642778 -0.159663 1
0.878613 -0.831564 1
0.857448 -0.383150 1
0.820915 -0.444616 1
0.757164 -0.287998 1
0.741642 -0.046435 1
0.180545 -0.580290 1
0.456957 -0.055975 1
0.425087 -0.839581 1
0.609845 -0.722991 1
0.186558 -0.275715 1
0.974047 -0.034670 1
0.544852 -0.795769 1
0.556487 -0.650057 1
0.121286 -0.556618 1
0.512962 -0.948295 1
0.301986 -0.170134 1
0.411391 -0.664689 1
0.287764 -0.677785 1
0.632053 -0.886749 1
0.239126 -0.820146 1
0.431305 -0.115983 1
0.362432 -0.695244 1
0.784098 -0.567521 1
0.869330 -0.163439 1
0.939936 -0.060460 1
0.340657 -0.732994 1
0.845110 -0.522358 1
0.251726 -0.617041 1
0.685686 -0.024762 1
0.031570 -0.877700 1
0.716008 -0.899578 1
0.461257 -0.151004 1
0.307702 -0.415324 1
0.243289 -0.202557 1
0.749770 -0.931547 1
0.105028 -0.070515 1
0.139541 -0.785135 1
0.305397 -0.499055 1
0.960966 -0.720315 1
0.904858 -0.388975 1
0.260260 -0.576473 1
0.220570 -0.628169 1
0.061746 -0.552182 1
0.602792 -0.240802 1
0.596372 -0.392008 1
0.685064 -0.566137 1
0.125894 -0.635019 1
0.832591 -0.297987 1
0.200320 -0.865335 1
0.198172 -0.194558 1
0.771672 -0.083637 1
0.587861 -0.079764 1
0.711239 -0.340425 1
0.922620 -0.812288 1
0.173085 -0.931067 1
0.721718 -0.660181 1
0.384772 -0.381223 1
0.354375 -0.835839 1
0.793987 -0.823025 1
0.162377 -0.208279 1
0.976717 -0.448804 1
0.938661 -0.680626 1
0.044499 -0.412424 1
0.440190 -0.895522 1
0.254843 -0.516446 1
0.634497 -0.683807 1
0.971005 -0.634349 1
0.513670 -0.349701 1
0.400677 -0.235408 1
0.625518 -0.393963 1
0.389960 -0.356897 1
0.749293 -0.287676 1
0.129807 -0.056737 1
0.321148 -0.846199 1
0.354070 -0.921729 1
0.102794 -0.965302 1
0.987988 -0.227291 1
0.273470 -0.329402 1
0.319073 -0.498628 1
0.457097 -0.564097 1
0.416316 -0.253441 1
0.811309 -0.037305 1
0.125690 -0.793207 1
0.729110 -0.968932 1
0.771842 -0.729058 1
0.146547 -0.502052 1
0.595500 -0.929817 1
0.611032 -0.736851 1
0.399586 -0.974057 1
0.219326 -0.147504 1
0.207096 -0.702831 1
0.487336 -0.323370 1
0.417937 -0.072537 1
0.316248 -0.161696 1
0.685274 -0.212280 1
0.664061 -0.229337 1
0.546731 -0.484154 1
0.898686 -0.682489 1
0.515025 -0.344776 1
0.551992 -0.013471 1
0.864331 -0.847362 1
0.078930 -0.166091 1
0.807644 -0.180772 1
0.796828 -0.223324 1
0.041820 -0.206627 1
0.081000 -0.578424 1
0.600354 -0.368038 1
0.154954 -0.837586 1
0.924027 -0.967085 1
0.953409 -0.642941 1
0.536338 -0.302508 1
0.889844 -0.318830 1
0.783494 -0.625335 1
0.562240 -0.150209 1
0.498838 -0.187691 1
0.608578 -0.644700 1
0.419616 -0.033216 1
0.400454 -0.863130 1
0.432136 -0.085642 1
0.986074 -0.968677 1
0.359361 -0.182344 1
0.203744 -0.146920 1
0.928701 -0.480830 1
0.620163 -0.824117 1
0.304752 -0.223701 1
0.389882 -0.820836 1
0.873538 -0.394105 1
0.756760 -0.808996 1
0.509477 -0.609349 1
0.981527 -0.639348 1
0.257148 -0.842116 1
0.352199 -0.395395 1
0.487223 -0.155072 1
0.675297 -0.917460 1
0.042398 -0.057890 1
0.395246 -0.951279 1
0.160258 -0.494392 1
0.014461 -0.340342 1
0.395962 -0.086970 1
0.478181 -0.697455 1
0.716601 -0.150976 1
0.143644 -0.800184 1
0.458023 -0.697078 1
0.623110 -0.614580 1
0.833544 -0.900475 1
0.908519 -0.275212 1
0.530107 -0.579190 1
0.251360 -0.467187 1
0.641490 -0.645657 1
0.637061 -0.045026 1
0.103170 -0.404518 1
0.381985 -0.594110 1
0.771222 -0.960718 1
0.139430 -0.514894 1
0.161459 -0.276835 1
0.811213 -0.370009 1
0.187771 -0.125216 1
0.182993 -0.855715 1
0.550943 -0.484142 1
0.899768 -0.628568 1
0.014269 -0.990904 1
0.786610 -0.422487 1
0.434940 -0.866878 1
0.542538 -0.743726 1
0.550015 -0.442928 1
0.872326 -0.071189 1
0.859112 -0.580557 1
0.722283 -0.820471 1
0.955697 -0.331140 1
0.242519 -0.231369 1
0.180076 -0.788054 1
0.901545 -0.327306 1
0.604201 -0.066978 1
0.822088 -0.295779 1
0.212829 -0.422077 1
0.176164 -0.884728 1
0.704386 -0.221145 1
-0.839032 -0.152046 -1
-0.832738 -0.629500 -1
-0.530836 -0.115050 -1
-0.407700 -0.373271 -1
-0.287476 -0.990240 -1
-0.682545 -0.285407 -1
-0.026480 -0.351264 -1
-0.526048 -0.340131 -1
-0.753832 -0.599071 -1
-0.276593 -0.202118 -1
-0.818119 -0.231340 -1
-0.719584 -0.869935 -1
-0.289422 -0.652716 -1
-0.294183 -0.454660 -1
-0.244340 -0.920343 -1
-0.124871 -0.090823 -1
-0.608083 -0.825353 -1
-0.715704 -0.792331 -1
-0.858521 -0.919087 -1
-0.889825 -0.016125 -1
-0.609635 -0.320999 -1
-0.893367 -0.839599 -1
-0.717109 -0.093221 -1
-0.819304 -0.416888 -1
-0.469356 -0.505996 -1
-0.556299 -0.068671 -1
-0.400718 -0.862559 -1
-0.338278 -0.633338 -1
-0.709341 -0.127666 -1
-0.945405 -0.858968 -1
-0.829657 -0.514156 -1
-0.495436 -0.574113 -1
-0.768259 -0.340478 -1
-0.978911 -0.116618 -1
-0.269039 -0.545435 -1
-0.201398 -0.825929 -1
-0.497330 -0.065762 -1
-0.759709 -0.815494 -1
-0.758293 -0.386121 -1
-0.248282 -0.258746 -1
-0.026337 -0.292852 -1
-0.074759 -0.098588 -1
-0.621979 -0.146972 -1
-0.907048 -0.983462 -1
-0.720951 -0.360114 -1
-0.034540 -0.569700 -1
-0.174308 -0.506263 -1
-0.253978 -0.422343 -1
-0.174231 -0.426854 -1
-0.705396 -0.568704 -1
-0.181056 -0.222128 -1
-0.564759 -0.625690 -1
-0.297140 -0.691303 -1
-0.921112 -0.353512 -1
-0.680097 -0.934162 -1
-0.175666 -0.881649 -1
-0.019643 -0.443319 -1
-0.381435 -0.072104 -1
-0.470167 -0.066340 -1
-0.653045 -0.286619 -1
-0.120313 -0.394402 -1
-0.858674 -0.735624 -1
-0.793989 -0.723946 -1
-0.950481 -0.173993 -1
-0.679228 -0.084185 -1
-0.167969 -0.492442 -1
-0.249285 -0.242527 -1
-0.611090 -0.191429 -1
-0.926376 -0.086551 -1
-0.446608 -0.288921 -1
-0.512739 -0.381344 -1
-0.097854 -0.819143 -1
-0.338247 -0.925872 -1
-0.128458 -0.992141 -1
-0.385389 -0.067599 -1
-0.220436 -0.433352 -1
-0.409760 -0.194262 -1
-0.898637 -0.970760 -1
-0.868000 -0.275736 -1
-0.321586 -0.269851 -1
-0.380123 -0.421632 -1
-0.914113 -0.717144 -1
-0.510469 -0.712968 -1
-0.873804 -0.747080 -1
-0.867100 -0.645116 -1
-0.282272 -0.252103 -1
-0.643595 -0.635825 -1
-0.669621 -0.855967 -1
-0.752885 -0.012778 -1
-0.164384 -0.165096 -1
-0.342773 -0.102745 -1
-0.995817 -0.320894 -1
-0.652014 -0.838527 -1
-0.887652 -0.750129 -1
-0.445871 -0.008163 -1
-0.874256 -0.371549 -1
-0.215863 -0.497523 -1
-0.666005 -0.759700 -1
-0.486450 -0.959440 -1
-0.260200 -0.883444 -1
-0.777818 -0.407748 -1
-0.762425 -0.779049 -1
-0.868511 -0.898566 -1
-0.923787 -0.311313 -1
-0.505432 -0.279461 -1
-0.857042 -0.362810 -1
-0.068175 -0.182379 -1
-0.360073 -0.656941 -1
-0.503786 -0.984818 -1
-0.290143 -0.746329 -1
-0.772121 -0.650884 -1
-0.630187 -0.450767 -1
-0.835261 -0.031361 -1
-0.320267 -0.412853 -1
-0.471736 -0.091530 -1
-0.335058 -0.711726 -1
-0.118608 -0.232383 -1
-0.597502 -0.266841 -1
-0.002362 -0.547454 -1
-0.019622 -0.586825 -1
-0.107776 -0.934704 -1
-0.981033 -0.487221 -1
-0.226761 -0.729183 -1
-0.065448 -0.085446 -1
-0.441914 -0.753405 -1
-0.552854 -0.564778 -1
-0.133298 -0.275108 -1
-0.718460 -0.880619 -1
-0.368047 -0.166477 -1
-0.232730 -0.447668 -1
-0.121826 -0.399498 -1
-0.902117 -0.180147 -1
-0.102252 -0.964543 -1
-0.044218 -0.652568 -1
-0.987204 -0.615059 -1
-0.418126 -0.535285 -1
-0.978071 -0.715925 -1
-0.473376 -0.893918 -1
-0.166767 -0.702096 -1
-0.086215 -0.620490 -1
-0.483467 -0.160605 -1
-0.304233 -0.371020 -1
-0.360025 -0.882058 -1
-0.371847 -0.762051 -1
-0.660379 -0.851212 -1
-0.251677 -0.242888 -1
-0.454798 -0.170739 -1
-0.316817 -0.752931 -1
-0.806343 -0.046905 -1
-0.693210 -0.429061 -1
-0.176090 -0.860728 -1
-0.942578 -0.554791 -1
-0.850174 -0.500721 -1
-0.219193 -0.041987 -1
-0.535181 -0.177526 -1
-0.786834 -0.012989 -1
-0.047945 -0.754668 -1
-0.391264 -0.645168 -1
-0.896294 -0.848191 -1
-0.794831 -0.039219 -1
-0.493115 -0.622422 -1
-0.098233 -0.660003 -1
-0.413014 -0.956608 -1
-0.741783 -0.234250 -1
-0.168913 -0.925647 -1
-0.864808 -0.327082 -1
-0.424788 -0.216056 -1
-0.493717 -0.412792 -1
-0.459592 -0.531129 -1
-0.822674 -0.328200 -1
-0.982243 -0.702859 -1
-0.339564 -0.027125 -1
-0.387197 -0.810546 -1
-0.571129 -0.890424 -1
-0.524437 -0.732894 -1
-0.020595 -0.208469 -1
-0.921192 -0.636157 -1
-0.511568 -0.440735 -1
-0.863944 -0.661764 -1
-0.417325 -0.298883 -1
-0.226237 -0.549960 -1
-0.683561 -0.222222 -1
-0.495845 -0.150889 -1
-0.803052 -0.912888 -1
-0.854267 -0.373280 -1
-0.571762 -0.241973 -1
-0.020863 -0.452228 -1
-0.377615 -0.690008 -1
-0.030297 -0.081547 -1
-0.704677 -0.003472 -1
-0.548579 -0.476502 -1
-0.704619 -0.378960 -1
-0.158832 -0.292931 -1
-0.122076 -0.845286 -1
-0.906369 -0.551321 -1
-0.770061 -0.527334 -1
-0.506191 -0.990700 -1
-0.695115 -0.252132 -1
-0.631554 -0.699996 -1
-0.040191 -0.041971 -1
-0.123288 -0.829705 -1
-0.397219 -0.654460 -1
-0.874497 -0.495294 -1
-0.873828 -0.405599 -1
-0.676997 -0.389834 -1
-0.206854 -0.496415 -1
-0.546392 -0.814391 -1
-0.373029 -0.878842 -1
-0.117607 -0.881295 -1
-0.219018 -0.068248 -1
-0.431698 -0.401134 -1
-0.271323 -0.699425 -1
-0.576393 -0.129792 -1
-0.368703 -0.566253 -1
-0.292010 -0.301417 -1
-0.942060 -0.186396 -1
-0.438671 -0.359290 -1
-0.479356 -0.209965 -1
-0.827725 -0.074377 -1
-0.552548 -0.922201 -1
-0.252238 -0.832892 -1
-0.746433 -0.631648 -1
-0.535418 -0.498534 -1
-0.670762 -0.667955 -1
-0.987221 -0.004133 -1
-0.146421 -0.678908 -1
-0.878683 -0.933265 -1
-0.732123 -0.707320 -1
-0.430573 -0.663316 -1
-0.710796 -0.450945 -1
-0.428287 -0.123502 -1
-0.483707 -0.768979 -1
-0.315289 -0.992462 -1
-0.065060 -0.151504 -1
-0.808241 -0.294372 -1
-0.017209 -0.378219 -1
-0.755022 -0.452616 -1
-0.623811 -0.591076 -1
-0.772476 -0.000153 -1
-0.658089 -0.219177 -1
-0.725209 -0.921904 -1
-0.143663 -0.333107 -1
-0.311126 -0.843795 -1
-0.733061 -0.829230 -1
-0.656664 -0.992105 -1
-0.957237 -0.255543 -1
-0.699257 -0.909922 -1
-0.369120 -0.793713 -1
-0.726454 -0.889248 -1
-0.519185 -0.417549 -1
0.345714 0.390087 -1
0.403278 0.505061 -1
0.335474 0.146753 -1
0.728832 0.437729 -1
0.137253 0.383366 -1
0.732516 0.052317 -1
0.433064 0.054926 -1
0.884972 0.185582 -1
0.129449 0.391070 -1
0.256740 0.395548 -1
0.933075 0.510470 -1
0.763915 0.405489 -1
0.323400 0.112480 -1
0.578040 0.891424 -1
0.636987 0.702786 -1
0.253567 0.434145 -1
0.410829 0.968003 -1
0.827217 0.491145 -1
0.505976 0.103406 -1
0.056323 0.898864 -1
0.610331 0.322856 -1
0.960905 0.738455 -1
0.599412 0.570981 -1
0.369724 0.897026 -1
0.174917 0.034559 -1
0.320254 0.468096 -1
0.587351 0.705157 -1
0.641800 0.931578 -1
0.513700 0.249523 -1
0.152076 0.628260 -1
0.943188 0.041556 -1
0.820564 0.716943 -1
0.752625 0.789740 -1
0.300276 0.711415 -1
0.430546 0.498552 -1
0.314089 0.938543 -1
0.057754 0.143350 -1
0.256276 0.676038 -1
0.820348 0.166485 -1
0.908878 0.292475 -1
0.886789 0.748349 -1
0.470304 0.048025 -1
0.893463 0.738186 -1
0.724724 0.062320 -1
0.590990 0.479728 -1
0.277558 0.970823 -1
0.369091 0.571739 -1
0.938718 0.625588 -1
0.802094 0.990514 -1
0.783021 0.118384 -1
0.768825 0.897871 -1
0.942004 0.207698 -1
0.289838 0.846973 -1
0.288142 0.572488 -1
0.979436 0.528358 -1
0.903822 0.194254 -1
0.070629 0.325851 -1
0.247973 0.271418 -1
0.848124 0.993530 -1
0.770887 0.035698 -1
0.202205 0.607201 -1
0.119667 0.342976 -1
0.586007 0.720833 -1
0.914501 0.127923 -1
0.942646 0.343446 -1
0.381613 0.774404 -1
0.665866 0.633315 -1
0.056044 0.914139 -1
0.579934 0.565685 -1
0.643603 0.267699 -1
0.400753 0.527111 -1
0.633222 0.046445 -1
0.321659 0.863176 -1
0.349010 0.856550 -1
0.835293 0.725595 -1
0.827369 0.869452 -1
0.223898 0.801259 -1
0.106882 0.189914 -1
0.635529 0.514103 -1
0.353083 0.165737 -1
0.434377 0.709389 -1
0.337336 0.008765 -1
0.787597 0.125461 -1
0.681125 0.315058 -1
0.166085 0.885360 -1
0.391905 0.359095 -1
0.090951 0.459671 -1
0.759380 0.785492 -1
0.499127 0.667900 -1
0.072203 0.127201 -1
0.817816 0.511809 -1
0.048593 0.393610 -1
0.196688 0.136578 -1
0.175954 0.255622 -1
0.416051 0.735633 -1
0.721216 0.818299 -1
0.185535 0.869524 -1
0.534792 0.168883 -1
0.258730 0.620452 -1
0.415743 0.279877 -1
0.148796 0.091098 -1
0.202136 0.030135 -1
0.505047 0.062629 -1
0.961942 0.047747 -1
0.980737 0.845394 -1
0.657780 0.341032 -1
0.754101 0.520676 -1
0.820745 0.648928 -1
0.291919 0.377128 -1
0.675792 0.071046 -1
0.477763 0.473360 -1
0.124998 0.517346 -1
0.169461 0.054122 -1
0.389178 0.608267 -1
0.855140 0.186373 -1
0.566149 0.086628 -1
0.508995 0.484049 -1
0.195530 0.818462 -1
0.694979 0.387095 -1
0.730732 0.819807 -1
0.070319 0.180989 -1
0.513355 0.706458 -1
0.680128 0.875199 -1
0.780219 0.060490 -1
0.343209 0.367898 -1
0.116583 0.907512 -1
0.949744 0.739206 -1
0.592194 0.699699 -1
0.463215 0.327715 -1
0.124692 0.975130 -1
0.556738 0.562361 -1
0.179770 0.997189 -1
0.086067 0.001919 -1
0.284500 0.640853 -1
0.796802 0.346094 -1
0.310420 0.429517 -1
0.141151 0.126734 -1
0.362698 0.278517 -1
0.146855 0.896142 -1
0.330416 0.067001 -1
0.212085 0.191280 -1
0.829042 0.736686 -1
0.991769 0.174376 -1
0.104100 0.168305 -1
0.316857 0.628138 -1
0.071108 0.969970 -1
0.255245 0.664575 -1
0.226432 0.298652 -1
0.978796 0.968671 -1
0.692135 0.910772 -1
0.752182 0.758190 -1
0.794400 0.332184 -1
0.936066 0.319030 -1
0.857324 0.095962 -1
0.919967 0.221453 -1
0.512824 0.313672 -1
0.839607 0.590072 -1
0.906525 0.325022 -1
0.449471 0.170752 -1
0.693380 0.362159 -1
0.382748 0.125555 -1
0.981839 0.906842 -1
0.441904 0.443552 -1
0.103198 0.424980 -1
0.203954 0.765966 -1
0.071755 0.789110 -1
0.363677 0.738172 -1
0.272055 0.448741 -1
0.596428 0.225629 -1
0.291366 0.030372 -1
0.153463 0.598574 -1
0.356612 0.373513 -1
0.622669 0.099806 -1
0.900120 0.428416 -1
0.529624 0.957713 -1
0.533578 0.734619 -1
0.482758 0.015643 -1
0.612706 0.486535 -1
0.152079 0.536983 -1
0.087077 0.736927 -1
0.689254 0.963843 -1
0.459967 0.753326 -1
0.202680 0.097614 -1
0.339570 0.814736 -1
0.872547 0.371003 -1
0.792440 0.030669 -1
0.572064 0.723374 -1
0.577001 0.674693 -1
0.211569 0.533188 -1
0.863510 0.015180 -1
0.094496 0.933302 -1
0.497104 0.627435 -1
0.829675 0.558371 -1
0.638123 0.651718 -1
0.951610 0.524197 -1
0.872125 0.869891 -1
0.148567 0.211665 -1
0.782859 0.401870 -1
0.204532 0.393329 -1
0.197777 0.520574 -1
0.834025 0.183923 -1
0.372196 0.256667 -1
0.404445 0.088749 -1
0.706893 0.686795 -1
0.571137 0.929354 -1
0.561969 0.490407 -1
0.176655 0.807027 -1
0.319701 0.605461 -1
0.161600 0.249743 -1
0.283025 0.342087 -1
0.830742 0.462196 -1
0.368847 0.608346 -1
0.994251 0.493064 -1
0.038879 0.712507 -1
0.551897 0.624282 -1
0.354884 0.531238 -1
0.423657 0.626424 -1
0.270388 0.274478 -1
0.333747 0.223077 -1
0.559268 0.729918 -1
0.689565 0.325798 -1
0.028045 0.270756 -1
0.762471 0.653606 -1
0.593549 0.157270 -1
0.837806 0.067987 -1
0.576030 0.872662 -1
0.027751 0.664025 -1
0.513783 0.249729 -1
0.068451 0.230901 -1
0.401296 0.652049 -1
0.351695 0.288122 -1
0.139459 0.306393 -1
0.159036 0.301072 -1
0.015936 0.199336 -1
0.365493 0.653495 -1
0.828102 0.313263 -1
0.340826 0.378205 -1
0.661441 0.028399 -1
0.831373 0.449105 -1
0.650762 0.678563 -1
0.898994 0.769496 -1
0.911446 0.529811 -1
0.253276 0.875402 -1
0.801077 0.015396 -1
0.018096 0.339642 -1
0.736086 0.897233 -1
0.479749 0.506246 -1
0.309451 0.117438 -1
0.820972 0.971369 -1
0.145137 0.456202 -1
