-0.583464 0.718995 -1
-0.963571 0.726626 1
-0.266633 0.679275 1
-0.429201 0.437942 -1
-0.307581 0.521778 -1
-0.917064 0.703307 1
-0.300050 0.370983 -1
-0.471682 0.245549 -1
-0.993764 0.939661 1
-0.504995 0.832335 -1
-0.633474 0.148215 -1
-0.921243 0.582157 1
-0.250796 0.089309 1
-0.288139 0.935864 1
-0.194656 0.843790 -1
-0.024912 0.669824 1
-0.579467 0.873750 1
-0.069135 0.375342 1
-0.360250 0.341546 1
-0.853519 0.165182 -1
-0.336197 0.121543 1
-0.481423 0.041131 1
-0.457098 0.568589 -1
-0.594532 0.134429 1
-0.302194 0.882941 -1
0.792558 -0.991580 -1
0.514803 -0.678528 1
0.897047 -0.826954 1
0.775356 -0.622130 1
0.312589 -0.920852 -1
0.965172 -0.674572 1
0.640344 -0.839453 1
0.942077 -0.014373 1
0.928593 -0.153814 1
0.471290 -0.593240 -1
0.348142 -0.648007 1
0.306104 -0.155637 -1
0.739220 -0.376748 1
0.989957 -0.460553 -1
0.474437 -0.595377 1
0.067850 -0.672305 -1
0.180968 -0.934372 -1
0.013292 -0.060045 -1
0.820338 -0.897640 1
0.936723 -0.985889 1
0.727999 -0.516182 -1
0.322071 -0.507556 1
0.280203 -0.351860 -1
0.379833 -0.655326 1
0.191312 -0.772333 1
-0.316121 -0.374907 -1
-0.631479 -0.955209 -1
-0.001450 -0.561794 1
-0.577567 -0.815403 1
-0.033188 -0.807570 -1
-0.518208 -0.637251 1
-0.726549 -0.529365 1
-0.182920 -0.876746 1
-0.031975 -0.994746 1
-0.377830 -0.899730 -1
-0.234497 -0.807596 -1
-0.267096 -0.230889 1
-0.844222 -0.466519 -1
-0.332118 -0.909203 -1
-0.972506 -0.460618 1
-0.450083 -0.164972 1
-0.061366 -0.270912 -1
-0.947255 -0.156073 -1
-0.728606 -0.370001 -1
-0.401340 -0.895496 -1
-0.693497 -0.451550 1
-0.948306 -0.912956 -1
-0.855541 -0.932620 -1
-0.401666 -0.156576 -1
-0.618233 -0.147667 -1
0.799404 0.612326 -1
0.600791 0.401759 -1
0.841188 0.017264 1
0.644085 0.741504 1
0.445501 0.739564 1
0.059984 0.517513 1
0.298771 0.685634 1
0.304569 0.045407 -1
0.870226 0.883646 -1
0.945963 0.177315 -1
0.067248 0.118207 1
0.845525 0.917866 1
0.572042 0.331809 -1
0.292392 0.723397 -1
0.548448 0.374944 -1
0.307297 0.326701 -1
0.045956 0.967401 -1
0.298546 0.540322 -1
0.695295 0.551149 -1
0.069740 0.850367 1
0.140547 0.380813 -1
0.668476 0.114809 -1
0.088717 0.720801 -1
0.752154 0.479193 -1
0.022832 0.049174 1
