-0.093416 0.674536 1
-0.679215 0.406158 1
-0.027593 0.676066 1
-0.147061 0.487300 -1
-0.222605 0.492457 -1
-0.922965 0.780133 1
-0.997438 0.655814 1
-0.239122 0.274772 1
-0.297958 0.366768 1
-0.196430 0.858202 1
-0.472469 0.205511 1
-0.610695 0.407806 1
-0.924744 0.369074 1
-0.127771 0.974479 1
-0.501400 0.532999 1
-0.062173 0.027809 1
-0.802940 0.796593 1
-0.662961 0.953797 1
-0.840186 0.403768 -1
-0.265504 0.129190 -1
-0.891379 0.702782 1
-0.629726 0.537396 1
-0.790666 0.287167 1
-0.296370 0.300390 1
-0.030235 0.141147 -1
0.831584 -0.682490 1
0.186778 -0.460506 1
0.214566 -0.808753 1
0.920217 -0.116635 1
0.948773 -0.215531 1
0.625805 -0.977535 1
0.526134 -0.402684 1
0.771240 -0.553606 1
0.689660 -0.749453 1
0.129844 -0.259563 1
0.082230 -0.041436 -1
0.224604 -0.863605 1
0.570623 -0.521715 -1
0.580048 -0.304441 1
0.335150 -0.699878 1
0.557818 -0.214059 1
0.542564 -0.886219 1
0.465522 -0.718498 1
0.143247 -0.595925 1
0.310106 -0.381601 1
0.333102 -0.829834 1
0.380763 -0.924793 1
0.452021 -0.450428 1
0.951828 -0.554043 1
0.326626 -0.002899 1
-0.203536 -0.609791 -1
-0.329404 -0.053150 -1
-0.127400 -0.137786 -1
-0.307292 -0.634826 -1
-0.222039 -0.479722 -1
-0.286256 -0.664673 -1
-0.640937 -0.819825 -1
-0.109945 -0.469308 1
-0.632433 -0.937704 -1
-0.452677 -0.255232 -1
-0.684482 -0.404247 -1
-0.718620 -0.611998 -1
-0.074384 -0.259203 -1
-0.441532 -0.554261 1
-0.747275 -0.410319 -1
-0.326329 -0.931831 -1
-0.255997 -0.028986 -1
-0.047420 -0.256346 1
-0.068492 -0.388532 -1
-0.217502 -0.189513 -1
-0.018077 -0.810212 -1
-0.861730 -0.889755 -1
-0.692032 -0.683505 -1
-0.970922 -0.755389 -1
-0.269418 -0.529822 1
0.949869 0.575016 1
0.942166 0.997439 -1
0.741293 0.711695 -1
0.960755 0.995523 1
0.800443 0.381748 -1
0.134039 0.896247 1
0.701408 0.063130 1
0.154214 0.919959 -1
0.373763 0.109775 -1
0.677535 0.491934 -1
0.702220 0.402656 -1
0.049093 0.745157 -1
0.014640 0.411661 1
0.455768 0.792829 -1
0.207953 0.589720 -1
0.861247 0.670077 -1
0.757016 0.457534 1
0.746883 0.010258 -1
0.421716 0.103624 -1
0.900107 0.562299 -1
0.620866 0.057536 -1
0.367079 0.922278 1
0.276489 0.598206 -1
0.265027 0.614902 1
0.988584 0.801612 1
