-0.800698 0.096611 1
-0.999082 0.155208 1
-0.279236 0.664427 1
-0.272223 0.612283 -1
-0.693796 0.949244 1
-0.323738 0.972851 1
-0.231359 0.697829 -1
-0.147330 0.246678 -1
-0.811869 0.979812 1
-0.643210 0.080485 1
-0.868436 0.973945 1
-0.119944 0.259462 -1
-0.604989 0.576231 -1
-0.258535 0.016567 1
-0.159712 0.935471 -1
-0.485126 0.986065 1
-0.131875 0.663658 1
-0.852964 0.004351 -1
-0.485529 0.775949 1
-0.740637 0.520113 1
-0.246762 0.426459 -1
-0.952803 0.317024 1
-0.838415 0.972508 1
-0.430103 0.035395 1
-0.496242 0.580644 -1
-0.446879 0.958817 -1
-0.844271 0.304337 1
-0.827724 0.293225 1
-0.424584 0.512196 -1
-0.607943 0.317010 -1
-0.905798 0.381340 -1
-0.086052 0.350853 1
-0.781937 0.027310 1
-0.216346 0.480914 -1
-0.803505 0.101540 1
-0.475944 0.522583 1
-0.854261 0.832592 1
-0.040560 0.247019 -1
-0.783629 0.069839 1
-0.453277 0.743837 1
-0.309078 0.040391 -1
-0.452378 0.377458 1
-0.487881 0.332414 -1
-0.790744 0.305481 1
-0.384488 0.057351 -1
-0.731946 0.201545 1
-0.023114 0.411781 1
-0.484784 0.896551 -1
-0.742758 0.146999 1
-0.563391 0.179451 1
-0.569063 0.228944 -1
-0.323908 0.439529 1
-0.684569 0.149155 1
-0.396604 0.339940 -1
-0.022263 0.066129 1
-0.429123 0.646396 -1
-0.572042 0.502971 -1
-0.619758 0.681728 -1
-0.727394 0.131709 1
-0.960246 0.064671 1
-0.601636 0.845948 1
-0.083182 0.128337 -1
-0.588916 0.866511 1
-0.363642 0.925552 1
-0.806097 0.232162 1
-0.912968 0.247929 1
-0.668672 0.094106 -1
-0.904933 0.716462 -1
-0.116022 0.180534 1
-0.868940 0.072776 -1
-0.767417 0.826573 1
-0.137716 0.163878 1
-0.482296 0.631300 1
-0.423676 0.842139 1
-0.131615 0.661934 1
-0.694273 0.993714 1
-0.988757 0.560215 -1
-0.138389 0.079519 -1
-0.215314 0.335890 -1
-0.742960 0.514234 -1
-0.528957 0.060637 1
-0.687117 0.401754 -1
-0.921066 0.161004 -1
-0.561233 0.681230 1
-0.586588 0.123375 1
-0.220210 0.584464 1
-0.495803 0.711899 -1
-0.358693 0.566797 1
-0.427997 0.408042 -1
-0.262913 0.109649 -1
-0.592325 0.214993 1
-0.723737 0.158237 1
-0.151524 0.353938 1
-0.043120 0.877462 -1
-0.038011 0.935003 -1
-0.959728 0.785276 -1
-0.631468 0.361475 1
-0.482953 0.961495 1
-0.118105 0.982369 -1
-0.412649 0.423871 -1
-0.785884 0.079316 -1
-0.940138 0.556809 1
-0.091729 0.692266 -1
-0.157044 0.756881 -1
-0.853684 0.357287 1
-0.356805 0.400994 1
-0.246720 0.560648 1
-0.265204 0.161052 1
-0.464385 0.077420 -1
-0.441317 0.112292 -1
-0.625191 0.911128 1
-0.854382 0.580683 -1
-0.751199 0.048252 -1
-0.473792 0.785489 -1
-0.728199 0.435590 1
-0.004896 0.416629 -1
-0.746918 0.462045 -1
-0.004472 0.563887 1
-0.869257 0.947573 -1
-0.551873 0.362092 1
-0.905163 0.331088 1
-0.885965 0.186283 1
-0.928805 0.718862 -1
-0.739169 0.306269 -1
-0.802731 0.634152 -1
-0.841244 0.349197 1
-0.580885 0.103318 1
-0.577730 0.832118 1
-0.041360 0.813417 1
-0.580267 0.006332 1
-0.618481 0.530553 1
-0.514699 0.409565 -1
-0.488345 0.524295 1
-0.234740 0.921801 1
-0.802775 0.915511 1
-0.370800 0.354507 1
-0.777339 0.590102 1
-0.809651 0.808121 -1
-0.485093 0.002248 -1
-0.918156 0.364945 -1
-0.077023 0.434417 1
-0.936794 0.652054 1
-0.875788 0.872925 -1
-0.349526 0.314372 -1
-0.319956 0.864775 1
-0.654403 0.212467 1
-0.157535 0.167444 -1
-0.728464 0.577933 1
-0.306066 0.722476 1
-0.466642 0.131173 1
-0.293040 0.676860 1
-0.639834 0.519626 1
-0.054668 0.453468 1
-0.212487 0.257320 1
-0.589391 0.959903 -1
-0.887407 0.551931 1
-0.378836 0.577623 1
-0.288507 0.481804 1
-0.764706 0.078956 1
-0.673046 0.562376 -1
-0.102952 0.984496 1
-0.915471 0.816566 -1
-0.557926 0.288635 1
-0.358655 0.194990 -1
-0.869852 0.006350 -1
-0.599815 0.356440 -1
-0.896905 0.133061 1
-0.770096 0.695797 -1
-0.458331 0.436099 -1
-0.147117 0.625328 -1
-0.877896 0.689731 1
-0.809440 0.851302 1
-0.608742 0.350735 -1
-0.387427 0.237840 -1
-0.148099 0.407235 -1
-0.637633 0.711721 1
-0.428127 0.730417 1
-0.037366 0.036651 1
-0.560239 0.251622 1
-0.917436 0.340182 1
-0.761966 0.038048 1
-0.962473 0.628692 1
-0.389723 0.346688 -1
-0.267114 0.442499 1
-0.838923 0.871213 1
-0.809787 0.207132 1
-0.115272 0.010634 1
-0.372538 0.244417 -1
-0.671440 0.015217 1
-0.251848 0.064515 1
-0.518991 0.379464 -1
-0.894672 0.991985 -1
-0.348243 0.460874 1
-0.519071 0.770060 1
-0.111900 0.765870 1
-0.585726 0.145229 1
-0.973127 0.752375 -1
-0.437842 0.252738 -1
-0.498734 0.116380 1
-0.630719 0.945248 -1
-0.117179 0.009174 1
-0.133603 0.553474 -1
-0.492533 0.639786 1
-0.806922 0.892953 1
-0.743763 0.089176 1
-0.812755 0.647318 1
-0.779285 0.691098 -1
-0.250737 0.622540 -1
-0.157006 0.909606 -1
-0.404292 0.518097 -1
-0.415774 0.395846 -1
-0.644252 0.027154 1
-0.020983 0.863687 -1
-0.613509 0.741492 1
-0.479103 0.324683 1
-0.579771 0.725836 1
-0.095423 0.989128 1
-0.642432 0.125648 1
-0.154215 0.643672 1
-0.267761 0.823117 -1
-0.698704 0.425130 -1
-0.834802 0.248166 1
-0.944417 0.677343 -1
-0.164914 0.735818 -1
-0.384455 0.672515 1
-0.527890 0.154995 1
-0.176191 0.079355 1
-0.738802 0.917872 -1
-0.149917 0.976970 1
-0.904057 0.220436 1
-0.908864 0.740700 1
-0.391075 0.174708 1
-0.572464 0.390613 1
-0.098158 0.976477 1
-0.464366 0.043645 1
-0.823967 0.391114 -1
-0.884739 0.242051 1
-0.936604 0.932267 1
-0.176251 0.375668 1
-0.816734 0.395407 1
-0.314167 0.024971 1
-0.358321 0.201259 -1
-0.805142 0.549676 1
-0.173823 0.652274 -1
-0.254080 0.716081 1
-0.374520 0.341261 -1
-0.338809 0.233510 1
-0.935504 0.680764 1
-0.341787 0.139293 1
-0.814849 0.140945 -1
0.522239 -0.529669 1
0.301673 -0.840615 1
0.595536 -0.919625 1
0.719154 -0.455962 1
0.487652 -0.943623 1
0.315920 -0.763664 1
0.773705 -0.065968 -1
0.126423 -0.525373 1
0.814282 -0.314602 -1
0.695215 -0.517694 1
0.317699 -0.923280 1
0.795858 -0.343433 1
0.477701 -0.704336 1
0.559535 -0.531433 -1
0.037105 -0.402522 1
0.973076 -0.423782 1
0.389388 -0.888602 -1
0.601412 -0.672388 1
0.449112 -0.952620 -1
0.042249 -0.657717 1
0.737664 -0.811074 -1
0.680791 -0.466711 1
0.702081 -0.449057 1
0.112972 -0.775178 1
0.290196 -0.849706 -1
0.829378 -0.635069 1
0.192228 -0.923910 -1
0.609476 -0.964843 -1
0.956126 -0.655911 -1
0.847772 -0.458064 1
0.507174 -0.485618 1
0.741696 -0.599991 1
0.135762 -0.851919 1
0.298224 -0.618521 1
0.948708 -0.860466 1
0.404296 -0.754423 -1
0.548543 -0.349755 1
0.864829 -0.716223 1
0.542618 -0.434068 1
0.221232 -0.506730 -1
0.562043 -0.119177 1
0.931504 -0.626223 1
0.345170 -0.456377 1
0.885403 -0.432622 -1
0.521780 -0.400363 1
0.491124 -0.951428 -1
0.090603 -0.428465 -1
0.535897 -0.366901 -1
0.811270 -0.235589 1
0.188684 -0.392213 1
0.406353 -0.045993 -1
0.614266 -0.352955 1
0.332408 -0.264249 -1
0.635315 -0.164283 1
0.810793 -0.626598 -1
0.234085 -0.399657 -1
0.933033 -0.460524 -1
0.168885 -0.380281 -1
0.018247 -0.811164 1
0.375354 -0.564513 1
0.363372 -0.967071 1
0.228853 -0.344728 -1
0.191561 -0.711789 -1
0.110924 -0.620320 -1
0.589001 -0.830127 1
0.400106 -0.546037 1
0.050158 -0.340270 -1
0.949154 -0.333182 1
0.371233 -0.163662 1
0.815490 -0.527128 1
0.492670 -0.491180 1
0.054958 -0.524773 -1
0.518327 -0.553795 -1
0.261563 -0.880125 -1
0.851498 -0.411404 1
0.952609 -0.292921 1
0.250926 -0.497901 -1
0.420982 -0.465903 -1
0.881643 -0.598408 1
0.348440 -0.348807 1
0.209896 -0.206650 1
0.013654 -0.060098 -1
0.564120 -0.183931 1
0.543077 -0.494426 1
0.822486 -0.487269 -1
0.576483 -0.359158 1
0.663287 -0.426485 1
0.239945 -0.889274 1
0.969827 -0.321104 1
0.516422 -0.991056 1
0.469073 -0.627690 1
0.887463 -0.073674 -1
0.785896 -0.678371 -1
0.334311 -0.871278 1
0.797232 -0.544749 1
0.823438 -0.514583 1
0.144692 -0.650686 1
0.591580 -0.268393 1
0.114493 -0.930156 1
0.580705 -0.793093 -1
0.973184 -0.027622 1
0.623873 -0.671042 -1
0.090735 -0.504390 1
0.853310 -0.420834 1
0.942616 -0.200479 -1
0.934749 -0.554945 1
0.843084 -0.589370 1
0.921931 -0.806819 1
0.732776 -0.151340 1
0.838680 -0.999101 1
0.480539 -0.177010 1
0.494764 -0.181726 1
0.188157 -0.778700 -1
0.160991 -0.761397 1
0.909447 -0.218423 -1
0.681376 -0.576944 1
0.627442 -0.658227 -1
0.373985 -0.945990 1
0.449849 -0.595341 1
0.496061 -0.847241 1
0.809387 -0.065805 -1
0.625714 -0.472053 -1
0.450838 -0.211374 -1
0.490630 -0.664807 1
0.757332 -0.875736 1
0.585639 -0.590755 1
0.810702 -0.432751 1
0.183941 -0.282521 1
0.262342 -0.740469 1
0.336092 -0.020570 1
0.385974 -0.263748 1
0.599759 -0.609822 1
0.398642 -0.402004 -1
0.436571 -0.653141 -1
0.699907 -0.275461 1
0.754816 -0.164900 -1
0.338044 -0.738964 1
0.374270 -0.345272 -1
0.682204 -0.301693 1
0.088425 -0.516633 -1
0.182508 -0.557785 1
0.659763 -0.668042 1
0.948616 -0.315789 1
0.541398 -0.755745 1
0.664491 -0.588835 -1
0.411365 -0.897176 1
0.899600 -0.047585 1
0.194518 -0.258577 1
0.327365 -0.847188 -1
0.448167 -0.570538 1
0.191882 -0.534291 1
0.803025 -0.406922 -1
0.891865 -0.613617 1
0.309576 -0.973385 -1
0.624671 -0.790542 -1
0.340916 -0.797414 1
0.607210 -0.568701 -1
0.333733 -0.246755 1
0.625030 -0.911097 -1
0.928274 -0.696310 -1
0.104376 -0.697625 1
0.519500 -0.944446 1
0.053252 -0.435101 1
0.730563 -0.233829 1
0.487313 -0.908455 1
0.118238 -0.045347 -1
0.633486 -0.495279 -1
0.546944 -0.807739 -1
0.633080 -0.836176 1
0.474307 -0.474711 1
0.997161 -0.996186 -1
0.024039 -0.743411 1
0.918377 -0.856705 1
0.436151 -0.525711 -1
0.277314 -0.177507 1
0.211073 -0.542981 1
0.778472 -0.623025 1
0.184633 -0.754694 1
0.143819 -0.085425 1
0.748353 -0.770945 -1
0.758142 -0.141115 -1
0.412842 -0.960013 -1
0.732202 -0.918619 -1
0.244934 -0.761032 1
0.945889 -0.763035 1
0.370427 -0.094860 1
0.546864 -0.810149 -1
0.943781 -0.281802 1
0.541941 -0.023290 1
0.761086 -0.612766 -1
0.970815 -0.300868 -1
0.440190 -0.813784 -1
0.619600 -0.211182 -1
0.330634 -0.609932 1
0.794168 -0.240754 -1
0.813925 -0.391303 1
0.892615 -0.772720 1
0.978097 -0.082775 -1
0.006461 -0.154017 1
0.351406 -0.325373 -1
0.085405 -0.910866 1
0.033041 -0.812390 -1
0.951611 -0.025099 -1
0.611506 -0.863224 1
0.748551 -0.896041 1
0.941328 -0.636675 -1
0.593211 -0.570524 1
0.995982 -0.330787 1
0.495141 -0.293145 -1
0.828257 -0.919809 -1
0.760871 -0.568959 1
0.810988 -0.832168 -1
0.914386 -0.469364 -1
0.657511 -0.174824 -1
0.023499 -0.161677 1
0.307763 -0.095214 -1
0.490937 -0.163174 1
0.469222 -0.976253 1
0.504168 -0.733262 -1
0.203390 -0.418416 -1
0.797289 -0.008418 -1
0.168579 -0.636820 1
0.556561 -0.123065 1
0.388019 -0.299459 1
0.445969 -0.966056 1
0.723121 -0.386761 -1
0.795334 -0.396761 1
0.821281 -0.358551 1
0.347585 -0.450258 1
0.300377 -0.032902 -1
0.390240 -0.105878 1
0.207398 -0.669071 1
0.618242 -0.382744 -1
0.374406 -0.940900 1
0.689211 -0.982974 -1
0.843921 -0.195942 1
0.330315 -0.891825 -1
0.603902 -0.498738 1
0.800624 -0.562859 1
0.481227 -0.059297 1
0.613241 -0.733449 -1
0.276037 -0.918505 1
0.369040 -0.309351 -1
0.782755 -0.886141 -1
0.732155 -0.588905 1
0.493622 -0.382059 1
0.128900 -0.674016 1
0.558105 -0.425206 1
0.010037 -0.304425 1
0.138482 -0.007808 -1
-0.453539 -0.324640 -1
-0.319823 -0.324525 1
-0.274670 -0.699806 -1
-0.325167 -0.861336 1
-0.033464 -0.492562 -1
-0.555512 -0.372306 -1
-0.522268 -0.841708 1
-0.342615 -0.209420 1
-0.461055 -0.187419 1
-0.213944 -0.916350 1
-0.492475 -0.395841 -1
-0.448514 -0.148181 -1
-0.045357 -0.236495 -1
-0.002528 -0.906603 1
-0.048753 -0.131413 1
-0.811853 -0.720020 -1
-0.819110 -0.313544 -1
-0.542076 -0.722743 -1
-0.131411 -0.563037 -1
-0.434399 -0.910306 -1
-0.529079 -0.706386 1
-0.399961 -0.560049 -1
-0.302082 -0.955608 1
-0.959692 -0.288161 1
-0.774850 -0.233033 -1
-0.261930 -0.276689 -1
-0.760820 -0.541448 -1
-0.890195 -0.138732 1
-0.520027 -0.479917 -1
-0.333085 -0.699447 -1
-0.966338 -0.311000 1
-0.790484 -0.824356 -1
-0.480759 -0.240318 1
-0.126812 -0.853999 -1
-0.424886 -0.472910 1
-0.090286 -0.687584 1
-0.794182 -0.235437 -1
-0.095441 -0.116487 1
-0.512651 -0.278329 1
-0.247822 -0.605098 -1
-0.000519 -0.085510 -1
-0.807770 -0.910072 -1
-0.442961 -0.560077 -1
-0.012369 -0.188372 -1
-0.252957 -0.137626 -1
-0.294441 -0.781481 1
-0.254961 -0.282710 -1
-0.875788 -0.248542 1
-0.442048 -0.217242 -1
-0.449294 -0.851382 -1
-0.841015 -0.268191 1
-0.380886 -0.510839 -1
-0.386372 -0.769176 -1
-0.762420 -0.513377 -1
-0.732986 -0.118156 1
-0.178963 -0.326421 1
-0.173725 -0.325126 -1
-0.268122 -0.118832 1
-0.916382 -0.594018 1
-0.285440 -0.381010 1
-0.514638 -0.339014 -1
-0.511270 -0.146409 1
-0.173638 -0.856004 -1
-0.555914 -0.452083 -1
-0.554429 -0.832380 -1
-0.644106 -0.691058 1
-0.469021 -0.612589 1
-0.033434 -0.034671 -1
-0.978292 -0.133754 -1
-0.098172 -0.388193 -1
-0.627377 -0.803379 -1
-0.832190 -0.584463 -1
-0.142143 -0.349542 -1
-0.422947 -0.178502 -1
-0.380304 -0.617026 -1
-0.458814 -0.758806 -1
-0.546258 -0.490468 -1
-0.082773 -0.376957 -1
-0.365053 -0.396787 1
-0.933579 -0.499968 1
-0.586590 -0.995275 -1
-0.189506 -0.799735 -1
-0.668839 -0.660512 -1
-0.291039 -0.091676 -1
-0.848242 -0.395616 -1
-0.831932 -0.617654 -1
-0.407589 -0.327821 -1
-0.625132 -0.380095 1
-0.335965 -0.631160 1
-0.783689 -0.067020 -1
-0.830371 -0.120405 1
-0.868184 -0.506038 -1
-0.728244 -0.639536 -1
-0.066082 -0.404055 -1
-0.921988 -0.238307 1
-0.490482 -0.574654 -1
-0.853808 -0.096222 1
-0.421266 -0.925863 -1
-0.106020 -0.471271 1
-0.601605 -0.942340 -1
-0.677775 -0.962317 -1
-0.623398 -0.604125 -1
-0.904905 -0.754197 -1
-0.394201 -0.426236 -1
-0.662340 -0.471201 1
-0.847495 -0.800325 1
-0.343057 -0.689568 -1
-0.506852 -0.138634 -1
-0.461291 -0.829365 -1
-0.782761 -0.734653 -1
-0.293414 -0.914123 1
-0.291674 -0.968571 -1
-0.252913 -0.270047 -1
-0.544517 -0.149009 -1
-0.115094 -0.043660 1
-0.677519 -0.895010 1
-0.526189 -0.645217 1
-0.706111 -0.520927 -1
-0.129769 -0.975438 1
-0.586611 -0.251255 -1
-0.319342 -0.694568 -1
-0.357413 -0.988594 -1
-0.907451 -0.272084 -1
-0.051274 -0.690761 1
-0.766063 -0.814826 -1
-0.713240 -0.292189 1
-0.095760 -0.141788 -1
-0.498425 -0.627526 1
-0.564879 -0.116935 1
-0.467804 -0.558169 -1
-0.584655 -0.474068 -1
-0.702616 -0.499974 1
-0.206288 -0.854327 -1
-0.323647 -0.137867 -1
-0.039709 -0.926349 -1
-0.348773 -0.306441 1
-0.525602 -0.245636 1
-0.329553 -0.862154 1
-0.090185 -0.383323 -1
-0.370074 -0.087365 1
-0.201670 -0.735143 1
-0.246635 -0.200132 -1
-0.730325 -0.709175 1
-0.179625 -0.773684 -1
-0.044796 -0.745108 -1
-0.019458 -0.591610 -1
-0.872649 -0.309138 1
-0.505651 -0.434130 -1
-0.866698 -0.795168 1
-0.240808 -0.197847 -1
-0.012664 -0.187931 -1
-0.932278 -0.146205 1
-0.002927 -0.921117 1
-0.699780 -0.660594 1
-0.716950 -0.176391 1
-0.099578 -0.064245 1
-0.696772 -0.425510 -1
-0.589343 -0.226202 1
-0.150307 -0.583529 -1
-0.586296 -0.863724 -1
-0.672442 -0.950057 -1
-0.698691 -0.285147 -1
-0.010460 -0.852421 1
-0.270432 -0.901941 -1
-0.784176 -0.665678 -1
-0.390461 -0.234686 1
-0.044589 -0.156719 -1
-0.907372 -0.260642 -1
-0.335531 -0.048673 -1
-0.994179 -0.073722 -1
-0.237472 -0.999457 -1
-0.383240 -0.168385 -1
-0.737937 -0.250923 1
-0.193549 -0.312579 -1
-0.636050 -0.079198 -1
-0.111174 -0.906049 1
-0.649211 -0.786097 1
-0.291659 -0.168528 1
-0.208843 -0.606816 1
-0.147432 -0.865469 -1
-0.711231 -0.023370 -1
-0.985147 -0.514157 1
-0.590553 -0.739709 1
-0.275502 -0.091941 -1
-0.502316 -0.514224 1
-0.940505 -0.596108 1
-0.871448 -0.879531 -1
-0.164522 -0.519566 -1
-0.552924 -0.590432 1
-0.663804 -0.103354 1
-0.075877 -0.880226 -1
-0.764992 -0.889949 1
-0.433544 -0.500777 1
-0.954780 -0.626690 -1
-0.922421 -0.945725 1
-0.152080 -0.737495 -1
-0.550065 -0.708719 -1
-0.438084 -0.572437 -1
-0.021879 -0.752458 -1
-0.092148 -0.499159 -1
-0.582560 -0.086675 1
-0.985511 -0.016680 -1
-0.644256 -0.685740 1
-0.317465 -0.816579 1
-0.570558 -0.339039 1
-0.444445 -0.658770 1
-0.338697 -0.179992 -1
-0.251527 -0.365733 1
-0.149187 -0.094780 -1
-0.930561 -0.321076 -1
-0.744599 -0.814827 -1
-0.834008 -0.628917 1
-0.692508 -0.372315 1
-0.376362 -0.450424 -1
-0.042242 -0.862939 -1
-0.622572 -0.758594 1
-0.650799 -0.387177 -1
-0.091171 -0.441622 -1
-0.448701 -0.232485 -1
-0.079445 -0.218457 1
-0.093641 -0.581899 -1
-0.598018 -0.408291 1
-0.696314 -0.976573 1
-0.350534 -0.030702 -1
-0.751101 -0.030329 1
-0.800361 -0.139825 1
-0.384594 -0.451156 1
-0.011426 -0.350380 -1
-0.774955 -0.443832 1
-0.587780 -0.146545 -1
-0.885313 -0.823718 -1
-0.282883 -0.807724 1
-0.484650 -0.334614 -1
-0.410528 -0.914048 1
-0.180563 -0.872438 -1
-0.538128 -0.969599 -1
-0.432238 -0.564003 -1
-0.177813 -0.826680 -1
-0.258796 -0.897665 1
-0.586711 -0.855353 1
-0.739121 -0.927966 -1
-0.442727 -0.149988 1
-0.438801 -0.047736 -1
-0.307330 -0.522974 -1
-0.000617 -0.016805 -1
-0.817317 -0.991335 -1
-0.615947 -0.345632 -1
-0.447166 -0.387799 -1
-0.654839 -0.092868 -1
-0.662425 -0.553301 -1
0.218131 0.375517 -1
0.388425 0.928377 -1
0.720825 0.753765 -1
0.263281 0.048129 1
0.098514 0.622065 1
0.107069 0.137711 -1
0.761482 0.899802 -1
0.894646 0.264228 1
0.477746 0.159644 -1
0.432937 0.028211 -1
0.473399 0.678817 -1
0.020222 0.520879 -1
0.363061 0.363051 1
0.818193 0.321193 -1
0.026804 0.429412 1
0.009975 0.762029 1
0.696159 0.445015 -1
0.836924 0.023184 1
0.799338 0.961123 -1
0.525200 0.410044 -1
0.483459 0.111643 1
0.226786 0.573202 -1
0.078861 0.070265 1
0.097063 0.431770 -1
0.935384 0.570990 -1
0.715193 0.179975 -1
0.483912 0.530408 -1
0.404362 0.478798 -1
0.600414 0.496781 1
0.932052 0.882395 -1
0.685782 0.570753 -1
0.654117 0.399253 -1
0.336533 0.629850 -1
0.498006 0.577317 1
0.296814 0.388016 -1
0.885195 0.417610 -1
0.004371 0.928357 -1
0.620711 0.243474 1
0.573671 0.377155 -1
0.093434 0.606066 1
0.760092 0.340904 1
0.518064 0.149327 1
0.573166 0.319051 -1
0.458979 0.322272 -1
0.683084 0.751712 1
0.005179 0.616853 -1
0.471996 0.935682 1
0.503070 0.243395 1
0.734596 0.633624 1
0.431438 0.372159 1
0.695885 0.344242 1
0.982899 0.787737 1
0.604911 0.330821 1
0.141282 0.802349 1
0.205408 0.424155 1
0.413855 0.018875 -1
0.186368 0.228405 -1
0.468204 0.331410 -1
0.618554 0.582402 -1
0.135946 0.592132 1
0.634226 0.564125 -1
0.914035 0.566417 -1
0.279338 0.462446 -1
0.662844 0.221566 -1
0.954102 0.630728 1
0.877509 0.244787 -1
0.344038 0.111909 1
0.177340 0.068662 -1
0.791568 0.782691 -1
0.975237 0.272316 -1
0.722705 0.341420 -1
0.577242 0.455913 1
0.319181 0.765422 -1
0.173186 0.767718 1
0.371324 0.612465 1
0.846720 0.817226 1
0.616221 0.518716 1
0.606401 0.938156 -1
0.609812 0.784116 -1
0.725612 0.833108 1
0.801540 0.853235 1
0.772306 0.657936 -1
0.762310 0.101059 1
0.733662 0.661044 1
0.956876 0.463928 -1
0.408667 0.023371 -1
0.646880 0.897892 1
0.047324 0.768231 1
0.697180 0.947976 -1
0.502375 0.050117 -1
0.425328 0.373571 -1
0.067610 0.266975 -1
0.495419 0.391358 -1
0.332195 0.364933 -1
0.903326 0.564881 1
0.543819 0.880104 1
0.403149 0.552619 -1
0.864943 0.330481 1
0.080323 0.369269 -1
0.737869 0.818345 -1
0.956431 0.636336 1
0.357824 0.744743 -1
0.277598 0.025066 -1
0.480259 0.073650 1
0.517892 0.944724 1
0.280316 0.679228 -1
0.902543 0.123511 -1
0.277616 0.048995 1
0.522777 0.101004 -1
0.729531 0.090159 1
0.403691 0.216244 1
0.269954 0.588403 1
0.325912 0.054123 -1
0.788042 0.890962 -1
0.974164 0.536462 1
0.077198 0.685625 -1
0.701339 0.189972 -1
0.260897 0.856788 -1
0.652924 0.942471 1
0.160169 0.943649 -1
0.719050 0.853545 -1
0.315659 0.782815 -1
0.328002 0.455848 1
0.225598 0.247271 -1
0.633835 0.483982 -1
0.773363 0.210950 -1
0.932775 0.803059 -1
0.625669 0.404783 1
0.038620 0.237043 1
0.871493 0.046853 -1
0.423950 0.278788 -1
0.406863 0.710279 1
0.591694 0.511094 -1
0.992918 0.788017 -1
0.899311 0.853345 1
0.097372 0.060555 -1
0.657728 0.219084 1
0.762441 0.812445 1
0.531781 0.381075 -1
0.785813 0.439537 -1
0.497283 0.575427 -1
0.917509 0.605614 -1
0.549579 0.112898 -1
0.727570 0.779498 -1
0.170074 0.752014 1
0.387065 0.206374 -1
0.008172 0.961093 -1
0.664672 0.383266 1
0.665756 0.412232 -1
0.210145 0.593914 -1
0.487685 0.200264 -1
0.120298 0.278250 1
0.090456 0.590660 -1
0.397496 0.783154 -1
0.490975 0.878332 1
0.436924 0.557363 -1
0.297003 0.356945 -1
0.684755 0.459686 -1
0.619599 0.387558 -1
0.730668 0.847183 1
0.348711 0.469270 -1
0.922063 0.152051 -1
0.903853 0.202076 -1
0.847658 0.539466 1
0.430668 0.476614 -1
0.570416 0.705659 -1
0.910768 0.747256 1
0.770236 0.592018 1
0.944034 0.291178 -1
0.137256 0.164881 -1
0.051593 0.698469 -1
0.148759 0.327720 -1
0.404080 0.776840 -1
0.375282 0.545273 -1
0.264378 0.219737 -1
0.442030 0.182250 1
0.035489 0.274097 1
0.048879 0.180513 1
0.374509 0.889025 -1
0.472697 0.276374 -1
0.420612 0.273134 1
0.668922 0.578336 1
0.761885 0.147163 1
0.960772 0.147412 -1
0.818485 0.062847 -1
0.199069 0.547677 -1
0.985623 0.232930 1
0.542947 0.631504 -1
0.758820 0.149036 -1
0.581062 0.712377 -1
0.854149 0.894354 1
0.954349 0.983754 1
0.209611 0.173970 -1
0.931675 0.029699 1
0.065779 0.419497 1
0.927353 0.281541 1
0.533082 0.005445 1
0.397285 0.073790 -1
0.108465 0.851770 1
0.389321 0.677819 -1
0.314679 0.594782 1
0.702926 0.189493 1
0.236232 0.445131 -1
0.013777 0.291360 -1
0.238733 0.786827 1
0.590735 0.339537 1
0.224188 0.625201 1
0.850399 0.686300 -1
0.230750 0.725433 -1
0.717439 0.729259 1
0.656649 0.825542 -1
0.900742 0.347577 1
0.380276 0.794375 1
0.594241 0.660218 1
0.020444 0.935576 1
0.087096 0.896280 1
0.890502 0.977803 -1
0.584931 0.104424 -1
0.660008 0.637140 1
0.481485 0.338864 -1
0.918755 0.606459 -1
0.919007 0.056628 -1
0.831166 0.024628 1
0.751974 0.765516 -1
0.274795 0.158197 -1
0.705582 0.942773 -1
0.632636 0.245187 -1
0.021395 0.863819 1
0.536709 0.017081 1
0.438515 0.371901 -1
0.784787 0.108945 1
0.959156 0.789466 -1
0.652069 0.701629 -1
0.847043 0.563528 1
0.729692 0.761040 -1
0.147027 0.543395 1
0.407834 0.316156 -1
0.762192 0.104588 -1
0.415289 0.494060 1
0.965127 0.427884 1
0.734411 0.646311 1
0.958844 0.183100 -1
0.070085 0.026148 -1
0.748524 0.786658 1
0.672964 0.860512 1
0.261673 0.285416 -1
0.969593 0.364763 1
0.832227 0.228784 1
0.737419 0.452066 -1
0.291912 0.867978 1
