-0.174575 0.913509 1
-0.607710 0.887184 1
-0.720110 0.685258 1
-0.268676 0.331221 1
-0.870365 0.160183 -1
-0.201373 0.328150 1
-0.733286 0.136703 -1
-0.763937 0.456064 -1
-0.756321 0.497403 -1
-0.094476 0.165943 1
-0.251340 0.403904 1
-0.055058 0.461017 -1
-0.960553 0.504786 -1
-0.631437 0.595479 -1
-0.653837 0.008547 1
-0.809036 0.595151 -1
-0.399333 0.875125 1
-0.545601 0.951627 -1
-0.917451 0.487088 1
-0.800442 0.706784 1
-0.541627 0.169440 1
-0.862935 0.927727 1
-0.457454 0.863153 -1
-0.846993 0.514836 1
-0.172226 0.121335 1
-0.554765 0.712368 -1
-0.978278 0.615929 1
-0.515142 0.130418 1
-0.138922 0.742893 -1
-0.297089 0.596989 -1
-0.328843 0.680269 -1
-0.581605 0.268121 1
-0.275907 0.928286 1
-0.594068 0.758750 -1
-0.930384 0.204093 -1
-0.794478 0.451637 -1
-0.735596 0.104792 1
-0.528245 0.156246 1
-0.935448 0.630279 1
-0.129038 0.870305 1
-0.615357 0.550163 1
-0.817533 0.914491 -1
-0.374539 0.185011 1
-0.077860 0.975897 1
-0.091678 0.919262 -1
-0.979923 0.329552 -1
-0.968724 0.948166 -1
-0.334542 0.490963 1
-0.622045 0.584234 1
-0.839482 0.288510 -1
-0.705354 0.778211 1
-0.107559 0.484695 1
-0.759742 0.281111 1
-0.545250 0.454418 1
-0.189884 0.666415 1
-0.598586 0.464011 -1
-0.387172 0.660825 -1
-0.562832 0.657983 1
-0.555173 0.776661 1
-0.930166 0.991080 1
-0.020729 0.469632 -1
-0.856114 0.598128 1
-0.474980 0.859649 1
-0.652296 0.661143 1
-0.315445 0.633808 1
-0.346109 0.496334 1
-0.978007 0.917025 -1
-0.367146 0.718649 1
-0.961867 0.394675 -1
-0.211635 0.709488 -1
-0.930537 0.568016 1
-0.486091 0.020336 1
-0.932817 0.916765 1
-0.483894 0.312319 -1
-0.666002 0.161236 1
-0.705495 0.859825 1
-0.618645 0.107586 -1
-0.123766 0.894645 1
-0.865768 0.676243 -1
-0.561824 0.268489 -1
-0.420013 0.965507 -1
-0.950354 0.923667 1
-0.224407 0.535300 1
-0.802020 0.242166 1
-0.716018 0.529690 1
-0.264754 0.822515 -1
-0.644838 0.489942 -1
-0.628994 0.677050 1
-0.984399 0.578462 1
-0.665471 0.195046 1
-0.619923 0.941157 1
-0.107922 0.346004 -1
-0.208149 0.646783 -1
-0.711312 0.734674 1
-0.337716 0.827481 1
-0.038173 0.451481 1
-0.465562 0.512449 1
-0.012585 0.318234 -1
-0.307719 0.612304 -1
-0.970618 0.652382 -1
-0.146190 0.803763 -1
-0.462385 0.971564 -1
-0.563188 0.569045 1
-0.592008 0.282637 1
-0.875176 0.141672 -1
-0.453592 0.518090 -1
-0.611918 0.165651 1
-0.062439 0.906550 -1
-0.871213 0.685336 -1
-0.975923 0.570819 1
-0.094511 0.483004 1
-0.569966 0.774624 -1
-0.869192 0.130826 -1
-0.745273 0.549587 1
-0.938558 0.081488 1
-0.322939 0.496958 1
-0.777654 0.191409 -1
-0.231545 0.657687 1
-0.986266 0.929093 1
-0.709566 0.047450 1
-0.667148 0.512870 1
-0.420810 0.721571 1
-0.160089 0.349752 -1
-0.764289 0.736297 1
-0.643512 0.327925 1
-0.002874 0.042507 -1
-0.907103 0.019728 -1
-0.023263 0.403248 1
-0.539626 0.141657 -1
-0.041659 0.078595 1
-0.974716 0.603914 1
-0.111689 0.296905 -1
-0.174039 0.836693 1
-0.233685 0.320146 1
-0.352895 0.607842 1
-0.558274 0.488220 1
-0.836144 0.414417 1
-0.730369 0.660985 -1
-0.182457 0.041804 1
-0.221328 0.057378 -1
-0.376591 0.109178 1
-0.748460 0.556076 1
-0.286766 0.364467 1
-0.300760 0.006024 1
-0.907704 0.968818 1
-0.449113 0.411689 1
-0.940570 0.645239 1
-0.628058 0.710761 1
-0.424773 0.689313 1
-0.317468 0.552955 1
-0.328237 0.114769 -1
-0.894084 0.372118 1
-0.149936 0.932144 1
-0.323558 0.059861 1
-0.303218 0.095604 -1
-0.975472 0.388716 1
-0.906189 0.992604 -1
-0.897016 0.121976 1
-0.719346 0.285860 1
-0.817100 0.435897 -1
-0.180825 0.291276 1
-0.922202 0.708111 -1
-0.265604 0.135286 1
-0.785477 0.038177 1
-0.242142 0.841661 -1
-0.281476 0.395666 1
-0.071698 0.289132 -1
-0.526656 0.080264 -1
-0.150639 0.657823 -1
-0.360010 0.645497 1
-0.622018 0.047393 1
-0.003189 0.799385 1
-0.547743 0.571245 1
-0.416861 0.618498 -1
-0.109228 0.963892 1
-0.687673 0.472478 1
-0.093657 0.827777 -1
-0.814126 0.118707 -1
-0.639189 0.587708 -1
-0.357188 0.808986 -1
-0.299037 0.189285 1
-0.303728 0.054041 1
-0.749421 0.700304 -1
-0.037611 0.362708 1
-0.801400 0.294802 -1
-0.774112 0.931925 1
-0.899488 0.607701 -1
-0.820036 0.785386 -1
-0.574804 0.341375 -1
-0.751650 0.411719 -1
-0.707545 0.469241 1
-0.564372 0.728402 1
-0.746921 0.028339 1
-0.136842 0.180714 1
-0.023805 0.852137 1
-0.369990 0.711275 -1
-0.168752 0.583813 1
-0.644195 0.894770 1
-0.199136 0.530110 -1
-0.440970 0.725096 1
-0.877024 0.297833 1
-0.009967 0.644849 -1
-0.517444 0.629274 -1
-0.294762 0.358794 1
-0.179159 0.755821 1
-0.580134 0.895474 -1
-0.560332 0.098978 -1
-0.039751 0.629795 -1
-0.938554 0.013886 1
-0.227193 0.252516 -1
-0.040340 0.665598 1
-0.176383 0.475845 1
-0.103778 0.637158 -1
-0.845965 0.175849 1
-0.944636 0.345463 1
-0.722197 0.773291 1
-0.408220 0.695331 -1
-0.604439 0.507522 1
-0.682237 0.575641 1
-0.955156 0.472057 1
-0.902793 0.431469 1
-0.572482 0.352014 -1
-0.430026 0.306617 -1
-0.802521 0.669412 -1
-0.941679 0.371672 -1
-0.730105 0.567995 1
-0.145001 0.905232 -1
-0.429015 0.014503 1
-0.001108 0.040704 -1
-0.659089 0.899883 -1
-0.682896 0.598103 -1
-0.245794 0.126629 -1
-0.635914 0.979646 1
-0.593595 0.590241 -1
-0.623676 0.478138 1
-0.564347 0.732118 1
-0.315501 0.244542 1
-0.717587 0.936873 -1
-0.387474 0.601197 1
-0.243206 0.821189 1
-0.138218 0.278609 1
-0.822975 0.502861 -1
-0.575673 0.130590 -1
-0.275190 0.073504 1
-0.859756 0.198512 -1
-0.609174 0.649399 1
-0.554018 0.867350 1
-0.539871 0.134575 1
-0.788228 0.456838 -1
-0.744801 0.747201 1
0.166098 -0.066946 1
0.726946 -0.896667 1
0.592540 -0.622951 -1
0.309164 -0.513209 1
0.444406 -0.363294 -1
0.139211 -0.516968 1
0.532805 -0.354553 -1
0.974105 -0.151638 -1
0.903856 -0.339148 -1
0.565964 -0.356236 1
0.720050 -0.792134 -1
0.215226 -0.188305 1
0.258163 -0.910223 1
0.007683 -0.247793 -1
0.456972 -0.840557 -1
0.251197 -0.347363 1
0.075472 -0.491240 1
0.461395 -0.450120 1
0.431042 -0.091989 1
0.312655 -0.790871 -1
0.321088 -0.286565 1
0.758561 -0.170020 -1
0.283043 -0.492325 -1
0.783453 -0.866277 1
0.915989 -0.714053 1
0.934897 -0.309914 -1
0.768911 -0.188580 1
0.976751 -0.789650 -1
0.394772 -0.047744 1
0.703239 -0.468294 1
0.671928 -0.925075 -1
0.436225 -0.353695 -1
0.425604 -0.442005 1
0.615712 -0.297808 -1
0.998983 -0.661414 1
0.791404 -0.832739 1
0.103291 -0.484452 1
0.396258 -0.645828 1
0.775288 -0.512804 1
0.969939 -0.767803 -1
0.104253 -0.852389 1
0.024747 -0.526565 1
0.691254 -0.879115 -1
0.961398 -0.554135 -1
0.893607 -0.578151 1
0.158313 -0.678691 -1
0.170581 -0.862621 1
0.430187 -0.228179 -1
0.156811 -0.548574 1
0.151022 -0.617484 -1
0.787719 -0.115746 -1
0.478139 -0.959580 -1
0.652152 -0.501196 -1
0.036795 -0.829911 1
0.698378 -0.618170 1
0.549725 -0.207399 1
0.112890 -0.446745 -1
0.515575 -0.103484 -1
0.509825 -0.844641 1
0.176356 -0.013773 -1
0.359201 -0.274116 1
0.916968 -0.721117 -1
0.891795 -0.112225 -1
0.471515 -0.527317 -1
0.773803 -0.110046 -1
0.267718 -0.346778 1
0.969660 -0.450799 -1
0.727926 -0.839969 -1
0.274593 -0.316531 1
0.461349 -0.564875 1
0.080463 -0.088345 -1
0.842362 -0.214068 1
0.103919 -0.721031 -1
0.121650 -0.109939 1
0.893351 -0.429947 1
0.473887 -0.331602 -1
0.153737 -0.288708 1
0.729996 -0.748021 1
0.208668 -0.910309 -1
0.422455 -0.221748 1
0.608653 -0.991867 1
0.377494 -0.440573 1
0.703021 -0.369175 -1
0.784571 -0.305606 -1
0.746345 -0.914747 1
0.978514 -0.017945 1
0.527098 -0.801531 -1
0.443292 -0.865867 -1
0.409956 -0.121773 1
0.149408 -0.036682 1
0.770241 -0.858459 1
0.431397 -0.283381 1
0.171376 -0.996417 -1
0.356350 -0.242990 1
0.153139 -0.149559 -1
0.687975 -0.351273 -1
0.029988 -0.768592 -1
0.803979 -0.428198 -1
0.214988 -0.190052 1
0.655093 -0.699293 1
0.944222 -0.733246 1
0.251324 -0.207815 -1
0.757751 -0.569821 -1
0.278664 -0.069351 -1
0.042985 -0.278903 -1
0.285543 -0.331051 1
0.771187 -0.646682 -1
0.211100 -0.757518 1
0.800018 -0.906626 1
0.200385 -0.061794 1
0.859777 -0.302456 1
0.859805 -0.439438 -1
0.729821 -0.693159 -1
0.830992 -0.286982 1
0.422824 -0.883727 1
0.708941 -0.404896 1
0.790103 -0.829475 1
0.119908 -0.852152 -1
0.246343 -0.885395 -1
0.357675 -0.897148 1
0.993856 -0.737354 1
0.331885 -0.755944 1
0.940220 -0.013986 -1
0.514094 -0.450835 -1
0.259270 -0.195727 1
0.873928 -0.411002 -1
0.483463 -0.737238 1
0.899682 -0.837836 1
0.487256 -0.322741 1
0.735769 -0.507191 1
0.241678 -0.287223 -1
0.766708 -0.952805 -1
0.893279 -0.300167 1
0.243486 -0.265895 -1
0.036996 -0.482605 1
0.939031 -0.402510 1
0.216653 -0.239415 1
0.936678 -0.996926 1
0.374478 -0.676991 1
0.655084 -0.796170 1
0.807137 -0.948562 -1
0.208614 -0.561514 1
0.502614 -0.082902 1
0.164263 -0.027432 1
0.954809 -0.815524 1
0.963077 -0.228750 -1
0.918640 -0.009108 1
0.924800 -0.251236 1
0.352061 -0.870068 1
0.082167 -0.757294 1
0.900398 -0.801812 1
0.983081 -0.639047 -1
0.345640 -0.497088 -1
0.331674 -0.779635 1
0.052307 -0.956040 1
0.054300 -0.706599 1
0.296237 -0.114609 1
0.688983 -0.746661 1
0.184459 -0.105817 1
0.697558 -0.883396 -1
0.684479 -0.480591 -1
0.551975 -0.803147 1
0.718214 -0.660212 1
0.109294 -0.869766 1
0.945255 -0.271693 1
0.180599 -0.045036 1
0.431367 -0.677326 1
0.265601 -0.121897 -1
0.828409 -0.220840 1
0.654657 -0.877264 -1
0.224712 -0.606239 -1
0.780047 -0.521316 1
0.044503 -0.077795 1
0.554093 -0.938312 1
0.591953 -0.308841 -1
0.621591 -0.647428 -1
0.226453 -0.362963 1
0.521362 -0.091151 1
0.355512 -0.014264 1
0.323823 -0.945109 1
0.236772 -0.472868 -1
0.203054 -0.702814 1
0.012786 -0.190383 1
0.128073 -0.411074 1
0.154732 -0.810784 -1
0.194215 -0.867647 1
0.155675 -0.989375 1
0.240245 -0.999591 1
0.962104 -0.439860 1
0.709064 -0.118667 -1
0.707304 -0.333775 1
0.246747 -0.613439 -1
0.640272 -0.664173 -1
0.439230 -0.304446 1
0.525645 -0.720441 1
0.417367 -0.812392 -1
0.495334 -0.819274 1
0.900714 -0.366668 -1
0.109006 -0.315236 -1
0.289406 -0.101884 -1
0.716321 -0.433263 1
0.919513 -0.679886 1
0.785077 -0.504272 -1
0.303586 -0.285565 1
0.484257 -0.323111 1
0.504045 -0.398874 -1
0.376386 -0.336133 1
0.235983 -0.797060 1
0.842893 -0.363242 1
0.263313 -0.276968 -1
0.477426 -0.320990 1
0.256867 -0.163496 1
0.345153 -0.789608 1
0.437574 -0.219982 1
0.573755 -0.549527 1
0.183565 -0.040480 1
0.167319 -0.245053 -1
0.817774 -0.763269 1
0.127347 -0.607050 1
0.787832 -0.715125 1
0.148278 -0.684025 -1
0.446596 -0.553538 -1
0.535566 -0.987562 -1
0.068978 -0.513257 1
0.347051 -0.241232 -1
0.207910 -0.709239 1
0.441853 -0.929332 1
0.610286 -0.573211 1
0.115865 -0.937325 -1
0.162746 -0.917560 -1
0.470276 -0.628327 -1
0.893655 -0.262338 -1
0.477120 -0.064434 1
0.152153 -0.968393 -1
0.418870 -0.750411 1
0.335469 -0.673248 -1
0.629185 -0.097003 -1
0.102719 -0.388484 1
0.493768 -0.318534 1
0.329880 -0.074893 -1
0.626087 -0.744037 1
0.373780 -0.747674 -1
0.105181 -0.341110 -1
0.004898 -0.749737 1
0.708013 -0.466551 1
0.030031 -0.228379 -1
0.803217 -0.503802 -1
0.346677 -0.813134 -1
0.350223 -0.320737 -1
0.965726 -0.820108 1
-0.611714 -0.570209 1
-0.160324 -0.769680 -1
-0.682119 -0.685095 -1
-0.849036 -0.135536 1
-0.418679 -0.823574 -1
-0.833222 -0.392684 -1
-0.886377 -0.852964 1
-0.368456 -0.459381 1
-0.926644 -0.239078 1
-0.367865 -0.056641 -1
-0.428724 -0.465398 -1
-0.490065 -0.822106 -1
-0.250056 -0.254034 -1
-0.781090 -0.547772 1
-0.942147 -0.614914 1
-0.742649 -0.311235 -1
-0.653487 -0.573651 -1
-0.872661 -0.110788 1
-0.771251 -0.538114 -1
-0.332986 -0.375391 1
-0.824591 -0.538722 -1
-0.448637 -0.127992 1
-0.513312 -0.887808 -1
-0.865114 -0.038392 -1
-0.508085 -0.247307 1
-0.238534 -0.296388 -1
-0.767097 -0.940057 1
-0.779057 -0.126794 1
-0.108431 -0.192475 1
-0.465173 -0.871364 -1
-0.066735 -0.090211 -1
-0.008125 -0.109455 -1
-0.595948 -0.462771 -1
-0.677737 -0.640842 1
-0.647230 -0.116796 1
-0.504345 -0.724460 -1
-0.783981 -0.699468 -1
-0.086993 -0.135673 -1
-0.702056 -0.386407 1
-0.189982 -0.140892 -1
-0.493218 -0.060088 -1
-0.973463 -0.873832 1
-0.577302 -0.844027 1
-0.900589 -0.108125 -1
-0.225475 -0.618241 -1
-0.358784 -0.979366 -1
-0.978680 -0.105274 1
-0.140194 -0.588143 -1
-0.815679 -0.555500 -1
-0.165390 -0.537609 -1
-0.277277 -0.315464 -1
-0.871050 -0.855185 -1
-0.671833 -0.522356 1
-0.969062 -0.622628 1
-0.251474 -0.053758 -1
-0.401934 -0.111673 -1
-0.137466 -0.267262 1
-0.770270 -0.307999 -1
-0.645416 -0.701925 -1
-0.975715 -0.629631 -1
-0.439551 -0.658603 -1
-0.422413 -0.479975 1
-0.249811 -0.992136 1
-0.781347 -0.891634 -1
-0.903893 -0.627990 -1
-0.392883 -0.667296 -1
-0.842401 -0.388044 1
-0.016898 -0.831221 1
-0.217380 -0.726389 -1
-0.511777 -0.161074 -1
-0.293562 -0.960920 1
-0.837619 -0.075021 -1
-0.622040 -0.984307 1
-0.564610 -0.013411 1
-0.513528 -0.567123 -1
-0.291527 -0.105894 1
-0.921315 -0.841444 -1
-0.326231 -0.679760 -1
-0.263301 -0.952483 -1
-0.301935 -0.698961 -1
-0.702405 -0.480576 -1
-0.289836 -0.964877 1
-0.957826 -0.256496 -1
-0.757767 -0.145094 -1
-0.537141 -0.944882 -1
-0.981630 -0.717544 1
-0.186214 -0.829709 -1
-0.915235 -0.414500 1
-0.008781 -0.049784 1
-0.910521 -0.708289 -1
-0.450397 -0.955566 -1
-0.849291 -0.285266 1
-0.995794 -0.691549 -1
-0.651463 -0.772934 -1
-0.460701 -0.866872 -1
-0.211174 -0.851233 -1
-0.839199 -0.077958 -1
-0.326142 -0.978751 1
-0.511815 -0.518281 -1
-0.209573 -0.932828 -1
-0.468295 -0.511268 1
-0.851600 -0.516653 -1
-0.691719 -0.124195 1
-0.602843 -0.785530 -1
-0.797205 -0.053745 -1
-0.942936 -0.475595 -1
-0.256152 -0.409661 -1
-0.421165 -0.281782 -1
-0.399360 -0.334971 1
-0.078946 -0.967051 1
-0.607840 -0.020900 -1
-0.816806 -0.257765 -1
-0.054041 -0.965949 -1
-0.123183 -0.222264 -1
-0.409967 -0.466413 -1
-0.944417 -0.437712 1
-0.182609 -0.157342 -1
-0.791371 -0.145419 -1
-0.895844 -0.730979 -1
-0.079497 -0.840667 -1
-0.076084 -0.952564 -1
-0.423978 -0.017667 1
-0.725378 -0.280391 -1
-0.058890 -0.765989 1
-0.333536 -0.378111 1
-0.709045 -0.044242 1
-0.984026 -0.137788 1
-0.260788 -0.414859 -1
-0.508450 -0.774277 -1
-0.601622 -0.341900 1
-0.669885 -0.256224 1
-0.259403 -0.723008 1
-0.523624 -0.934748 -1
-0.066885 -0.012616 -1
-0.976055 -0.017897 1
-0.936383 -0.260638 -1
-0.079175 -0.853902 1
-0.777957 -0.166524 1
-0.230914 -0.917503 1
-0.017853 -0.922766 1
-0.350070 -0.085110 -1
-0.290758 -0.144960 -1
-0.724175 -0.978278 1
-0.822079 -0.373294 1
-0.432953 -0.159307 -1
-0.826534 -0.477199 1
-0.311160 -0.597582 1
-0.697646 -0.280447 1
-0.971968 -0.305156 -1
-0.520070 -0.420825 -1
-0.576822 -0.026238 -1
-0.707423 -0.260107 1
-0.737214 -0.978075 1
-0.652576 -0.037673 -1
-0.754412 -0.534503 1
-0.840629 -0.318903 -1
-0.591712 -0.231128 1
-0.857667 -0.205829 1
-0.373427 -0.975659 -1
-0.051951 -0.379648 1
-0.428339 -0.138604 -1
-0.566835 -0.037469 -1
-0.388621 -0.074496 1
-0.406304 -0.322058 1
-0.191761 -0.226027 -1
-0.438509 -0.269031 -1
-0.297241 -0.866162 -1
-0.461500 -0.754735 -1
-0.521577 -0.154831 1
-0.023678 -0.723825 -1
-0.485447 -0.322642 -1
-0.828314 -0.668762 1
-0.752688 -0.923964 -1
-0.944173 -0.771848 1
-0.977182 -0.701332 -1
-0.765705 -0.708326 1
-0.986170 -0.625847 -1
-0.592011 -0.016524 1
-0.450121 -0.660376 -1
-0.638971 -0.781839 1
-0.888807 -0.704101 -1
-0.656819 -0.495530 1
-0.816613 -0.194650 -1
-0.131927 -0.379782 1
-0.418840 -0.367900 -1
-0.718665 -0.258783 -1
-0.349189 -0.867803 -1
-0.561886 -0.966111 1
-0.467954 -0.522683 1
-0.642788 -0.633006 -1
-0.305768 -0.771695 1
-0.584387 -0.514771 1
-0.548022 -0.922912 1
-0.507870 -0.792353 -1
-0.130992 -0.781634 -1
-0.424551 -0.915071 -1
-0.978556 -0.788764 1
-0.347234 -0.333557 -1
-0.569676 -0.708384 -1
-0.806314 -0.940748 -1
-0.334869 -0.047523 1
-0.694404 -0.851699 -1
-0.927003 -0.122478 1
-0.292640 -0.923260 -1
-0.124429 -0.820207 1
-0.216177 -0.900196 -1
-0.348205 -0.382026 -1
-0.166358 -0.028513 1
-0.042536 -0.558240 -1
-0.443679 -0.694802 -1
-0.156876 -0.789971 1
-0.025921 -0.576878 1
-0.066299 -0.343753 -1
-0.754496 -0.198713 -1
-0.757928 -0.754927 1
-0.723661 -0.994439 -1
-0.330807 -0.113904 -1
-0.332441 -0.669197 -1
-0.510259 -0.414019 -1
-0.605203 -0.231249 1
-0.474760 -0.000536 1
-0.485572 -0.068433 1
-0.111993 -0.218947 -1
-0.466387 -0.149127 1
-0.828674 -0.536454 -1
-0.108454 -0.829397 -1
-0.444661 -0.979695 1
-0.052109 -0.811694 1
-0.310187 -0.135825 -1
-0.641797 -0.183933 1
-0.880757 -0.106572 -1
-0.326483 -0.028549 1
-0.183218 -0.677715 -1
-0.806946 -0.694043 1
-0.945030 -0.457688 -1
-0.564712 -0.331521 1
-0.786773 -0.892853 1
-0.758821 -0.199672 1
-0.729692 -0.399996 -1
-0.564144 -0.530895 -1
-0.587192 -0.261327 1
-0.844136 -0.644118 -1
-0.495368 -0.543726 1
-0.245290 -0.295252 -1
-0.052937 -0.412067 -1
-0.521495 -0.369286 -1
-0.381297 -0.712026 1
-0.761201 -0.121445 -1
-0.746734 -0.318623 1
-0.620837 -0.736895 -1
0.732772 0.619264 -1
0.451061 0.561611 -1
0.286343 0.700254 -1
0.603024 0.130845 -1
0.121011 0.174225 -1
0.666009 0.785747 1
0.084670 0.559489 -1
0.626182 0.190032 -1
0.755589 0.322227 -1
0.684553 0.836181 -1
0.129376 0.807591 -1
0.728762 0.767770 1
0.958097 0.727609 -1
0.551577 0.566727 1
0.158205 0.313813 1
0.206635 0.634003 1
0.010020 0.658479 1
0.274851 0.754118 1
0.858119 0.989561 -1
0.526440 0.618905 -1
0.747703 0.763941 -1
0.105985 0.864549 -1
0.099530 0.992816 -1
0.700294 0.460089 -1
0.553183 0.636083 -1
0.304908 0.757556 -1
0.252419 0.025479 -1
0.079553 0.943253 1
0.161464 0.835762 1
0.260516 0.970557 1
0.821786 0.209671 -1
0.380213 0.831378 -1
0.462278 0.737814 -1
0.229672 0.209262 1
0.260378 0.819865 -1
0.850352 0.058958 1
0.860746 0.113487 -1
0.708684 0.083312 -1
0.062588 0.959233 1
0.994169 0.627169 1
0.101024 0.871903 -1
0.636090 0.371133 -1
0.808776 0.848143 -1
0.477648 0.023874 -1
0.275924 0.997238 1
0.558102 0.328200 1
0.148688 0.310360 1
0.734464 0.519013 -1
0.361747 0.508303 1
0.265749 0.710902 -1
0.784628 0.484981 -1
0.212935 0.763193 -1
0.694249 0.657582 -1
0.598246 0.737986 1
0.602408 0.060916 -1
0.666849 0.862680 1
0.985490 0.458753 -1
0.425388 0.792260 1
0.200264 0.721321 -1
0.752879 0.548249 -1
0.433129 0.688777 -1
0.506743 0.226927 -1
0.258781 0.086992 -1
0.837449 0.667607 -1
0.242029 0.178469 -1
0.329446 0.793302 1
0.731047 0.567055 -1
0.103922 0.789635 -1
0.025341 0.505514 1
0.775904 0.392882 1
0.266094 0.195697 -1
0.992353 0.503472 -1
0.590122 0.399734 -1
0.720587 0.918882 1
0.521504 0.168819 -1
0.473013 0.507606 1
0.504813 0.059542 1
0.433930 0.109701 1
0.893041 0.874603 -1
0.193154 0.514204 -1
0.089863 0.432701 -1
0.878176 0.414655 -1
0.893997 0.035657 -1
0.615184 0.898231 -1
0.631370 0.153562 1
0.096550 0.827762 -1
0.875158 0.071348 1
0.841751 0.499538 1
0.833893 0.250329 -1
0.149817 0.692613 -1
0.202563 0.528340 -1
0.481205 0.239373 -1
0.236873 0.891763 1
0.529467 0.948217 -1
0.174820 0.199125 1
0.432041 0.171480 -1
0.587212 0.626545 -1
0.508494 0.667544 -1
0.855520 0.600850 -1
0.270395 0.873540 -1
0.271387 0.482909 1
0.085771 0.115452 1
0.318751 0.520628 -1
0.265421 0.274723 -1
0.641845 0.886727 1
0.175846 0.244496 -1
0.408827 0.039547 1
0.532405 0.053060 1
0.755736 0.799541 1
0.356066 0.998885 1
0.933987 0.969203 1
0.537310 0.141965 -1
0.218676 0.779070 -1
0.166144 0.505151 -1
0.756483 0.261378 -1
0.987970 0.073742 -1
0.260725 0.148199 1
0.410323 0.889022 1
0.959602 0.331061 -1
0.972083 0.968397 1
0.037531 0.265235 1
0.382747 0.981096 1
0.093618 0.601372 -1
0.571626 0.476006 -1
0.364503 0.134503 1
0.136365 0.505665 1
0.595371 0.740948 -1
0.292692 0.492113 -1
0.318045 0.571796 -1
0.248708 0.196770 -1
0.922736 0.555403 1
0.833194 0.298454 -1
0.394521 0.195507 -1
0.112487 0.459514 1
0.880624 0.290766 -1
0.527971 0.058340 -1
0.090897 0.006073 1
0.575191 0.672357 -1
0.026119 0.408703 1
0.918065 0.584447 1
0.191492 0.276231 -1
0.382804 0.891451 -1
0.084007 0.603360 1
0.866282 0.428521 1
0.320633 0.501440 1
0.133617 0.285474 -1
0.518749 0.686569 1
0.091328 0.550992 1
0.701890 0.817716 -1
0.453132 0.187591 1
0.754974 0.808789 1
0.028678 0.645069 1
0.346881 0.641003 -1
0.366111 0.414552 -1
0.438496 0.146655 1
0.052508 0.297260 -1
0.508661 0.663263 -1
0.168622 0.239260 1
0.590781 0.354916 -1
0.889243 0.965061 -1
0.339048 0.449696 -1
0.251284 0.937971 1
0.558753 0.283001 -1
0.643335 0.909924 1
0.884615 0.849911 1
0.412644 0.150080 -1
0.030017 0.687566 -1
0.877194 0.037996 -1
0.324128 0.921955 -1
0.727682 0.307139 -1
0.214035 0.903929 1
0.697163 0.396329 1
0.543048 0.553914 1
0.067040 0.529643 -1
0.530109 0.777178 -1
0.487426 0.184134 -1
0.936690 0.046610 -1
0.837625 0.508107 -1
0.564720 0.716217 -1
0.275447 0.022993 -1
0.225153 0.482535 1
0.530581 0.941798 -1
0.475183 0.434261 -1
0.419302 0.200777 1
0.252040 0.982597 -1
0.146355 0.772225 -1
0.869567 0.777773 -1
0.601408 0.064412 1
0.466319 0.871024 -1
0.598515 0.533121 -1
0.928145 0.162207 1
0.650583 0.183620 -1
0.288328 0.592109 -1
0.837104 0.231164 -1
0.755855 0.338925 1
0.571727 0.878355 1
0.820261 0.993298 -1
0.911273 0.758706 1
0.956853 0.761079 -1
0.797073 0.889044 1
0.007083 0.803232 -1
0.550928 0.706733 -1
0.545893 0.355795 -1
0.491752 0.235538 -1
0.450754 0.105271 1
0.967410 0.594872 -1
0.027815 0.612052 -1
0.943917 0.181201 -1
0.084127 0.651293 -1
0.849598 0.992194 -1
0.640744 0.813553 -1
0.193312 0.389126 1
0.294603 0.344663 -1
0.746730 0.188977 -1
0.506072 0.326054 1
0.798293 0.347408 1
0.688531 0.465895 -1
0.391684 0.174037 -1
0.163412 0.292004 -1
0.442359 0.021349 1
0.938350 0.410726 -1
0.074697 0.809145 -1
0.228615 0.080575 -1
0.349993 0.184629 1
0.425974 0.258790 -1
0.353706 0.329842 -1
0.337924 0.445845 -1
0.209909 0.343947 -1
0.234963 0.286379 -1
0.467502 0.754313 -1
0.724003 0.796113 -1
0.970975 0.128968 -1
0.449020 0.468287 1
0.054830 0.688672 -1
0.671403 0.127638 1
0.802253 0.903004 -1
0.361491 0.254159 -1
0.220737 0.994385 1
0.162040 0.627238 1
0.156625 0.968345 -1
0.148399 0.799608 1
0.512652 0.699284 -1
0.961763 0.903496 -1
0.387888 0.851147 -1
0.015060 0.655001 -1
0.325992 0.980899 -1
0.450467 0.374806 -1
0.009824 0.189994 1
0.398721 0.007400 -1
0.506082 0.272470 1
