-0.983118 0.440241 1
-0.303057 0.090728 1
-0.685551 0.772341 -1
-0.185270 0.645881 1
-0.608291 0.483883 -1
-0.699102 0.895898 1
-0.573626 0.442248 -1
-0.954312 0.656170 -1
-0.675716 0.332418 -1
-0.396004 0.540925 1
-0.907955 0.457169 1
-0.724574 0.919228 1
-0.984509 0.104429 -1
-0.995583 0.671126 1
-0.160526 0.660856 -1
-0.678145 0.732690 1
-0.889294 0.555711 1
-0.633268 0.115941 -1
-0.930989 0.036550 1
-0.996378 0.344832 1
-0.304794 0.367424 -1
-0.033376 0.567392 -1
-0.942734 0.539609 1
-0.226609 0.193719 1
-0.897206 0.542555 1
-0.035602 0.538578 -1
-0.663059 0.321608 1
-0.235127 0.130034 1
-0.291514 0.329222 1
-0.231458 0.769317 1
-0.877776 0.356300 1
-0.841743 0.815721 1
-0.109213 0.812871 1
-0.172118 0.573300 1
-0.896474 0.734909 -1
-0.668205 0.803474 1
-0.271071 0.047208 -1
-0.366539 0.651257 -1
-0.309098 0.125030 1
-0.177069 0.993801 -1
-0.887949 0.891341 1
-0.481616 0.658722 1
-0.548423 0.654134 1
-0.085735 0.451198 1
-0.744506 0.330621 1
-0.533777 0.291243 1
-0.373145 0.382113 1
-0.216222 0.475998 1
-0.641391 0.708031 1
-0.394993 0.227435 1
-0.934679 0.604613 1
-0.496839 0.261633 1
-0.984904 0.064324 -1
-0.357029 0.183840 1
-0.165997 0.583334 1
-0.067527 0.902995 -1
-0.040320 0.463254 1
-0.031527 0.313338 1
-0.233805 0.022008 1
-0.430861 0.046785 1
-0.684873 0.011501 1
-0.787570 0.128499 1
-0.376006 0.744072 1
-0.905743 0.850619 1
-0.273259 0.410766 1
-0.287033 0.386931 1
-0.759953 0.730272 1
-0.712969 0.477777 1
-0.238981 0.520876 1
-0.611212 0.597951 -1
-0.355972 0.823427 -1
-0.289641 0.109270 1
-0.025133 0.371869 1
-0.423217 0.860628 1
-0.673016 0.625194 1
-0.439892 0.319027 1
-0.733294 0.801061 1
-0.216734 0.699451 1
-0.262470 0.623453 1
-0.737335 0.419410 1
-0.254634 0.937609 1
-0.888101 0.079728 1
-0.090614 0.621578 1
-0.805121 0.442237 1
-0.724980 0.566247 1
-0.035385 0.588251 1
-0.297812 0.394836 1
-0.828940 0.433260 1
-0.390466 0.786996 1
-0.998459 0.128111 -1
-0.487448 0.912920 1
-0.613136 0.949702 1
-0.024084 0.299162 1
-0.450199 0.909693 -1
-0.067175 0.514017 1
-0.284660 0.933142 -1
-0.949129 0.622219 1
-0.765871 0.269778 -1
-0.556872 0.677205 -1
-0.859770 0.841038 1
-0.132607 0.075434 1
-0.676407 0.402891 -1
-0.450221 0.936444 1
-0.979427 0.608814 1
-0.371184 0.719300 1
-0.995604 0.134052 1
-0.137915 0.630625 -1
-0.598002 0.446213 1
-0.496191 0.252911 1
-0.844855 0.256892 1
-0.261520 0.181579 1
-0.240461 0.103561 1
-0.664200 0.530540 -1
-0.532762 0.666337 -1
-0.687665 0.553113 1
-0.426659 0.774886 1
-0.016774 0.793897 1
-0.991105 0.421585 1
-0.743600 0.573927 1
-0.510352 0.888317 1
-0.631331 0.431919 1
-0.951515 0.427055 1
-0.872927 0.434596 1
-0.299193 0.261804 1
-0.438649 0.174579 1
-0.460596 0.388458 1
-0.037871 0.335003 1
-0.106664 0.082676 -1
-0.814984 0.326516 1
-0.422816 0.266093 -1
-0.318387 0.459271 1
-0.877629 0.092772 -1
-0.735995 0.381136 1
-0.982191 0.428731 1
-0.684183 0.887840 1
-0.251442 0.617163 1
-0.637361 0.721131 1
-0.684538 0.633699 -1
-0.491148 0.112894 1
-0.790677 0.499747 -1
-0.641093 0.653651 1
-0.444318 0.544814 1
-0.225303 0.262269 1
-0.212070 0.743322 1
-0.943525 0.586665 1
-0.164360 0.580012 1
-0.385775 0.009664 1
-0.725864 0.109709 1
-0.062579 0.824031 -1
-0.096754 0.019720 1
-0.397862 0.058539 1
-0.334155 0.481304 1
-0.311799 0.149751 1
-0.870896 0.377740 1
-0.508994 0.856264 -1
-0.157379 0.226241 1
-0.811041 0.100390 1
-0.066746 0.595087 1
-0.430772 0.320670 -1
-0.097489 0.462827 1
-0.258584 0.827515 1
-0.211464 0.806090 -1
-0.651594 0.904037 1
-0.068744 0.838860 1
-0.840394 0.136238 1
-0.256505 0.492048 1
-0.357788 0.188998 1
-0.956278 0.079731 -1
-0.565418 0.424420 1
-0.241974 0.686356 1
-0.219098 0.817124 1
-0.216338 0.404632 1
-0.652679 0.749925 -1
-0.109697 0.286060 1
-0.594799 0.124993 1
-0.308209 0.919493 -1
-0.548023 0.430226 -1
-0.114548 0.371906 -1
-0.819582 0.036118 1
-0.539763 0.587486 1
-0.582143 0.452887 1
-0.607023 0.536200 1
-0.947506 0.870728 1
-0.160851 0.623455 1
-0.457773 0.391202 -1
-0.554788 0.025157 1
-0.911702 0.497816 1
-0.639621 0.739777 1
-0.227736 0.310677 -1
-0.233013 0.967328 1
-0.285176 0.505155 -1
-0.125412 0.434055 1
-0.632189 0.658403 1
-0.472461 0.378209 1
-0.478662 0.762082 1
-0.643471 0.051612 1
-0.500502 0.595494 1
-0.352534 0.172470 1
-0.872462 0.055248 -1
-0.823908 0.293649 1
-0.600858 0.246671 1
-0.636271 0.194974 1
-0.753156 0.405377 1
-0.896102 0.256843 1
-0.990104 0.294812 1
-0.692898 0.728480 1
-0.915220 0.742525 -1
-0.278823 0.628657 1
-0.823550 0.786191 1
-0.384462 0.170280 1
-0.154826 0.186177 -1
-0.457808 0.284729 -1
-0.975363 0.902999 -1
-0.097179 0.822961 1
-0.463311 0.895771 1
-0.264421 0.051944 -1
-0.631013 0.379214 1
-0.088612 0.566534 -1
-0.319696 0.285885 -1
-0.667816 0.495035 1
-0.771275 0.677556 1
-0.976250 0.903592 -1
-0.142832 0.466899 1
-0.418682 0.450955 1
-0.254139 0.170403 -1
-0.955084 0.354920 1
-0.836643 0.264070 -1
-0.209017 0.521850 1
-0.680613 0.727848 1
-0.620114 0.342738 1
-0.568180 0.852211 -1
-0.842474 0.134736 1
-0.614386 0.361790 1
-0.168697 0.678837 1
-0.808747 0.307323 1
-0.351833 0.722885 1
-0.625883 0.416564 1
-0.466764 0.939655 1
-0.878226 0.772748 1
-0.430825 0.609303 -1
-0.479841 0.145193 1
-0.387868 0.943107 1
-0.065374 0.984403 1
-0.795701 0.453545 1
-0.647638 0.035478 1
-0.005492 0.860605 -1
-0.479699 0.451365 1
-0.011720 0.729894 1
-0.298175 0.142823 1
-0.705634 0.928417 1
0.403924 -0.552918 -1
0.893588 -0.801017 1
0.531137 -0.830036 1
0.289952 -0.271248 1
0.807816 -0.030137 1
0.447107 -0.831339 1
0.488967 -0.706064 1
0.755908 -0.203048 1
0.559060 -0.362437 1
0.686120 -0.333232 -1
0.352321 -0.220673 1
0.537293 -0.298803 1
0.253616 -0.028392 1
0.742325 -0.083456 -1
0.228291 -0.935054 1
0.140450 -0.584929 1
0.184452 -0.953944 1
0.935956 -0.223460 1
0.616490 -0.252610 -1
0.123132 -0.379317 1
0.063621 -0.258948 1
0.784620 -0.297028 1
0.352620 -0.555605 1
0.335342 -0.938090 1
0.153738 -0.452138 1
0.964957 -0.218415 1
0.608636 -0.782672 1
0.784964 -0.649322 1
0.603917 -0.477299 1
0.648716 -0.659139 1
0.377951 -0.048561 -1
0.873566 -0.104702 -1
0.281783 -0.873828 1
0.374164 -0.931010 1
0.570097 -0.029639 1
0.997545 -0.434667 1
0.651507 -0.456559 1
0.760239 -0.393265 1
0.697395 -0.536364 1
0.022951 -0.176314 -1
0.577613 -0.335941 1
0.372713 -0.714131 1
0.088912 -0.390409 1
0.030696 -0.960863 -1
0.953082 -0.396996 1
0.638742 -0.347863 1
0.813865 -0.888207 1
0.689701 -0.886586 -1
0.281721 -0.467958 1
0.779849 -0.204253 -1
0.451959 -0.509796 1
0.833404 -0.048446 1
0.050231 -0.890345 1
0.718075 -0.951661 1
0.855721 -0.019480 1
0.346555 -0.780791 1
0.228477 -0.617411 1
0.529527 -0.719837 -1
0.070815 -0.316141 -1
0.845568 -0.201061 1
0.160064 -0.522947 -1
0.149719 -0.465245 1
0.370700 -0.147208 1
0.049435 -0.825858 -1
0.390086 -0.480216 1
0.693564 -0.110784 1
0.422652 -0.424389 -1
0.034743 -0.546937 1
0.208243 -0.035138 1
0.885473 -0.097144 -1
0.785304 -0.221760 1
0.684010 -0.153061 1
0.548665 -0.920074 1
0.427085 -0.881230 1
0.298065 -0.455890 1
0.718998 -0.316624 1
0.301044 -0.634771 1
0.985518 -0.722611 1
0.780588 -0.238480 1
0.139246 -0.179527 1
0.280484 -0.135245 1
0.682575 -0.099547 1
0.352332 -0.728999 1
0.854394 -0.845278 1
0.083720 -0.688655 1
0.939315 -0.972729 1
0.855742 -0.277019 1
0.699757 -0.807533 1
0.813456 -0.736138 1
0.094597 -0.905868 1
0.666755 -0.524507 1
0.880158 -0.707348 1
0.941967 -0.805619 1
0.821157 -0.540995 -1
0.431449 -0.455153 1
0.648404 -0.387699 1
0.328912 -0.299592 -1
0.380002 -0.443117 1
0.604455 -0.225970 1
0.007167 -0.305029 -1
0.248198 -0.703088 -1
0.590967 -0.822585 -1
0.630753 -0.181456 1
0.235546 -0.158374 1
0.351006 -0.354772 1
0.864406 -0.205361 1
0.446934 -0.474371 1
0.127829 -0.931501 1
0.255877 -0.779109 1
0.883391 -0.219939 -1
0.845886 -0.198943 1
0.605317 -0.702659 1
0.219968 -0.167598 -1
0.763909 -0.660674 1
0.690799 -0.836220 1
0.463196 -0.345713 1
0.295216 -0.138519 1
0.993849 -0.663098 1
0.877908 -0.348695 1
0.725099 -0.278488 1
0.201965 -0.997875 1
0.353251 -0.075339 1
0.353888 -0.206987 1
0.828847 -0.902350 1
0.099441 -0.871737 1
0.440647 -0.072681 -1
0.836194 -0.616476 1
0.952254 -0.434950 1
0.860430 -0.086205 1
0.497648 -0.086843 -1
0.912915 -0.812079 1
0.146896 -0.098066 1
0.102498 -0.754084 1
0.203899 -0.427530 1
0.674499 -0.622234 1
0.567499 -0.730866 1
0.324225 -0.472495 -1
0.437998 -0.352148 1
0.980000 -0.840711 -1
0.999669 -0.243137 1
0.929034 -0.546456 1
0.218130 -0.679578 1
0.023277 -0.708494 1
0.110726 -0.799312 -1
0.765687 -0.815073 1
0.132330 -0.432544 -1
0.191749 -0.357816 1
0.331393 -0.242122 1
0.174899 -0.921215 1
0.677957 -0.542185 1
0.164169 -0.365059 -1
0.346473 -0.500026 1
0.179459 -0.212104 -1
0.186878 -0.815707 1
0.094174 -0.584191 1
0.391183 -0.938975 1
0.944151 -0.011783 1
0.620850 -0.545930 1
0.424630 -0.328428 1
0.428792 -0.255246 1
0.276883 -0.068387 -1
0.773063 -0.904157 -1
0.240031 -0.491305 1
0.584390 -0.845566 1
0.383505 -0.305959 1
0.008123 -0.698923 1
0.995039 -0.342548 1
0.684971 -0.585907 1
0.425199 -0.172660 1
0.932698 -0.401003 1
0.323876 -0.581591 1
0.140223 -0.011017 -1
0.684606 -0.082607 -1
0.469341 -0.913642 -1
0.329119 -0.898715 1
0.766230 -0.552171 1
0.474782 -0.340545 1
0.537015 -0.986176 1
0.340458 -0.738443 1
0.352872 -0.421356 -1
0.746983 -0.134652 1
0.318713 -0.825898 1
0.948629 -0.316903 1
0.522325 -0.111950 1
0.443026 -0.976241 -1
0.481260 -0.953329 -1
0.371327 -0.561290 1
0.002831 -0.266762 1
0.969399 -0.982575 1
0.209600 -0.175323 1
0.934632 -0.380685 1
0.202390 -0.282045 1
0.231006 -0.824539 1
0.840591 -0.120676 1
0.920326 -0.618105 1
0.140622 -0.770068 1
0.920057 -0.815668 1
0.366818 -0.524582 1
0.885345 -0.103489 -1
0.129729 -0.457592 1
0.084059 -0.039907 1
0.265167 -0.869846 1
0.088171 -0.192173 1
0.217558 -0.578987 1
0.348079 -0.893632 1
0.267689 -0.028733 1
0.469893 -0.208781 -1
0.754988 -0.595645 1
0.496789 -0.213415 -1
0.611743 -0.929025 1
0.201042 -0.130066 1
0.298139 -0.125863 1
0.859257 -0.077316 1
0.519742 -0.974557 -1
0.678652 -0.621575 1
0.313944 -0.105792 1
0.142463 -0.857607 -1
0.317085 -0.813119 1
0.219191 -0.047728 1
0.600468 -0.990731 -1
0.558325 -0.263103 1
0.338507 -0.980435 1
0.284999 -0.286024 -1
0.725196 -0.117833 1
0.985863 -0.566143 1
0.332575 -0.614545 1
0.596986 -0.959382 1
0.041327 -0.592332 1
0.502801 -0.146077 1
0.080173 -0.655788 1
0.298212 -0.219049 1
0.651951 -0.989952 1
0.734470 -0.946220 1
0.534343 -0.733986 1
0.390937 -0.528316 1
0.923515 -0.798924 1
0.675386 -0.164657 1
0.044484 -0.891751 1
0.600851 -0.021566 1
0.817563 -0.817458 -1
0.124322 -0.864691 1
0.989312 -0.480841 -1
0.254224 -0.040504 -1
0.000822 -0.177602 1
0.474304 -0.133558 -1
0.919743 -0.246714 1
0.188418 -0.673462 -1
0.936052 -0.150721 1
0.386488 -0.408525 1
0.087295 -0.581556 1
-0.982253 -0.449627 -1
-0.257716 -0.066141 -1
-0.599919 -0.856221 -1
-0.445688 -0.924275 1
-0.408748 -0.094446 -1
-0.726742 -0.898646 -1
-0.193813 -0.508717 -1
-0.160549 -0.507744 -1
-0.907460 -0.876738 -1
-0.028298 -0.626898 1
-0.018547 -0.146026 -1
-0.859447 -0.489697 -1
-0.951693 -0.768217 -1
-0.097381 -0.483884 -1
-0.836535 -0.062187 -1
-0.254311 -0.471980 -1
-0.444495 -0.390016 -1
-0.935988 -0.130440 -1
-0.660206 -0.778708 -1
-0.719775 -0.549579 1
-0.952393 -0.028218 -1
-0.045676 -0.524791 -1
-0.895907 -0.138872 1
-0.756875 -0.492864 -1
-0.672260 -0.205385 -1
-0.323518 -0.996487 1
-0.117856 -0.266858 -1
-0.443379 -0.838138 -1
-0.749324 -0.283638 -1
-0.197923 -0.430809 1
-0.852923 -0.480611 -1
-0.671132 -0.041539 -1
-0.937051 -0.448343 -1
-0.868801 -0.012841 -1
-0.417497 -0.589934 -1
-0.576538 -0.969472 -1
-0.983978 -0.791054 -1
-0.959088 -0.041218 1
-0.126575 -0.428584 -1
-0.268050 -0.370747 -1
-0.671809 -0.784892 -1
-0.912509 -0.939066 -1
-0.406156 -0.820031 -1
-0.394849 -0.834795 -1
-0.195985 -0.444602 -1
-0.519797 -0.520115 -1
-0.849397 -0.884224 -1
-0.363830 -0.446252 -1
-0.666075 -0.855725 -1
-0.289056 -0.634539 -1
-0.367308 -0.528575 -1
-0.056296 -0.103898 -1
-0.119965 -0.219798 -1
-0.338709 -0.462184 -1
-0.397581 -0.497670 1
-0.488878 -0.186600 -1
-0.915975 -0.207930 -1
-0.237183 -0.010167 -1
-0.866470 -0.504333 -1
-0.883569 -0.676181 -1
-0.341928 -0.769008 1
-0.769154 -0.484984 -1
-0.937542 -0.442752 -1
-0.673782 -0.997821 1
-0.138548 -0.918300 -1
-0.873654 -0.654274 -1
-0.980193 -0.535007 1
-0.831089 -0.087003 -1
-0.986477 -0.288890 -1
-0.153072 -0.114489 -1
-0.516882 -0.285967 -1
-0.441059 -0.989372 -1
-0.238193 -0.978587 1
-0.314925 -0.817645 -1
-0.564196 -0.748678 -1
-0.303926 -0.201816 1
-0.329821 -0.655998 1
-0.962183 -0.043253 -1
-0.246889 -0.604870 -1
-0.836709 -0.520128 -1
-0.899563 -0.585192 -1
-0.222477 -0.061320 -1
-0.876162 -0.908694 1
-0.206404 -0.980087 -1
-0.947391 -0.583790 -1
-0.982809 -0.454508 -1
-0.887955 -0.100289 -1
-0.421485 -0.275469 -1
-0.422341 -0.266041 -1
-0.411982 -0.041144 -1
-0.747755 -0.383654 -1
-0.401249 -0.003415 1
-0.121503 -0.900088 -1
-0.548311 -0.417554 1
-0.914053 -0.213287 -1
-0.218443 -0.478323 -1
-0.635533 -0.333253 -1
-0.713289 -0.762884 1
-0.344585 -0.856472 -1
-0.235486 -0.789141 -1
-0.597905 -0.150745 -1
-0.520610 -0.736860 1
-0.637465 -0.977946 1
-0.681042 -0.944658 -1
-0.704578 -0.339807 -1
-0.991417 -0.164832 -1
-0.799746 -0.489917 -1
-0.572205 -0.292398 -1
-0.308200 -0.088765 1
-0.653244 -0.460086 -1
-0.506158 -0.641261 1
-0.092146 -0.393939 1
-0.094080 -0.815805 -1
-0.024345 -0.720595 -1
-0.961427 -0.070365 -1
-0.310456 -0.724049 -1
-0.140118 -0.101457 1
-0.925434 -0.443483 1
-0.413396 -0.911220 -1
-0.799643 -0.217645 -1
-0.824539 -0.970648 -1
-0.931860 -0.964095 1
-0.313790 -0.010385 -1
-0.704076 -0.091813 -1
-0.433303 -0.343594 1
-0.456572 -0.386880 1
-0.467543 -0.615672 -1
-0.036893 -0.144819 -1
-0.757589 -0.743399 -1
-0.324123 -0.190129 1
-0.206883 -0.312641 1
-0.651423 -0.994900 -1
-0.115967 -0.034869 -1
-0.136251 -0.384584 -1
-0.543610 -0.340808 -1
-0.593600 -0.627277 -1
-0.873471 -0.998248 -1
-0.356996 -0.109313 -1
-0.205674 -0.597164 -1
-0.816648 -0.475640 -1
-0.104684 -0.459304 -1
-0.196356 -0.247484 -1
-0.625190 -0.313029 -1
-0.598844 -0.590130 -1
-0.673463 -0.848986 -1
-0.119913 -0.410213 1
-0.922717 -0.588577 -1
-0.167684 -0.024394 -1
-0.941114 -0.427349 -1
-0.113609 -0.586448 -1
-0.174000 -0.107806 -1
-0.364755 -0.750873 -1
-0.211215 -0.337300 -1
-0.522409 -0.984928 -1
-0.513368 -0.132326 -1
-0.893973 -0.651288 -1
-0.615207 -0.363820 -1
-0.583962 -0.101206 -1
-0.764143 -0.475774 -1
-0.434323 -0.136807 -1
-0.179810 -0.035358 1
-0.991012 -0.575010 -1
-0.779320 -0.843873 -1
-0.761352 -0.759815 -1
-0.899623 -0.751958 -1
-0.054315 -0.920145 1
-0.734084 -0.119043 1
-0.493493 -0.867871 -1
-0.977772 -0.187162 -1
-0.389101 -0.996036 -1
-0.779481 -0.811769 -1
-0.453798 -0.177993 -1
-0.821856 -0.967731 -1
-0.958320 -0.117185 -1
-0.880932 -0.178763 -1
-0.544322 -0.854336 -1
-0.903316 -0.316397 -1
-0.065001 -0.654391 -1
-0.236048 -0.606342 1
-0.505406 -0.628305 -1
-0.359129 -0.973589 1
-0.026551 -0.824680 -1
-0.397458 -0.442261 -1
-0.314062 -0.637214 1
-0.692318 -0.188917 -1
-0.617010 -0.112801 -1
-0.177167 -0.227568 -1
-0.037647 -0.523403 -1
-0.329652 -0.592271 -1
-0.756305 -0.680620 -1
-0.647964 -0.554963 -1
-0.713743 -0.051335 -1
-0.948610 -0.497206 1
-0.140113 -0.128733 1
-0.241324 -0.309973 -1
-0.264309 -0.197879 -1
-0.514764 -0.356468 -1
-0.992312 -0.914343 -1
-0.460765 -0.646304 -1
-0.332565 -0.310472 1
-0.107391 -0.466235 -1
-0.636861 -0.915939 -1
-0.676472 -0.574402 -1
-0.996794 -0.477800 1
-0.267977 -0.155010 -1
-0.278473 -0.650052 -1
-0.892316 -0.107508 -1
-0.739659 -0.332769 -1
-0.344576 -0.632526 -1
-0.951135 -0.823928 1
-0.774573 -0.005664 1
-0.233401 -0.561049 -1
-0.492752 -0.636064 1
-0.947851 -0.410267 -1
-0.795937 -0.861946 -1
-0.777642 -0.352422 1
-0.960062 -0.906004 -1
-0.234946 -0.923382 -1
-0.829047 -0.287955 -1
-0.951369 -0.663496 -1
-0.427887 -0.014847 -1
-0.460697 -0.327636 -1
-0.884699 -0.144429 -1
-0.467409 -0.486247 -1
-0.285798 -0.822572 -1
-0.950577 -0.027963 -1
-0.286706 -0.213501 -1
-0.293756 -0.915549 -1
-0.718192 -0.328490 1
-0.547890 -0.239405 1
-0.188201 -0.895946 1
-0.914147 -0.671458 -1
-0.125721 -0.825680 -1
-0.654099 -0.881965 -1
-0.806961 -0.339583 1
-0.757884 -0.514657 -1
-0.598669 -0.870093 1
-0.860308 -0.498307 -1
-0.630080 -0.814598 -1
-0.127599 -0.563440 -1
-0.240225 -0.075106 -1
-0.940358 -0.751935 -1
-0.310975 -0.775021 -1
-0.108957 -0.526869 1
-0.670766 -0.447018 -1
-0.512617 -0.587036 -1
-0.059312 -0.017446 -1
-0.352174 -0.564245 1
-0.141489 -0.718864 1
-0.044467 -0.836949 1
0.028041 0.650575 1
0.486828 0.480733 -1
0.914476 0.286464 -1
0.087300 0.760641 -1
0.612419 0.379176 -1
0.504552 0.617120 -1
0.394123 0.109609 -1
0.368697 0.705112 1
0.012697 0.842867 -1
0.091089 0.105717 -1
0.020223 0.260485 -1
0.239639 0.536621 -1
0.971437 0.276139 -1
0.550958 0.039578 -1
0.845514 0.647726 -1
0.897892 0.612683 -1
0.046391 0.769761 -1
0.376324 0.697494 -1
0.691220 0.022664 -1
0.143769 0.072005 -1
0.300736 0.292917 -1
0.762748 0.783579 -1
0.995482 0.056643 -1
0.673464 0.770544 -1
0.003688 0.946014 1
0.405718 0.787750 -1
0.528776 0.909585 -1
0.335840 0.681379 -1
0.188724 0.994619 -1
0.375396 0.888855 -1
0.933133 0.024113 -1
0.951910 0.493703 -1
0.287289 0.895226 -1
0.768889 0.774053 -1
0.883863 0.687172 -1
0.046778 0.802564 -1
0.335520 0.001975 1
0.971305 0.247198 1
0.869388 0.854681 -1
0.621769 0.557929 -1
0.628583 0.162418 -1
0.452944 0.155374 -1
0.491510 0.814877 -1
0.273458 0.278013 -1
0.279489 0.673050 -1
0.788900 0.340887 -1
0.893738 0.575282 -1
0.806319 0.541664 -1
0.912610 0.624299 -1
0.156779 0.985099 -1
0.453714 0.136339 -1
0.817492 0.046260 -1
0.928892 0.475235 -1
0.560200 0.417735 -1
0.267308 0.606014 1
0.714871 0.740925 1
0.682967 0.587512 -1
0.741780 0.606465 -1
0.213667 0.934315 1
0.587319 0.923064 -1
0.865273 0.819755 -1
0.445512 0.086446 -1
0.598097 0.854453 -1
0.025534 0.764079 -1
0.048622 0.111293 -1
0.161310 0.065389 -1
0.583433 0.541537 -1
0.097281 0.000730 -1
0.570702 0.217744 -1
0.806123 0.788439 1
0.011162 0.712554 -1
0.929360 0.294583 -1
0.460923 0.481265 -1
0.174527 0.822422 -1
0.639722 0.095496 -1
0.914324 0.363084 -1
0.964723 0.505636 -1
0.016624 0.276781 -1
0.856594 0.727651 -1
0.345805 0.927286 1
0.588716 0.866290 1
0.181588 0.866298 -1
0.589190 0.498901 -1
0.658543 0.255455 1
0.873559 0.894214 -1
0.858994 0.430106 -1
0.332764 0.801522 -1
0.026889 0.225635 -1
0.984577 0.001182 -1
0.585218 0.642075 -1
0.308444 0.489344 -1
0.700283 0.843478 -1
0.739826 0.006096 -1
0.354267 0.872993 -1
0.982634 0.284148 1
0.909241 0.938375 -1
0.876441 0.788797 -1
0.908659 0.130228 -1
0.146056 0.193669 -1
0.811694 0.218496 -1
0.021096 0.183125 -1
0.061925 0.975364 -1
0.144325 0.335720 -1
0.006835 0.607303 -1
0.782690 0.821409 1
0.822876 0.281170 -1
0.006108 0.486392 -1
0.430617 0.132560 -1
0.991595 0.386191 -1
0.484803 0.022355 -1
0.553102 0.011028 -1
0.669527 0.711099 -1
0.021319 0.745139 -1
0.054879 0.429885 1
0.826050 0.951677 -1
0.668836 0.201620 1
0.165383 0.224877 -1
0.174718 0.279452 1
0.217177 0.447569 -1
0.649292 0.982823 -1
0.959680 0.555881 -1
0.052401 0.866621 1
0.357958 0.467935 -1
0.707065 0.445952 1
0.171768 0.063090 -1
0.944467 0.653167 -1
0.232263 0.583792 -1
0.592468 0.085495 -1
0.481541 0.054158 1
0.957442 0.129924 -1
0.336193 0.667288 -1
0.853467 0.394425 -1
0.032160 0.244176 -1
0.147550 0.531779 -1
0.712540 0.952125 -1
0.994328 0.527983 -1
0.261476 0.477437 1
0.637786 0.036424 -1
0.306405 0.356750 -1
0.093908 0.425969 -1
0.670231 0.456067 1
0.526991 0.683229 -1
0.572672 0.963696 -1
0.349947 0.985776 -1
0.093461 0.633397 -1
0.395930 0.279705 -1
0.016087 0.113297 -1
0.740660 0.938884 -1
0.081823 0.309778 -1
0.894249 0.652694 -1
0.970116 0.454343 -1
0.000270 0.371116 -1
0.419199 0.382696 -1
0.329827 0.327367 -1
0.634477 0.234996 -1
0.453222 0.308141 -1
0.480415 0.777436 -1
0.674154 0.985789 1
0.190499 0.931409 -1
0.046451 0.613527 -1
0.900116 0.004105 -1
0.633582 0.460748 -1
0.300607 0.742144 -1
0.323680 0.612566 -1
0.849614 0.823783 -1
0.565339 0.308493 -1
0.006365 0.937028 -1
0.483830 0.487917 -1
0.009967 0.656479 1
0.378453 0.489300 -1
0.845064 0.101831 -1
0.583066 0.431357 -1
0.193240 0.682623 -1
0.644275 0.917512 -1
0.945148 0.497787 -1
0.479273 0.881204 -1
0.718101 0.646427 -1
0.469261 0.571072 -1
0.323828 0.585194 -1
0.140858 0.910092 -1
0.234157 0.764184 -1
0.044136 0.826926 1
0.542906 0.339504 -1
0.402919 0.253255 -1
0.053553 0.620547 -1
0.339886 0.573972 -1
0.013714 0.770615 -1
0.625260 0.205544 -1
0.657012 0.303274 -1
0.212681 0.862672 -1
0.053976 0.302078 -1
0.431872 0.201395 -1
0.985720 0.769817 -1
0.929430 0.825712 -1
0.403280 0.711927 -1
0.655016 0.620955 -1
0.370622 0.143606 1
0.384272 0.887031 -1
0.324795 0.375578 -1
0.155916 0.499122 -1
0.332157 0.194031 -1
0.340185 0.066134 -1
0.722315 0.875755 -1
0.025393 0.158516 1
0.913655 0.545689 -1
0.488317 0.408085 -1
0.160343 0.966905 -1
0.539658 0.563070 1
0.759138 0.032447 -1
0.891884 0.238055 1
0.757363 0.891512 -1
0.573288 0.185390 -1
0.405406 0.620734 -1
0.363709 0.074703 -1
0.552644 0.077791 -1
0.436596 0.643192 -1
0.628489 0.796466 -1
0.711856 0.946432 -1
0.592583 0.227585 -1
0.820025 0.018146 1
0.253617 0.142746 -1
0.030717 0.852261 1
0.128530 0.629606 1
0.108717 0.783296 -1
0.806952 0.686077 -1
0.837657 0.196231 -1
0.296691 0.761206 1
0.257531 0.210660 -1
0.537312 0.743393 -1
0.772765 0.383785 -1
0.827165 0.341564 -1
0.395688 0.553736 -1
0.292902 0.892506 -1
0.005349 0.713528 -1
0.472605 0.235429 -1
0.742912 0.059513 -1
0.191149 0.534866 1
0.398013 0.150958 -1
0.430882 0.990813 -1
0.550157 0.438806 -1
0.355070 0.103284 -1
0.553106 0.396183 -1
0.284111 0.963283 -1
0.075220 0.371288 1
0.576087 0.885614 -1
0.055990 0.718438 -1
0.675253 0.693036 1
0.426615 0.524642 -1
0.982729 0.915579 -1
0.833099 0.090737 -1
