-0.128930 0.132242 1
-0.065204 0.885897 1
-0.178088 0.947148 1
-0.795045 0.286689 -1
-0.503281 0.811857 1
-0.230869 0.606278 -1
-0.157024 0.471046 1
-0.011324 0.193337 1
-0.022735 0.370569 1
-0.045638 0.960033 -1
-0.140457 0.401087 1
-0.737386 0.789324 -1
-0.538743 0.032560 1
-0.509080 0.663362 1
-0.427021 0.792048 1
-0.353772 0.861992 1
-0.981651 0.838870 -1
-0.079309 0.055715 1
-0.075330 0.491486 1
-0.591719 0.064059 1
-0.861835 0.570349 -1
-0.194882 0.813479 1
-0.638708 0.586119 -1
-0.002671 0.390837 1
-0.436058 0.998215 1
-0.514944 0.298740 1
-0.579176 0.630970 1
-0.590289 0.179926 1
-0.764849 0.513050 1
-0.691429 0.895776 -1
-0.846271 0.866725 1
-0.977510 0.634700 1
-0.083118 0.731996 1
-0.889812 0.361109 -1
-0.633830 0.833627 1
-0.896380 0.874770 -1
-0.737427 0.352295 1
-0.821614 0.254155 1
-0.304257 0.755449 1
-0.563924 0.008785 1
-0.528529 0.576677 1
-0.208863 0.077757 1
-0.106071 0.855992 -1
-0.372307 0.457359 1
-0.196077 0.710608 1
-0.969736 0.524255 1
-0.816395 0.958835 1
-0.625481 0.161180 1
-0.060604 0.999712 1
-0.011979 0.519582 1
-0.408029 0.181130 1
-0.027436 0.851867 1
-0.246675 0.077977 1
-0.458007 0.767486 -1
-0.177360 0.879404 -1
-0.774450 0.110477 1
-0.773840 0.148528 1
-0.836665 0.346068 1
-0.486727 0.855115 -1
-0.832125 0.505982 1
-0.344655 0.201568 1
-0.275525 0.896272 1
-0.799958 0.010695 1
-0.460922 0.634953 -1
-0.717604 0.980478 1
-0.062806 0.117018 1
-0.983078 0.026489 1
-0.983600 0.814712 1
-0.502272 0.353311 1
-0.580755 0.813579 1
-0.624689 0.206999 1
-0.431225 0.837535 -1
-0.001979 0.902155 -1
-0.006652 0.813273 1
-0.498586 0.973593 -1
-0.973415 0.797284 1
-0.744891 0.770418 1
-0.833725 0.294590 1
-0.180409 0.093936 1
-0.795185 0.489025 1
-0.766945 0.223418 -1
-0.886545 0.016936 1
-0.727525 0.829610 1
-0.314115 0.106539 1
-0.198602 0.712980 1
-0.853178 0.600238 1
-0.972705 0.095077 1
-0.565317 0.545965 -1
-0.757532 0.577710 1
-0.390943 0.081971 -1
-0.106677 0.710295 1
-0.404035 0.237916 1
-0.427730 0.314483 1
-0.101235 0.961813 1
-0.105659 0.966863 1
-0.688726 0.687116 -1
-0.981206 0.972904 1
-0.861011 0.478793 -1
-0.208198 0.430090 1
-0.012022 0.531302 1
-0.281761 0.568723 1
-0.527557 0.807412 1
-0.968927 0.048060 1
-0.379637 0.246609 1
-0.034493 0.318635 -1
-0.005463 0.717885 1
-0.153892 0.570056 1
-0.476858 0.951489 1
-0.088444 0.967107 -1
-0.263681 0.328747 1
-0.960950 0.506254 1
-0.505678 0.228375 1
-0.532613 0.666122 1
-0.008195 0.210524 1
-0.642037 0.803124 1
-0.545237 0.629983 1
-0.272931 0.044233 1
-0.551464 0.465850 1
-0.890662 0.955501 1
-0.545504 0.633214 1
-0.874218 0.420036 1
-0.664803 0.940310 1
-0.351084 0.768782 1
-0.978388 0.691613 1
-0.861339 0.791717 1
-0.071289 0.061868 1
-0.239728 0.217717 1
-0.168016 0.934693 1
-0.881312 0.811252 1
-0.519482 0.942345 1
-0.980799 0.588949 1
-0.268210 0.581383 -1
-0.122173 0.394726 1
-0.161074 0.515049 1
-0.108992 0.968791 -1
-0.175820 0.654447 -1
-0.196287 0.401509 -1
-0.814192 0.662034 1
-0.176124 0.106306 1
-0.729920 0.564238 -1
-0.630622 0.772115 1
-0.632244 0.697850 1
-0.420224 0.393867 1
-0.488157 0.431839 1
-0.344090 0.903707 1
-0.428046 0.330024 1
-0.374003 0.108763 1
-0.584004 0.643462 -1
-0.470094 0.599136 1
-0.900628 0.089052 1
-0.918019 0.279568 1
-0.546986 0.906215 1
-0.441711 0.687254 1
-0.019894 0.716137 1
-0.834899 0.089589 1
-0.976027 0.088234 1
-0.261722 0.323607 1
-0.890059 0.700647 1
-0.997992 0.371598 1
-0.053096 0.695071 1
-0.035840 0.189897 -1
-0.105846 0.686875 -1
-0.783549 0.875876 1
-0.712831 0.922248 1
-0.557668 0.463146 1
-0.100124 0.961131 1
-0.325423 0.846162 1
-0.138296 0.371185 1
-0.563146 0.289438 1
-0.521919 0.126636 1
-0.256298 0.476904 1
-0.798394 0.085808 1
-0.244642 0.440285 1
-0.729163 0.332148 1
-0.312881 0.800636 -1
-0.965098 0.391167 -1
-0.492555 0.975012 1
-0.561584 0.402651 1
-0.435768 0.353451 -1
-0.293214 0.944175 1
-0.555805 0.774587 1
-0.710983 0.427544 1
-0.966546 0.042245 1
-0.075497 0.845927 1
-0.373952 0.256075 1
-0.717758 0.827452 1
-0.253928 0.015814 1
-0.350205 0.616744 1
-0.268301 0.879347 1
-0.834321 0.611100 1
-0.648211 0.994899 1
-0.276814 0.270761 1
-0.995855 0.480030 1
-0.599767 0.391266 -1
-0.534336 0.843858 1
-0.551571 0.496339 1
-0.201714 0.217946 1
-0.611858 0.460432 1
-0.667322 0.823253 -1
-0.041792 0.334719 1
-0.098983 0.724616 1
-0.609282 0.352987 1
-0.603537 0.113585 1
-0.136911 0.914085 1
-0.372365 0.255663 1
-0.329913 0.332063 1
-0.313909 0.715025 1
-0.387843 0.030436 1
-0.245357 0.629245 -1
-0.928581 0.731847 1
-0.080972 0.462205 1
-0.165758 0.020600 1
-0.529335 0.209242 1
-0.772412 0.525540 1
-0.678557 0.073014 1
-0.072597 0.822015 1
-0.913443 0.941113 -1
-0.559654 0.408087 1
-0.406612 0.223299 1
-0.096162 0.681215 1
-0.672240 0.144663 1
-0.831075 0.024842 1
-0.424739 0.143634 -1
-0.850806 0.183686 1
-0.320795 0.118172 1
-0.794970 0.611001 1
-0.336159 0.267980 -1
-0.810752 0.840004 1
-0.920959 0.778066 1
-0.215717 0.634874 1
-0.092174 0.335631 1
-0.454218 0.168212 1
-0.124462 0.108337 1
-0.310928 0.377068 1
-0.515934 0.410778 -1
-0.657916 0.749436 -1
-0.243246 0.565850 1
-0.178297 0.996548 -1
-0.963031 0.689383 1
-0.261791 0.897766 1
-0.120762 0.572513 1
-0.808327 0.203944 1
-0.733017 0.754632 1
-0.652957 0.543760 1
-0.914286 0.350893 1
-0.793329 0.747345 1
-0.084900 0.037297 1
-0.081986 0.494976 1
-0.543845 0.750521 -1
-0.928274 0.498845 -1
0.060485 -0.217190 1
0.588946 -0.564589 -1
0.578821 -0.431017 1
0.711227 -0.897265 1
0.469970 -0.040625 1
0.574868 -0.279057 1
0.688059 -0.462770 -1
0.349430 -0.480348 1
0.555456 -0.363168 1
0.283186 -0.983749 1
0.582275 -0.984998 1
0.006916 -0.915469 -1
0.801376 -0.196936 1
0.826271 -0.660385 1
0.893550 -0.029554 1
0.708522 -0.864435 1
0.211086 -0.801334 1
0.507146 -0.082598 -1
0.036010 -0.942606 1
0.694528 -0.693898 1
0.548743 -0.647242 1
0.333782 -0.983153 1
0.200851 -0.742294 -1
0.856879 -0.658961 1
0.702584 -0.102707 1
0.684997 -0.033427 1
0.851812 -0.904263 1
0.649863 -0.005907 -1
0.363833 -0.206824 1
0.909976 -0.408691 1
0.194931 -0.558263 1
0.585247 -0.795381 1
0.624654 -0.335007 1
0.252729 -0.161914 1
0.771742 -0.481209 1
0.273329 -0.895916 1
0.613601 -0.166033 -1
0.541865 -0.644868 -1
0.316029 -0.743254 1
0.642691 -0.163695 1
0.217887 -0.418765 1
0.688338 -0.406389 1
0.944076 -0.147145 1
0.662722 -0.967460 1
0.279493 -0.867451 1
0.539837 -0.758393 1
0.745722 -0.751957 1
0.583885 -0.116727 1
0.454334 -0.436633 1
0.799010 -0.830478 1
0.235621 -0.254040 -1
0.030354 -0.413825 1
0.059284 -0.258888 1
0.961978 -0.603995 1
0.841554 -0.150278 1
0.862759 -0.082098 1
0.768202 -0.481780 1
0.052081 -0.722303 1
0.993241 -0.308551 1
0.533684 -0.022100 1
0.175312 -0.399405 1
0.677294 -0.897811 1
0.697716 -0.481411 1
0.751278 -0.965083 1
0.163586 -0.760546 1
0.152090 -0.380216 1
0.963074 -0.384578 1
0.377091 -0.667815 1
0.996169 -0.727259 1
0.296017 -0.094635 1
0.807129 -0.894639 1
0.961998 -0.196947 1
0.298596 -0.765381 -1
0.028865 -0.796074 1
0.682274 -0.697353 1
0.073837 -0.876108 1
0.535601 -0.418556 -1
0.406579 -0.071856 1
0.891566 -0.523814 1
0.168275 -0.097986 1
0.054831 -0.874109 1
0.774350 -0.125703 1
0.063599 -0.000423 1
0.652200 -0.596366 -1
0.754748 -0.078953 1
0.141609 -0.642988 1
0.760097 -0.258084 1
0.983136 -0.035524 -1
0.005997 -0.714006 1
0.809579 -0.974218 1
0.607414 -0.573225 1
0.668203 -0.991435 -1
0.075034 -0.494002 1
0.401441 -0.748736 1
0.390890 -0.957518 1
0.022967 -0.519864 1
0.460355 -0.641672 1
0.679475 -0.806895 1
0.140152 -0.529171 -1
0.662991 -0.646592 1
0.304645 -0.287157 -1
0.472832 -0.581597 1
0.577809 -0.750335 1
0.511310 -0.703831 1
0.616917 -0.116472 1
0.489122 -0.960470 1
0.608529 -0.579711 1
0.189166 -0.394313 1
0.555312 -0.996308 1
0.060572 -0.553601 1
0.113997 -0.417489 -1
0.106339 -0.741392 1
0.207205 -0.181216 1
0.446676 -0.114442 1
0.677545 -0.058356 -1
0.779954 -0.739787 -1
0.469645 -0.571262 -1
0.162153 -0.075619 1
0.062691 -0.228694 -1
0.417832 -0.961632 -1
0.929127 -0.462069 1
0.730020 -0.400040 1
0.422791 -0.614539 1
0.099754 -0.128251 -1
0.262140 -0.249966 1
0.822329 -0.129898 1
0.323305 -0.401181 1
0.939335 -0.397192 1
0.204644 -0.084165 1
0.821527 -0.238198 -1
0.134657 -0.913809 1
0.749409 -0.949376 1
0.285800 -0.705412 1
0.696806 -0.197575 -1
0.229771 -0.739424 1
0.249642 -0.625417 1
0.749073 -0.322297 1
0.754577 -0.042006 1
0.632064 -0.461126 1
0.373002 -0.424922 1
0.731724 -0.681097 1
0.125909 -0.426338 1
0.352939 -0.093777 1
0.489177 -0.290860 1
0.315476 -0.799544 1
0.612938 -0.124413 -1
0.501085 -0.289482 -1
0.886592 -0.815648 1
0.974622 -0.318215 -1
0.827445 -0.858935 1
0.753591 -0.837478 -1
0.832553 -0.509046 -1
0.344780 -0.097976 1
0.492481 -0.441898 -1
0.150078 -0.967683 1
0.318470 -0.110883 1
0.264812 -0.688086 1
0.406438 -0.987917 -1
0.836345 -0.505122 1
0.966132 -0.908947 1
0.497076 -0.460671 1
0.096667 -0.507839 1
0.360033 -0.781255 1
0.079712 -0.861995 1
0.204751 -0.464951 1
0.122292 -0.943008 1
0.146104 -0.419525 1
0.630850 -0.144638 -1
0.804600 -0.551330 1
0.176774 -0.703901 1
0.097170 -0.994151 1
0.184156 -0.077730 1
0.691047 -0.705392 1
0.094291 -0.998960 1
0.625268 -0.972251 1
0.622175 -0.332684 -1
0.546652 -0.155236 -1
0.104306 -0.356776 1
0.495987 -0.492582 1
0.765671 -0.511444 -1
0.876399 -0.840212 1
0.134398 -0.889138 1
0.845038 -0.918981 1
0.013790 -0.898764 1
0.984191 -0.020509 1
0.795554 -0.205924 1
0.447194 -0.557508 1
0.929457 -0.319821 -1
0.497945 -0.771936 1
0.955092 -0.506713 1
0.480494 -0.968139 1
0.183109 -0.338690 -1
0.381373 -0.332672 1
0.910540 -0.345970 1
0.172906 -0.642457 1
0.036235 -0.148229 1
0.701457 -0.157871 1
0.536291 -0.408296 1
0.183528 -0.978123 -1
0.570283 -0.082659 1
0.243398 -0.565843 1
0.585668 -0.314593 1
0.959237 -0.392129 1
0.427746 -0.706744 1
0.707442 -0.007518 -1
0.409217 -0.351963 -1
0.391624 -0.375249 1
0.170094 -0.276261 1
0.332909 -0.478138 1
0.422034 -0.095477 1
0.987775 -0.477674 1
0.450037 -0.816929 1
0.624552 -0.929650 1
0.450640 -0.223157 1
0.071744 -0.413052 1
0.960476 -0.518685 1
0.993196 -0.048131 -1
0.046612 -0.289063 1
0.999867 -0.131804 1
0.749513 -0.630648 -1
0.714922 -0.134038 1
0.630661 -0.104219 1
0.099587 -0.817458 1
0.897224 -0.781754 1
0.603493 -0.352940 1
0.298450 -0.648216 1
0.293529 -0.038890 1
0.574332 -0.594894 1
0.389196 -0.352165 1
0.560592 -0.386890 1
0.463569 -0.800718 -1
0.784295 -0.048272 1
0.741103 -0.282791 1
0.589229 -0.183742 1
0.038024 -0.211772 1
0.774094 -0.960801 -1
0.296840 -0.731614 1
0.909772 -0.679229 1
0.249376 -0.658871 1
0.456933 -0.944402 -1
0.525061 -0.130537 1
0.076299 -0.717863 -1
0.053502 -0.089461 1
0.643085 -0.234319 1
0.681471 -0.815741 1
0.388287 -0.107710 1
0.683295 -0.781337 1
0.481368 -0.971379 1
0.434746 -0.271896 1
0.846377 -0.716944 -1
-0.436662 -0.794035 -1
-0.038238 -0.449071 -1
-0.867477 -0.992487 -1
-0.736821 -0.150204 -1
-0.508989 -0.144872 1
-0.231697 -0.846622 -1
-0.427418 -0.755250 -1
-0.668453 -0.999474 -1
-0.120722 -0.103795 -1
-0.479707 -0.872349 -1
-0.794018 -0.714721 -1
-0.460948 -0.720737 -1
-0.261574 -0.408390 -1
-0.179692 -0.730841 1
-0.701722 -0.031036 -1
-0.247983 -0.168928 -1
-0.981216 -0.363356 -1
-0.432246 -0.723057 -1
-0.981570 -0.670561 -1
-0.871946 -0.797641 -1
-0.993268 -0.243367 -1
-0.180536 -0.845730 -1
-0.363083 -0.127556 -1
-0.927723 -0.660549 1
-0.867986 -0.089366 1
-0.391679 -0.529249 -1
-0.478419 -0.121366 -1
-0.111726 -0.185627 -1
-0.231221 -0.449375 -1
-0.194528 -0.566798 -1
-0.036860 -0.606235 -1
-0.894297 -0.611557 -1
-0.089274 -0.726560 1
-0.625741 -0.499101 -1
-0.664421 -0.682848 -1
-0.067176 -0.182456 -1
-0.760998 -0.359507 1
-0.025620 -0.742519 -1
-0.113597 -0.050715 -1
-0.528548 -0.450823 -1
-0.428497 -0.042499 -1
-0.095738 -0.004993 -1
-0.031003 -0.921715 1
-0.242446 -0.251613 -1
-0.755969 -0.734172 -1
-0.846671 -0.871773 -1
-0.462932 -0.283920 1
-0.108733 -0.674487 -1
-0.907233 -0.036336 1
-0.009763 -0.776703 1
-0.886368 -0.223766 -1
-0.087002 -0.259140 -1
-0.677835 -0.232461 1
-0.299870 -0.964871 -1
-0.423410 -0.955650 -1
-0.263625 -0.009379 -1
-0.323799 -0.285127 -1
-0.399825 -0.857998 -1
-0.137275 -0.378698 1
-0.022826 -0.499308 -1
-0.240844 -0.051139 -1
-0.669307 -0.562486 -1
-0.160679 -0.024172 1
-0.683903 -0.213687 -1
-0.219662 -0.392633 -1
-0.219425 -0.424191 -1
-0.223936 -0.949512 -1
-0.968767 -0.756277 -1
-0.731369 -0.890888 1
-0.612931 -0.163154 -1
-0.286014 -0.757000 -1
-0.058139 -0.786538 -1
-0.134695 -0.091510 -1
-0.791630 -0.024962 -1
-0.228886 -0.041866 1
-0.602099 -0.441227 -1
-0.412160 -0.956841 -1
-0.915200 -0.711948 -1
-0.674093 -0.910349 -1
-0.611288 -0.390220 1
-0.457200 -0.803662 -1
-0.871230 -0.533907 -1
-0.785271 -0.464336 -1
-0.622641 -0.360308 -1
-0.939806 -0.481459 -1
-0.565517 -0.118840 -1
-0.705722 -0.857276 1
-0.158841 -0.136826 1
-0.406856 -0.112972 -1
-0.464459 -0.802340 1
-0.646084 -0.940145 -1
-0.785672 -0.249556 1
-0.008314 -0.485916 1
-0.322956 -0.380501 -1
-0.676990 -0.454962 1
-0.605911 -0.571893 1
-0.490249 -0.711472 -1
-0.635281 -0.435174 1
-0.693440 -0.036157 -1
-0.865104 -0.421623 1
-0.456852 -0.542309 -1
-0.065465 -0.996746 -1
-0.913731 -0.402828 -1
-0.635679 -0.765880 -1
-0.479038 -0.928283 -1
-0.015804 -0.217803 -1
-0.811730 -0.937868 -1
-0.357721 -0.574264 1
-0.001852 -0.386577 -1
-0.043050 -0.150774 -1
-0.131403 -0.843544 -1
-0.462950 -0.055442 1
-0.013719 -0.226600 -1
-0.184343 -0.706110 -1
-0.327279 -0.283911 1
-0.318464 -0.067745 -1
-0.082326 -0.190897 -1
-0.945810 -0.706151 1
-0.739722 -0.225790 -1
-0.949176 -0.140235 -1
-0.648373 -0.222054 -1
-0.347692 -0.450107 -1
-0.072263 -0.473566 -1
-0.565093 -0.875049 -1
-0.397052 -0.349469 1
-0.421900 -0.053631 -1
-0.491971 -0.045752 1
-0.118179 -0.369262 -1
-0.152714 -0.915188 -1
-0.144918 -0.150446 -1
-0.006896 -0.993204 1
-0.529118 -0.722940 -1
-0.482177 -0.781108 1
-0.976957 -0.711296 -1
-0.961259 -0.611780 -1
-0.221673 -0.941459 -1
-0.754144 -0.293734 -1
-0.399353 -0.730578 -1
-0.636662 -0.024989 -1
-0.305543 -0.454752 -1
-0.754279 -0.431205 -1
-0.211123 -0.839266 -1
-0.265124 -0.315423 -1
-0.013477 -0.583440 1
-0.758433 -0.461175 1
-0.287532 -0.177169 -1
-0.218912 -0.744406 -1
-0.530393 -0.442608 -1
-0.231636 -0.054467 -1
-0.988404 -0.257565 -1
-0.036774 -0.296637 -1
-0.243288 -0.175196 -1
-0.776642 -0.998014 -1
-0.194991 -0.117754 -1
-0.970699 -0.996595 -1
-0.398487 -0.503441 -1
-0.191542 -0.084956 -1
-0.917061 -0.407859 -1
-0.420430 -0.606311 -1
-0.655224 -0.948070 1
-0.889643 -0.886486 1
-0.649508 -0.040256 -1
-0.823956 -0.344281 -1
-0.938325 -0.479669 -1
-0.629533 -0.146843 1
-0.692537 -0.657059 -1
-0.888220 -0.920792 -1
-0.771244 -0.984844 -1
-0.153692 -0.587324 -1
-0.444667 -0.447797 -1
-0.871050 -0.313133 1
-0.691991 -0.747664 1
-0.540081 -0.439759 -1
-0.876019 -0.330991 -1
-0.020341 -0.807742 -1
-0.891493 -0.823197 -1
-0.446218 -0.061899 -1
-0.468538 -0.433723 -1
-0.286394 -0.995683 -1
-0.757543 -0.135064 -1
-0.183843 -0.992736 1
-0.369337 -0.094795 -1
-0.137281 -0.408868 -1
-0.056970 -0.228401 -1
-0.820812 -0.839297 -1
-0.620881 -0.880485 1
-0.329671 -0.168453 -1
-0.166316 -0.835165 1
-0.077076 -0.879603 -1
-0.395320 -0.376002 -1
-0.385338 -0.820884 -1
-0.695750 -0.586717 -1
-0.056008 -0.346839 1
-0.191583 -0.313622 -1
-0.914318 -0.078211 -1
-0.709297 -0.370998 1
-0.998768 -0.772459 -1
-0.273985 -0.359726 1
-0.219741 -0.335814 -1
-0.485124 -0.244606 -1
-0.149610 -0.781405 -1
-0.901795 -0.846551 1
-0.981843 -0.651804 -1
-0.501168 -0.430064 1
-0.199072 -0.872950 -1
-0.713809 -0.768775 -1
-0.449621 -0.171210 -1
-0.923692 -0.731260 -1
-0.438365 -0.274821 -1
-0.348241 -0.948330 -1
-0.536444 -0.802823 -1
-0.385066 -0.472780 1
-0.073159 -0.703413 -1
-0.404692 -0.294250 -1
-0.590335 -0.389132 -1
-0.445113 -0.228149 -1
-0.933275 -0.698634 -1
-0.022715 -0.951640 -1
-0.143140 -0.528540 -1
-0.663787 -0.128627 -1
-0.654287 -0.880777 -1
-0.035080 -0.626004 1
-0.483060 -0.972857 -1
-0.266396 -0.083149 -1
-0.166397 -0.123774 -1
-0.567242 -0.918776 -1
-0.415783 -0.305782 -1
-0.446554 -0.392962 -1
-0.808007 -0.001073 -1
-0.240573 -0.867110 1
-0.358347 -0.023570 -1
-0.298773 -0.736281 1
-0.808591 -0.252132 1
-0.662656 -0.330677 -1
-0.816017 -0.146829 -1
-0.555475 -0.663207 -1
-0.342858 -0.220047 -1
-0.872024 -0.140038 -1
-0.199908 -0.105799 -1
-0.721489 -0.229144 -1
-0.050158 -0.008002 -1
-0.326371 -0.679041 -1
-0.794139 -0.766379 -1
-0.456913 -0.519108 -1
-0.845523 -0.239500 1
-0.610636 -0.290627 1
-0.019549 -0.869727 -1
-0.790629 -0.212111 1
-0.992580 -0.267163 -1
-0.197951 -0.790731 1
0.331450 0.942890 -1
0.321824 0.032953 1
0.771107 0.954531 -1
0.670978 0.695744 -1
0.697977 0.450631 1
0.684292 0.447238 -1
0.975058 0.382904 1
0.045492 0.133119 -1
0.859800 0.921635 1
0.733334 0.911055 -1
0.524697 0.916166 -1
0.008945 0.020934 1
0.059637 0.281688 -1
0.315525 0.993725 -1
0.834932 0.472769 -1
0.214894 0.818066 -1
0.426076 0.408252 -1
0.889408 0.669113 -1
0.423214 0.903578 -1
0.497847 0.459842 -1
0.655489 0.953066 -1
0.085944 0.216096 1
0.218805 0.240971 1
0.247278 0.577093 -1
0.834862 0.409760 -1
0.116298 0.245239 -1
0.838120 0.220719 -1
0.359148 0.909475 -1
0.623571 0.349715 -1
0.905444 0.721853 -1
0.459849 0.325994 -1
0.057043 0.595310 -1
0.032293 0.817610 1
0.369793 0.116756 -1
0.582369 0.065435 1
0.143513 0.158208 -1
0.191529 0.554307 -1
0.366828 0.303162 -1
0.039080 0.797112 -1
0.802084 0.376799 1
0.949793 0.807486 -1
0.546749 0.694428 -1
0.002342 0.673910 1
0.650028 0.127141 1
0.069720 0.887014 -1
0.094096 0.730674 -1
0.056093 0.853013 -1
0.542229 0.997823 1
0.370462 0.100528 -1
0.305787 0.253491 -1
0.259977 0.751624 -1
0.979601 0.068888 1
0.799370 0.875965 -1
0.055666 0.386369 -1
0.699704 0.626233 -1
0.331163 0.815896 1
0.314277 0.023404 -1
0.559415 0.686405 1
0.399069 0.394938 -1
0.153776 0.309709 -1
0.747895 0.261911 1
0.525340 0.074656 1
0.069742 0.014347 -1
0.522794 0.730290 -1
0.426134 0.917368 -1
0.631707 0.120275 -1
0.332896 0.745160 1
0.924496 0.227539 -1
0.372414 0.203745 -1
0.329150 0.370431 -1
0.981643 0.408391 -1
0.774460 0.588037 -1
0.914833 0.794139 -1
0.408618 0.524949 -1
0.329563 0.586468 -1
0.318515 0.801079 -1
0.190502 0.332441 -1
0.495990 0.996448 -1
0.353680 0.763422 -1
0.457197 0.021751 -1
0.158387 0.591003 -1
0.673659 0.037674 1
0.604268 0.989703 -1
0.504619 0.033561 1
0.994605 0.717775 -1
0.438607 0.129527 -1
0.887391 0.226876 -1
0.800741 0.642036 -1
0.187741 0.847868 -1
0.920968 0.231159 -1
0.596555 0.393585 -1
0.489683 0.359161 1
0.491199 0.691084 -1
0.357885 0.441267 -1
0.609333 0.993426 -1
0.046527 0.620134 -1
0.957700 0.226374 -1
0.530829 0.805026 -1
0.397466 0.485949 -1
0.026121 0.917651 1
0.417903 0.393625 -1
0.962140 0.941473 1
0.549337 0.210407 1
0.416275 0.468833 -1
0.706538 0.535122 -1
0.032379 0.443795 -1
0.392088 0.570959 -1
0.016317 0.466372 -1
0.640558 0.814751 -1
0.834560 0.979990 -1
0.319400 0.313255 -1
0.336879 0.121137 -1
0.426018 0.605605 -1
0.309739 0.208043 -1
0.893265 0.191041 -1
0.895061 0.635350 -1
0.180183 0.371753 1
0.422869 0.275633 1
0.994772 0.572887 -1
0.912221 0.252044 -1
0.000063 0.146755 -1
0.559999 0.099365 -1
0.346879 0.452175 -1
0.780008 0.769099 -1
0.849341 0.946326 -1
0.011223 0.128957 -1
0.133345 0.940144 -1
0.941753 0.315719 -1
0.303483 0.838281 -1
0.653968 0.804281 -1
0.574603 0.405848 -1
0.134330 0.759057 -1
0.380455 0.112647 1
0.999346 0.288565 -1
0.775765 0.948768 -1
0.331928 0.312787 1
0.445753 0.883605 1
0.209467 0.558787 -1
0.493721 0.858910 -1
0.329957 0.012546 -1
0.843654 0.034262 -1
0.538214 0.200894 1
0.843245 0.026802 -1
0.106806 0.973160 -1
0.229337 0.502215 -1
0.182953 0.056278 -1
0.981321 0.193418 -1
0.001730 0.142950 -1
0.175502 0.256561 -1
0.375436 0.748564 -1
0.055174 0.262715 -1
0.174349 0.078201 -1
0.233501 0.852058 1
0.120698 0.611453 -1
0.005684 0.972732 1
0.029510 0.821453 1
0.978698 0.104985 1
0.200540 0.041526 -1
0.735808 0.313880 -1
0.929130 0.795000 -1
0.308219 0.597282 -1
0.050579 0.045712 -1
0.134732 0.201757 -1
0.153430 0.837145 -1
0.457519 0.401329 -1
0.761229 0.883334 1
0.299713 0.377849 -1
0.463844 0.846723 -1
0.706756 0.578488 -1
0.506288 0.914049 -1
0.698523 0.501274 -1
0.273103 0.347906 -1
0.794957 0.103929 -1
0.936633 0.279886 -1
0.031191 0.991772 -1
0.205394 0.079207 -1
0.795565 0.989654 -1
0.826492 0.438728 -1
0.750402 0.707956 -1
0.333092 0.740261 -1
0.202228 0.376396 -1
0.807997 0.996132 -1
0.691203 0.009966 -1
0.018561 0.389567 -1
0.040336 0.024007 1
0.188825 0.170102 -1
0.421336 0.998202 -1
0.075118 0.017374 -1
0.128372 0.303664 -1
0.093240 0.144196 -1
0.518679 0.917776 -1
0.663651 0.678421 1
0.547825 0.904832 -1
0.813015 0.585129 -1
0.408126 0.443953 -1
0.516269 0.720819 -1
0.560729 0.673463 1
0.768985 0.137308 1
0.193837 0.530498 -1
0.567258 0.664641 -1
0.304674 0.503102 1
0.344788 0.598119 -1
0.034775 0.518041 -1
0.798373 0.744754 -1
0.464957 0.414754 -1
0.049455 0.966450 -1
0.207789 0.585703 -1
0.103474 0.400801 -1
0.061254 0.768522 -1
0.840499 0.762911 -1
0.788463 0.990752 -1
0.329084 0.287714 -1
0.725154 0.873629 1
0.714482 0.080994 -1
0.008881 0.059595 1
0.725107 0.808902 -1
0.893149 0.271249 -1
0.780444 0.471247 -1
0.525846 0.188267 -1
0.138619 0.949105 -1
0.017642 0.659246 1
0.604617 0.647629 1
0.013675 0.321306 -1
0.757676 0.020963 -1
0.789242 0.715264 -1
0.929079 0.787319 -1
0.016441 0.286849 -1
0.049519 0.706033 -1
0.805678 0.655466 1
0.468952 0.544726 -1
0.154798 0.730983 -1
0.951455 0.866540 -1
0.284538 0.436499 -1
0.943973 0.932978 -1
0.807713 0.449956 -1
0.560641 0.431658 -1
0.435002 0.242819 -1
0.600580 0.118316 -1
0.581522 0.058743 -1
0.367512 0.975811 -1
0.631845 0.347975 -1
0.510085 0.910892 -1
0.074222 0.089321 -1
0.453851 0.096166 -1
0.059565 0.727438 1
0.294084 0.159062 -1
0.463684 0.282497 -1
0.081648 0.010182 -1
0.537946 0.861982 1
0.131651 0.829703 -1
