-0.811876 0.492542 1
-0.517317 0.433118 1
-0.208263 0.705279 1
-0.542875 0.302051 1
-0.594643 0.475216 1
-0.312702 0.950987 1
-0.349426 0.542845 1
-0.074227 0.116293 1
-0.042630 0.897187 1
-0.584290 0.058398 1
-0.249461 0.089364 1
-0.370220 0.433642 1
-0.077707 0.504913 1
-0.268565 0.230747 1
-0.783630 0.010292 1
-0.688508 0.296067 1
-0.166245 0.457420 1
-0.851534 0.037042 1
-0.145587 0.065201 1
-0.245636 0.846411 1
-0.062509 0.170413 1
-0.831643 0.591246 1
-0.959696 0.837794 1
-0.636111 0.764628 1
-0.839600 0.766283 1
-0.952518 0.590100 1
-0.850312 0.542771 1
-0.889223 0.947390 1
-0.046613 0.650744 1
-0.642250 0.786356 1
-0.859230 0.622955 1
-0.368021 0.028575 1
-0.458624 0.561316 1
-0.550866 0.544236 1
-0.710223 0.936025 1
-0.158091 0.646417 1
-0.802810 0.086813 1
-0.250722 0.424562 1
-0.221450 0.731692 1
-0.348597 0.816533 1
-0.081620 0.635994 1
-0.311957 0.051705 1
-0.204955 0.687466 1
-0.347272 0.325108 1
-0.979412 0.154517 1
-0.479580 0.843939 1
-0.415937 0.836021 1
-0.713750 0.691703 1
-0.689498 0.651353 1
-0.120159 0.920996 1
-0.403152 0.481259 1
-0.962542 0.920597 1
-0.212275 0.670324 1
-0.469530 0.086525 1
-0.197876 0.960275 1
-0.756674 0.158987 1
-0.012460 0.627976 1
-0.325478 0.806144 1
-0.833711 0.162291 1
-0.410080 0.313944 1
-0.857499 0.000136 1
-0.558490 0.875680 1
-0.818830 0.205868 1
-0.698154 0.161245 1
-0.369728 0.221438 1
-0.977633 0.950598 1
-0.824954 0.603358 1
-0.988163 0.174673 1
-0.759577 0.154808 1
-0.795496 0.917727 1
-0.725230 0.660361 1
-0.301146 0.237791 1
-0.073043 0.412628 1
-0.623418 0.892181 1
-0.735433 0.084581 1
-0.169180 0.946801 1
-0.626473 0.232558 1
-0.830639 0.140126 1
-0.745561 0.098616 1
-0.235000 0.847789 1
-0.874577 0.591636 1
-0.210706 0.281551 1
-0.181599 0.425764 1
-0.276896 0.603219 1
-0.794425 0.957067 1
-0.761836 0.031158 1
-0.321224 0.449314 1
-0.261678 0.827421 1
-0.860573 0.662578 1
-0.918642 0.511772 1
-0.486678 0.252843 1
-0.971645 0.340267 1
-0.615701 0.659146 1
-0.901215 0.949628 1
-0.099732 0.983843 1
-0.180738 0.433010 1
-0.395802 0.390755 1
-0.574408 0.376721 1
-0.271036 0.668595 1
-0.816021 0.850855 1
-0.695529 0.047667 1
-0.818585 0.921983 1
-0.798041 0.522713 1
-0.509099 0.113832 1
-0.582781 0.515620 1
-0.487065 0.969863 1
-0.903795 0.387094 1
-0.129006 0.878979 1
-0.001601 0.265938 1
-0.734267 0.162737 1
-0.490554 0.618947 1
-0.027911 0.176886 1
-0.303582 0.639621 1
-0.918189 0.511220 1
-0.711426 0.933325 1
-0.099673 0.584156 1
-0.426558 0.515367 1
-0.996392 0.990080 1
-0.501113 0.632304 1
-0.668196 0.515792 1
-0.629765 0.957091 1
-0.307717 0.021348 1
-0.546088 0.289959 1
-0.098195 0.264338 1
-0.169028 0.592977 1
-0.818922 0.335907 1
-0.467118 0.163307 1
-0.097295 0.786606 1
-0.504598 0.919677 1
-0.825862 0.648325 1
-0.602009 0.451277 1
-0.085980 0.609296 1
-0.553895 0.078263 1
-0.226907 0.142759 1
-0.107810 0.421899 1
-0.619539 0.645748 1
-0.979941 0.019112 1
-0.096792 0.572434 1
-0.047167 0.845408 1
-0.415869 0.759880 1
-0.182420 0.585761 1
-0.948144 0.304694 1
-0.550999 0.100071 1
-0.067692 0.603800 1
-0.492568 0.892804 1
-0.127076 0.107189 1
-0.590913 0.454086 1
-0.047508 0.160236 1
-0.894550 0.490632 1
-0.634869 0.964417 1
-0.805929 0.753155 1
-0.480952 0.830526 1
-0.980293 0.655581 1
-0.893517 0.427540 1
-0.290538 0.139317 1
-0.864274 0.305859 1
-0.776133 0.243503 1
-0.171551 0.516512 1
-0.787649 0.823937 1
-0.784478 0.793065 1
-0.837284 0.878124 1
-0.461451 0.449322 1
-0.757870 0.050404 1
-0.452811 0.128721 1
-0.652534 0.464633 1
-0.073443 0.586970 1
-0.263894 0.816513 1
-0.592674 0.571415 1
-0.020699 0.659622 1
-0.931743 0.564256 1
-0.904623 0.430964 1
-0.201843 0.547179 1
-0.560619 0.002325 1
-0.850977 0.310933 1
-0.383912 0.401385 1
-0.487463 0.570040 1
-0.702442 0.519936 1
-0.890504 0.328142 1
-0.482438 0.971164 1
-0.105433 0.172960 1
-0.677411 0.764419 1
-0.446592 0.476716 1
-0.857450 0.994123 1
-0.146056 0.099885 1
-0.465879 0.253307 1
-0.146548 0.290096 1
-0.917670 0.895873 1
-0.315407 0.144717 1
-0.191631 0.054325 1
-0.513958 0.032811 1
-0.883842 0.518653 1
-0.341195 0.373296 1
-0.163869 0.765045 1
-0.634621 0.048684 1
-0.865933 0.425309 1
-0.145996 0.622864 1
-0.580545 0.953975 1
-0.781724 0.784669 1
-0.955205 0.456331 1
-0.564611 0.866303 1
-0.293079 0.965979 1
-0.653332 0.508388 1
-0.834023 0.935802 1
-0.073324 0.186915 1
-0.074103 0.574259 1
-0.016512 0.475966 1
-0.173066 0.681064 1
-0.864004 0.515822 1
-0.041491 0.532509 1
-0.808391 0.973567 1
-0.709967 0.784841 1
-0.974963 0.710183 1
-0.494507 0.502566 1
-0.378425 0.869070 1
-0.571301 0.839348 1
-0.088973 0.185554 1
-0.133245 0.788231 1
-0.982076 0.713661 1
-0.200199 0.499751 1
-0.772416 0.831912 1
-0.734899 0.677730 1
-0.574832 0.759570 1
-0.176503 0.887619 1
-0.390970 0.152363 1
-0.373145 0.830931 1
-0.375346 0.736137 1
-0.828266 0.389939 1
-0.291467 0.549623 1
-0.304945 0.951676 1
-0.647459 0.006534 1
-0.525405 0.112601 1
-0.645567 0.152027 1
-0.561101 0.789946 1
-0.027379 0.781151 1
-0.404295 0.260571 1
-0.671102 0.082736 1
-0.967202 0.507896 1
-0.822173 0.676472 1
-0.644698 0.455184 1
-0.740317 0.887933 1
-0.219313 0.196752 1
-0.478121 0.365253 1
-0.786880 0.342599 1
-0.762206 0.514987 1
-0.274038 0.457423 1
-0.496679 0.045004 1
-0.231047 0.989142 1
-0.106302 0.368984 1
-0.879618 0.222080 1
-0.524300 0.366664 1
0.770503 -0.561300 1
0.721430 -0.276438 1
0.823059 -0.253015 1
0.658430 -0.907745 1
0.638073 -0.431525 1
0.602506 -0.073461 1
0.606058 -0.703943 1
0.258551 -0.750288 1
0.392815 -0.166079 1
0.884567 -0.038222 1
0.802884 -0.785282 1
0.406229 -0.329368 1
0.588506 -0.869446 1
0.641542 -0.039872 1
0.130362 -0.414686 1
0.077693 -0.014712 1
0.988114 -0.829323 1
0.881549 -0.964895 1
0.792874 -0.104371 1
0.131948 -0.971033 1
0.727837 -0.464372 1
0.525731 -0.291726 1
0.382644 -0.470206 1
0.919760 -0.009875 1
0.420314 -0.751572 1
0.037931 -0.057084 1
0.297873 -0.473209 1
0.591423 -0.668252 1
0.778814 -0.297211 1
0.988692 -0.468534 1
0.122671 -0.788196 1
0.231609 -0.196963 1
0.487292 -0.317275 1
0.338823 -0.903259 1
0.015879 -0.604051 1
0.153743 -0.800026 1
0.076650 -0.028524 1
0.142771 -0.528776 1
0.580678 -0.959830 1
0.488261 -0.610723 1
0.903083 -0.677430 1
0.035257 -0.112763 1
0.006425 -0.927635 1
0.195882 -0.935274 1
0.103342 -0.697686 1
0.465744 -0.224883 1
0.482901 -0.326949 1
0.148775 -0.624746 1
0.745848 -0.150066 1
0.039874 -0.007816 1
0.597007 -0.836698 1
0.172734 -0.062810 1
0.645008 -0.118216 1
0.037978 -0.945115 1
0.341452 -0.739149 1
0.266092 -0.137626 1
0.801858 -0.203220 1
0.125103 -0.729851 1
0.079353 -0.905393 1
0.683658 -0.775846 1
0.669741 -0.078381 1
0.066808 -0.290412 1
0.914470 -0.132502 1
0.254208 -0.220635 1
0.378971 -0.219294 1
0.207293 -0.547954 1
0.069576 -0.354930 1
0.713907 -0.124403 1
0.923587 -0.134021 1
0.331533 -0.703753 1
0.965513 -0.323324 1
0.137206 -0.045415 1
0.333868 -0.404958 1
0.125678 -0.126609 1
0.807495 -0.546823 1
0.687979 -0.404213 1
0.908149 -0.045780 1
0.935572 -0.816804 1
0.964244 -0.998089 1
0.191305 -0.431541 1
0.008065 -0.741641 1
0.964283 -0.859353 1
0.735708 -0.877181 1
0.770391 -0.614498 1
0.374140 -0.511217 1
0.300607 -0.646552 1
0.778780 -0.519804 1
0.396909 -0.255611 1
0.443932 -0.431886 1
0.599615 -0.365831 1
0.202722 -0.391623 1
0.155088 -0.321627 1
0.696328 -0.625498 1
0.280839 -0.913155 1
0.380005 -0.884174 1
0.452248 -0.594223 1
0.376087 -0.431912 1
0.624071 -0.878928 1
0.382799 -0.190497 1
0.151051 -0.950519 1
0.928716 -0.274301 1
0.365443 -0.121638 1
0.206024 -0.876156 1
0.755935 -0.537862 1
0.918763 -0.902729 1
0.399534 -0.511202 1
0.340060 -0.220238 1
0.578197 -0.204480 1
0.660239 -0.486942 1
0.712047 -0.949769 1
0.819971 -0.867821 1
0.718335 -0.919685 1
0.102040 -0.206994 1
0.230548 -0.588052 1
0.815180 -0.866887 1
0.487136 -0.567255 1
0.028900 -0.473116 1
0.043187 -0.652778 1
0.540044 -0.213737 1
0.036171 -0.833648 1
0.164392 -0.062740 1
0.026723 -0.149719 1
0.036634 -0.940729 1
0.692307 -0.402660 1
0.308785 -0.305779 1
0.088267 -0.797817 1
0.463392 -0.930766 1
0.902374 -0.174583 1
0.940401 -0.160286 1
0.766555 -0.575120 1
0.553604 -0.829982 1
0.062568 -0.737478 1
0.797497 -0.539146 1
0.960863 -0.740764 1
0.432784 -0.256261 1
0.816039 -0.571418 1
0.301435 -0.453369 1
0.093482 -0.534043 1
0.991725 -0.114018 1
0.803595 -0.463082 1
0.628207 -0.894486 1
0.509350 -0.697431 1
0.891541 -0.239657 1
0.718436 -0.922734 1
0.049089 -0.944274 1
0.697122 -0.175344 1
0.246547 -0.546656 1
0.441943 -0.336735 1
0.473371 -0.740509 1
0.853526 -0.571868 1
0.200067 -0.229208 1
0.792915 -0.843221 1
0.109999 -0.544877 1
0.480093 -0.216523 1
0.173241 -0.697536 1
0.466733 -0.998324 1
0.455349 -0.242557 1
0.469223 -0.175438 1
0.259440 -0.134582 1
0.323423 -0.803463 1
0.552517 -0.829451 1
0.554641 -0.406284 1
0.477246 -0.916847 1
0.183305 -0.384936 1
0.555165 -0.045478 1
0.836496 -0.518287 1
0.559713 -0.519119 1
0.402235 -0.559827 1
0.906281 -0.601108 1
0.708547 -0.772803 1
0.922378 -0.166735 1
0.345080 -0.656598 1
0.294782 -0.011959 1
0.592517 -0.021156 1
0.047850 -0.471658 1
0.707206 -0.682646 1
0.779972 -0.709201 1
0.658924 -0.890132 1
0.065590 -0.987041 1
0.820447 -0.049705 1
0.164322 -0.638450 1
0.287413 -0.610341 1
0.261660 -0.611835 1
0.631954 -0.649999 1
0.099095 -0.142434 1
0.608158 -0.631685 1
0.880661 -0.374614 1
0.800013 -0.822898 1
0.969327 -0.814201 1
0.419801 -0.047895 1
0.270347 -0.583638 1
0.736881 -0.955515 1
0.204485 -0.250264 1
0.472449 -0.226959 1
0.780670 -0.284046 1
0.505748 -0.495141 1
0.815776 -0.582510 1
0.420906 -0.918192 1
0.706554 -0.299110 1
0.272158 -0.999901 1
0.726503 -0.066426 1
0.721126 -0.140686 1
0.306879 -0.567490 1
0.734454 -0.474601 1
0.466172 -0.544107 1
0.641533 -0.464686 1
0.850058 -0.701412 1
0.573336 -0.192367 1
0.293305 -0.920941 1
0.538023 -0.882522 1
0.647308 -0.022075 1
0.856505 -0.394647 1
0.659847 -0.154347 1
0.286746 -0.241182 1
0.685958 -0.128514 1
0.286027 -0.678613 1
0.731995 -0.727044 1
0.471212 -0.373289 1
0.692013 -0.236584 1
0.933520 -0.590027 1
0.368176 -0.388912 1
0.304714 -0.717226 1
0.768509 -0.348011 1
0.887508 -0.666295 1
0.845016 -0.790349 1
0.866696 -0.498703 1
0.201358 -0.675580 1
0.226655 -0.118483 1
0.734649 -0.081430 1
0.081290 -0.964788 1
0.839097 -0.570369 1
0.731100 -0.867585 1
0.241933 -0.989832 1
0.471154 -0.176006 1
0.313464 -0.559327 1
0.157653 -0.147079 1
0.969051 -0.062221 1
0.413944 -0.049157 1
0.390547 -0.878858 1
0.866226 -0.932382 1
0.297800 -0.051860 1
0.711388 -0.799607 1
0.132311 -0.191113 1
0.203537 -0.023900 1
0.078812 -0.084197 1
0.748414 -0.170188 1
0.322286 -0.503472 1
0.186267 -0.435822 1
0.239285 -0.893041 1
0.757395 -0.906108 1
-0.948939 -0.671776 -1
-0.033873 -0.428198 -1
-0.910726 -0.136643 -1
-0.180155 -0.960820 -1
-0.561893 -0.027977 -1
-0.380540 -0.492352 -1
-0.998498 -0.678781 -1
-0.379023 -0.033010 -1
-0.877353 -0.625700 -1
-0.141964 -0.623099 -1
-0.862957 -0.411729 -1
-0.243860 -0.167271 -1
-0.420149 -0.094726 -1
-0.680591 -0.320187 -1
-0.585847 -0.264702 -1
-0.580387 -0.298989 -1
-0.122422 -0.972333 -1
-0.625583 -0.995581 -1
-0.851411 -0.477680 -1
-0.658914 -0.196859 -1
-0.393259 -0.187532 -1
-0.212996 -0.055679 -1
-0.082893 -0.355322 -1
-0.372278 -0.920956 -1
-0.443805 -0.416623 -1
-0.978105 -0.951589 -1
-0.129333 -0.667710 -1
-0.189566 -0.441831 -1
-0.889599 -0.808840 -1
-0.071360 -0.414166 -1
-0.142879 -0.861358 -1
-0.564994 -0.582046 -1
-0.042029 -0.038905 -1
-0.259731 -0.625202 -1
-0.984936 -0.241489 -1
-0.480312 -0.065425 -1
-0.648982 -0.898949 -1
-0.275437 -0.486228 -1
-0.767760 -0.697537 -1
-0.992135 -0.405422 -1
-0.110810 -0.255461 -1
-0.342957 -0.746199 -1
-0.705939 -0.017054 -1
-0.353201 -0.913821 -1
-0.711451 -0.715753 -1
-0.629476 -0.751382 -1
-0.086618 -0.141473 -1
-0.467210 -0.330411 -1
-0.238491 -0.895010 -1
-0.515336 -0.520170 -1
-0.021143 -0.081128 -1
-0.366851 -0.247880 -1
-0.263247 -0.311121 -1
-0.997054 -0.266096 -1
-0.003540 -0.638660 -1
-0.416933 -0.816531 -1
-0.190116 -0.997475 -1
-0.083560 -0.396600 -1
-0.465047 -0.038584 -1
-0.285861 -0.616399 -1
-0.767297 -0.311125 -1
-0.080437 -0.123056 -1
-0.484360 -0.571439 -1
-0.079552 -0.343428 -1
-0.944016 -0.842948 -1
-0.136896 -0.949329 -1
-0.711901 -0.557429 -1
-0.054323 -0.878663 -1
-0.704845 -0.985784 -1
-0.054337 -0.786323 -1
-0.886175 -0.762284 -1
-0.960631 -0.794255 -1
-0.276038 -0.241646 -1
-0.502871 -0.833525 -1
-0.788335 -0.371272 -1
-0.016412 -0.294424 -1
-0.071860 -0.952434 -1
-0.437964 -0.497806 -1
-0.209065 -0.764038 -1
-0.646895 -0.823818 -1
-0.353852 -0.015512 -1
-0.300532 -0.347834 -1
-0.766131 -0.463214 -1
-0.536635 -0.398484 -1
-0.448733 -0.414769 -1
-0.113936 -0.496875 -1
-0.974531 -0.568630 -1
-0.879279 -0.438780 -1
-0.103264 -0.457686 -1
-0.849230 -0.810945 -1
-0.619289 -0.514598 -1
-0.293744 -0.444329 -1
-0.122661 -0.086882 -1
-0.835307 -0.422786 -1
-0.568706 -0.465437 -1
-0.356287 -0.651926 -1
-0.097395 -0.343354 -1
-0.613116 -0.726389 -1
-0.351054 -0.656694 -1
-0.335968 -0.020515 -1
-0.483947 -0.277270 -1
-0.855933 -0.951133 -1
-0.433587 -0.667320 -1
-0.486440 -0.962728 -1
-0.436538 -0.602056 -1
-0.138059 -0.077730 -1
-0.409866 -0.121337 -1
-0.568806 -0.257943 -1
-0.977764 -0.528179 -1
-0.362497 -0.055570 -1
-0.915870 -0.764492 -1
-0.865671 -0.478258 -1
-0.476192 -0.713656 -1
-0.382413 -0.395704 -1
-0.085666 -0.907417 -1
-0.022555 -0.637859 -1
-0.028470 -0.082090 -1
-0.445977 -0.904601 -1
-0.203642 -0.891177 -1
-0.291069 -0.308327 -1
-0.142815 -0.190040 -1
-0.763373 -0.650710 -1
-0.942689 -0.286015 -1
-0.150496 -0.252145 -1
-0.790906 -0.905827 -1
-0.330716 -0.845559 -1
-0.473834 -0.376459 -1
-0.586102 -0.868765 -1
-0.131757 -0.226556 -1
-0.423619 -0.759150 -1
-0.502570 -0.802678 -1
-0.843319 -0.933816 -1
-0.748188 -0.299651 -1
-0.085629 -0.466364 -1
-0.474006 -0.017023 -1
-0.247271 -0.641517 -1
-0.878038 -0.588633 -1
-0.476365 -0.141144 -1
-0.532316 -0.797468 -1
-0.884548 -0.574826 -1
-0.071670 -0.530084 -1
-0.235590 -0.162097 -1
-0.170961 -0.526840 -1
-0.493770 -0.804884 -1
-0.146060 -0.049750 -1
-0.360264 -0.668519 -1
-0.183991 -0.287483 -1
-0.119420 -0.674437 -1
-0.606745 -0.753883 -1
-0.378079 -0.941123 -1
-0.357673 -0.834609 -1
-0.040811 -0.720168 -1
-0.551218 -0.239682 -1
-0.322328 -0.050214 -1
-0.199417 -0.608547 -1
-0.800289 -0.297797 -1
-0.538846 -0.408847 -1
-0.690717 -0.522791 -1
-0.259592 -0.289675 -1
-0.519001 -0.535077 -1
-0.208863 -0.033305 -1
-0.797935 -0.690058 -1
-0.022119 -0.840553 -1
-0.283653 -0.577396 -1
-0.010948 -0.376949 -1
-0.514239 -0.058519 -1
-0.803692 -0.322058 -1
-0.548597 -0.298604 -1
-0.063597 -0.401015 -1
-0.754626 -0.818423 -1
-0.982000 -0.118375 -1
-0.516575 -0.207325 -1
-0.571570 -0.685841 -1
-0.211204 -0.251859 -1
-0.792388 -0.004149 -1
-0.860493 -0.684929 -1
-0.213986 -0.502647 -1
-0.658545 -0.936411 -1
-0.813713 -0.684440 -1
-0.404529 -0.883184 -1
-0.003766 -0.807133 -1
-0.594277 -0.557875 -1
-0.795804 -0.333193 -1
-0.684306 -0.675529 -1
-0.681698 -0.661920 -1
-0.759901 -0.457493 -1
-0.303584 -0.441409 -1
-0.219402 -0.832779 -1
-0.517455 -0.401804 -1
-0.638223 -0.991190 -1
-0.771803 -0.513303 -1
-0.806666 -0.011470 -1
-0.695054 -0.077886 -1
-0.367685 -0.024489 -1
-0.929612 -0.450774 -1
-0.425670 -0.798197 -1
-0.910269 -0.527446 -1
-0.655317 -0.586377 -1
-0.863271 -0.016604 -1
-0.978241 -0.619764 -1
-0.508174 -0.739800 -1
-0.120699 -0.386177 -1
-0.721075 -0.748069 -1
-0.238622 -0.797128 -1
-0.540662 -0.830933 -1
-0.969142 -0.259554 -1
-0.376929 -0.512663 -1
-0.820526 -0.910937 -1
-0.007059 -0.798198 -1
-0.982505 -0.370714 -1
-0.582171 -0.954808 -1
-0.539160 -0.608856 -1
-0.499957 -0.242300 -1
-0.432886 -0.520507 -1
-0.509721 -0.494337 -1
-0.878921 -0.103554 -1
-0.087023 -0.766175 -1
-0.723439 -0.740382 -1
-0.466692 -0.025328 -1
-0.514948 -0.413428 -1
-0.376335 -0.526520 -1
-0.979017 -0.925457 -1
-0.413619 -0.452474 -1
-0.317753 -0.875994 -1
-0.587023 -0.477504 -1
-0.816608 -0.757183 -1
-0.398287 -0.061429 -1
-0.506598 -0.563753 -1
-0.879486 -0.483390 -1
-0.915718 -0.243651 -1
-0.821521 -0.950854 -1
-0.132580 -0.977165 -1
-0.975186 -0.573469 -1
-0.887740 -0.212350 -1
-0.676788 -0.116296 -1
-0.566761 -0.495713 -1
-0.064039 -0.232081 -1
-0.422486 -0.276619 -1
-0.679169 -0.408140 -1
-0.999542 -0.772744 -1
-0.660491 -0.155027 -1
-0.054728 -0.436160 -1
-0.592773 -0.945183 -1
-0.528585 -0.125432 -1
-0.236119 -0.174858 -1
-0.480870 -0.235242 -1
-0.590073 -0.466741 -1
-0.077192 -0.395137 -1
-0.022073 -0.172871 -1
-0.587469 -0.371650 -1
0.954179 0.174927 -1
0.230305 0.419606 -1
0.884195 0.902723 -1
0.155663 0.724017 -1
0.955619 0.982403 -1
0.790793 0.475192 -1
0.053699 0.050521 -1
0.929404 0.874349 -1
0.590892 0.822413 -1
0.896859 0.347065 -1
0.298596 0.142104 -1
0.394548 0.425759 -1
0.165448 0.406617 -1
0.050883 0.588655 -1
0.903651 0.823037 -1
0.418811 0.144426 -1
0.158886 0.645030 -1
0.490300 0.222045 -1
0.425175 0.148857 -1
0.422899 0.123359 -1
0.423185 0.480911 -1
0.096955 0.920051 -1
0.874637 0.752982 -1
0.165037 0.943990 -1
0.143534 0.348901 -1
0.996176 0.849494 -1
0.211775 0.641317 -1
0.733988 0.520422 -1
0.225320 0.196706 -1
0.990697 0.596785 -1
0.806990 0.995464 -1
0.087581 0.918499 -1
0.829767 0.940959 -1
0.524615 0.090667 -1
0.336297 0.497728 -1
0.641765 0.600338 -1
0.582548 0.212088 -1
0.749655 0.921956 -1
0.760539 0.664006 -1
0.908614 0.141526 -1
0.987713 0.657493 -1
0.117963 0.852619 -1
0.779792 0.694641 -1
0.142385 0.313391 -1
0.951285 0.956277 -1
0.992961 0.868887 -1
0.467709 0.261038 -1
0.767853 0.220701 -1
0.788165 0.648772 -1
0.684765 0.245147 -1
0.390566 0.947767 -1
0.392262 0.287424 -1
0.646674 0.857232 -1
0.657615 0.143226 -1
0.644642 0.994102 -1
0.384056 0.716642 -1
0.811705 0.469740 -1
0.119979 0.681946 -1
0.516290 0.981525 -1
0.231626 0.066936 -1
0.165967 0.381829 -1
0.114873 0.040026 -1
0.681052 0.583209 -1
0.136082 0.511339 -1
0.009816 0.993807 -1
0.903042 0.877670 -1
0.247693 0.447066 -1
0.843112 0.150414 -1
0.424075 0.501169 -1
0.425987 0.984324 -1
0.730098 0.776212 -1
0.207109 0.924977 -1
0.621317 0.169305 -1
0.516158 0.474263 -1
0.848875 0.954001 -1
0.338440 0.796858 -1
0.925427 0.094300 -1
0.938372 0.338229 -1
0.357371 0.622024 -1
0.181735 0.277264 -1
0.699873 0.115673 -1
0.504528 0.332160 -1
0.031305 0.464200 -1
0.150838 0.706962 -1
0.585865 0.632808 -1
0.528899 0.640318 -1
0.808345 0.957206 -1
0.401418 0.183285 -1
0.552633 0.299097 -1
0.912896 0.148365 -1
0.800682 0.245836 -1
0.407630 0.147592 -1
0.585690 0.813744 -1
0.726576 0.090987 -1
0.312485 0.639061 -1
0.118462 0.958332 -1
0.635409 0.473941 -1
0.118149 0.221892 -1
0.299277 0.695881 -1
0.700020 0.538434 -1
0.691087 0.190802 -1
0.214410 0.047666 -1
0.940724 0.507305 -1
0.420146 0.786317 -1
0.320781 0.280056 -1
0.590158 0.862703 -1
0.786535 0.021188 -1
0.395702 0.818416 -1
0.327171 0.288056 -1
0.792464 0.805843 -1
0.999340 0.240540 -1
0.602827 0.209754 -1
0.037390 0.831868 -1
0.521867 0.021122 -1
0.572861 0.722706 -1
0.025622 0.863048 -1
0.583715 0.876082 -1
0.635715 0.975594 -1
0.437030 0.510743 -1
0.594967 0.282835 -1
0.552988 0.694871 -1
0.297098 0.404568 -1
0.493649 0.137314 -1
0.890720 0.866602 -1
0.185311 0.508797 -1
0.986989 0.874982 -1
0.349869 0.725099 -1
0.509165 0.660829 -1
0.572472 0.868755 -1
0.234361 0.227033 -1
0.271581 0.694366 -1
0.213289 0.290313 -1
0.627095 0.680734 -1
0.841023 0.475638 -1
0.802439 0.756872 -1
0.897870 0.338393 -1
0.212972 0.152902 -1
0.316911 0.714490 -1
0.215123 0.722365 -1
0.803399 0.897986 -1
0.252286 0.613719 -1
0.511405 0.633548 -1
0.762355 0.041371 -1
0.598789 0.890286 -1
0.882885 0.557070 -1
0.111412 0.900916 -1
0.015618 0.639512 -1
0.754186 0.259699 -1
0.200966 0.351806 -1
0.780782 0.099910 -1
0.326030 0.252509 -1
0.594010 0.966542 -1
0.589632 0.164458 -1
0.511234 0.583255 -1
0.167077 0.038419 -1
0.031124 0.931766 -1
0.671323 0.563606 -1
0.141399 0.239110 -1
0.450307 0.440848 -1
0.167299 0.532781 -1
0.019210 0.233941 -1
0.283275 0.286505 -1
0.744335 0.813922 -1
0.144334 0.620404 -1
0.541976 0.248618 -1
0.145890 0.239513 -1
0.592713 0.125663 -1
0.847165 0.762977 -1
0.824378 0.500348 -1
0.663055 0.513462 -1
0.257378 0.554537 -1
0.193972 0.932498 -1
0.847778 0.335070 -1
0.038660 0.281947 -1
0.926145 0.817451 -1
0.721329 0.883340 -1
0.312140 0.985794 -1
0.510801 0.829946 -1
0.976255 0.629951 -1
0.357956 0.970641 -1
0.389561 0.510977 -1
0.444787 0.770198 -1
0.915492 0.253766 -1
0.266786 0.267484 -1
0.452534 0.352796 -1
0.090540 0.706165 -1
0.917910 0.637819 -1
0.484246 0.454886 -1
0.034623 0.732009 -1
0.665764 0.918449 -1
0.018161 0.365944 -1
0.222256 0.809317 -1
0.975090 0.668200 -1
0.493622 0.324797 -1
0.383687 0.036191 -1
0.435048 0.397400 -1
0.644446 0.738551 -1
0.378290 0.570486 -1
0.105424 0.862096 -1
0.539536 0.004536 -1
0.070315 0.556972 -1
0.906731 0.166642 -1
0.570268 0.052924 -1
0.625269 0.154140 -1
0.384334 0.561851 -1
0.824584 0.591239 -1
0.989297 0.812403 -1
0.562417 0.791174 -1
0.751191 0.077089 -1
0.236100 0.053335 -1
0.420573 0.143470 -1
0.822417 0.872239 -1
0.804448 0.264269 -1
0.844708 0.986431 -1
0.819464 0.961181 -1
0.655174 0.834377 -1
0.738598 0.758047 -1
0.781203 0.614238 -1
0.107749 0.663827 -1
0.324721 0.695678 -1
0.346630 0.867144 -1
0.515175 0.959782 -1
0.690344 0.453301 -1
0.970375 0.450002 -1
0.677451 0.838489 -1
0.755140 0.166455 -1
0.134701 0.988740 -1
0.047645 0.531039 -1
0.136892 0.026726 -1
0.293063 0.038662 -1
0.824900 0.411026 -1
0.282106 0.258016 -1
0.315403 0.914576 -1
0.736690 0.607058 -1
0.590864 0.822075 -1
0.767298 0.187204 -1
0.181826 0.808336 -1
0.583433 0.891045 -1
0.570749 0.159365 -1
0.376741 0.937600 -1
0.719438 0.182996 -1
0.227541 0.710977 -1
0.340317 0.814330 -1
0.245304 0.088719 -1
0.032985 0.679844 -1
0.188147 0.635663 -1
0.530570 0.703780 -1
0.957884 0.179726 -1
0.226789 0.357504 -1
0.782751 0.699979 -1
