-0.081618 0.678313 -1
-0.438092 0.441414 -1
-0.133136 0.738635 1
-0.177763 0.892780 1
-0.480124 0.193451 1
-0.651435 0.965485 -1
-0.341248 0.472146 -1
-0.383523 0.677800 1
-0.220499 0.442153 1
-0.008483 0.671375 1
-0.082045 0.000635 1
-0.669798 0.690115 1
-0.007376 0.533337 -1
-0.765788 0.161831 -1
-0.447567 0.800889 1
-0.967676 0.243111 -1
-0.391867 0.070804 1
-0.168198 0.956321 1
-0.103243 0.644390 1
-0.987795 0.830281 1
-0.824904 0.243091 -1
-0.773622 0.517012 1
-0.271215 0.023830 1
-0.340938 0.243629 1
-0.794193 0.419172 1
0.536322 -0.388455 1
0.370690 -0.689509 1
0.695081 -0.173504 -1
0.034648 -0.983647 -1
0.865803 -0.966388 1
0.393216 -0.720820 1
0.454857 -0.797393 1
0.598324 -0.327464 1
0.653987 -0.280259 1
0.291227 -0.695982 -1
0.857122 -0.937427 1
0.115134 -0.707065 1
0.963862 -0.626594 1
0.327090 -0.703130 1
0.139881 -0.805844 1
0.119436 -0.979300 -1
0.650420 -0.517139 1
0.690940 -0.250574 1
0.889974 -0.083980 -1
0.021984 -0.797986 1
0.474813 -0.856479 -1
0.855570 -0.657776 1
0.319557 -0.677501 1
0.821074 -0.198288 -1
0.385176 -0.803311 1
-0.985697 -0.306626 1
-0.158936 -0.598301 -1
-0.872162 -0.189600 -1
-0.721605 -0.342254 -1
-0.060073 -0.854365 1
-0.139795 -0.457445 -1
-0.756544 -0.141883 -1
-0.127445 -0.490089 1
-0.527522 -0.701026 -1
-0.299789 -0.809115 -1
-0.644758 -0.854815 -1
-0.506984 -0.295119 1
-0.706012 -0.559474 -1
-0.155625 -0.140381 -1
-0.993681 -0.442372 -1
-0.314045 -0.642152 -1
-0.858935 -0.539775 1
-0.796120 -0.748943 -1
-0.865456 -0.836505 1
-0.092896 -0.965637 1
-0.042959 -0.394537 1
-0.569612 -0.719563 -1
-0.276810 -0.232710 -1
-0.490521 -0.715427 -1
-0.351986 -0.935762 -1
0.245338 0.057638 1
0.323120 0.827730 1
0.230025 0.848810 -1
0.028384 0.128776 -1
0.685493 0.453633 1
0.995958 0.128973 1
0.977776 0.837811 -1
0.841483 0.451867 1
0.483462 0.843375 -1
0.802172 0.214047 1
0.585781 0.017725 -1
0.023548 0.571816 -1
0.623409 0.821809 -1
0.026135 0.811715 -1
0.884300 0.784582 -1
0.285008 0.606583 1
0.085539 0.060430 -1
0.107211 0.322151 -1
0.426279 0.715486 -1
0.075399 0.440616 -1
0.717571 0.966411 -1
0.600335 0.217032 -1
0.588672 0.572162 -1
0.071809 0.059645 -1
0.991818 0.846183 -1
