-0.973678 0.118446 -1
-0.577408 0.845139 -1
-0.559164 0.341262 1
-0.698890 0.723077 1
-0.606802 0.301317 1
-0.047269 0.226581 1
-0.802040 0.140984 1
-0.415014 0.584883 1
-0.237240 0.282222 1
-0.186148 0.457000 -1
-0.910844 0.795713 1
-0.949729 0.068209 -1
-0.655520 0.991548 -1
-0.005102 0.516978 -1
-0.818849 0.221192 1
-0.423265 0.847947 -1
-0.979342 0.719804 -1
-0.127628 0.228401 -1
-0.439235 0.304513 -1
-0.228720 0.887719 -1
-0.507138 0.037208 1
-0.370789 0.656805 -1
-0.621547 0.641479 -1
-0.023050 0.775629 -1
-0.694087 0.323482 -1
-0.743130 0.987356 1
-0.810880 0.708813 1
-0.607541 0.689371 -1
-0.026351 0.218109 1
-0.898749 0.228018 1
-0.838804 0.204516 -1
-0.820652 0.347720 1
-0.093193 0.222285 1
-0.635677 0.165988 1
-0.839837 0.210412 1
-0.579209 0.950094 1
-0.302703 0.841936 1
-0.802315 0.136959 1
-0.400537 0.088673 1
-0.146967 0.348064 1
-0.607048 0.908517 1
-0.631038 0.820562 1
-0.492178 0.549097 1
-0.299903 0.028935 1
-0.089774 0.657336 1
-0.823385 0.596583 -1
-0.053483 0.500870 -1
-0.366970 0.352548 -1
-0.671711 0.385131 1
-0.772920 0.714080 -1
-0.340034 0.537572 1
-0.502737 0.008366 1
-0.367136 0.938356 -1
-0.164213 0.871929 1
-0.890848 0.674493 1
-0.382267 0.462227 -1
-0.345057 0.860904 1
-0.242103 0.696255 1
-0.118062 0.666769 -1
-0.474196 0.341369 1
-0.367584 0.661937 -1
-0.994016 0.608757 1
-0.854650 0.467630 -1
-0.860054 0.714508 1
-0.576292 0.003764 1
-0.990207 0.041889 1
-0.001755 0.265326 1
-0.628780 0.155625 -1
-0.622670 0.132958 -1
-0.176896 0.616921 -1
-0.572245 0.085007 1
-0.128440 0.284657 1
-0.106911 0.126449 -1
-0.356515 0.965760 -1
-0.059901 0.752046 1
-0.287801 0.744686 1
-0.564510 0.236635 -1
-0.369807 0.022038 1
-0.700661 0.931888 -1
-0.746006 0.215014 1
-0.010288 0.648708 1
-0.024424 0.694501 1
-0.669306 0.795273 1
-0.948687 0.048763 1
-0.355075 0.164585 1
-0.384099 0.495963 -1
-0.240682 0.550715 1
-0.844292 0.575135 1
-0.568911 0.730282 1
-0.662121 0.877437 -1
-0.653636 0.990913 -1
-0.343079 0.793130 1
-0.201193 0.053937 -1
-0.274989 0.301547 -1
-0.189755 0.227346 1
-0.309534 0.396548 1
-0.107233 0.219518 -1
-0.407824 0.285553 -1
-0.829791 0.745499 -1
-0.570664 0.390497 -1
-0.273368 0.756142 1
-0.984655 0.582275 -1
-0.517413 0.761911 1
-0.527381 0.332716 -1
-0.453800 0.578913 1
-0.899269 0.300198 1
-0.327521 0.137598 1
-0.072528 0.206326 -1
-0.765813 0.918055 -1
-0.864339 0.576056 1
-0.816676 0.290887 1
-0.419607 0.485090 -1
-0.823650 0.562482 -1
-0.561985 0.621973 1
-0.237145 0.076392 -1
-0.051238 0.530486 1
-0.303254 0.914191 1
-0.621984 0.371956 1
-0.653389 0.755712 -1
-0.469491 0.278204 1
-0.137046 0.333939 1
-0.936536 0.600438 1
-0.270580 0.253780 -1
-0.019150 0.216350 -1
-0.496355 0.755384 1
-0.615762 0.359745 1
-0.640269 0.145103 -1
-0.116526 0.716431 1
-0.641176 0.552034 -1
-0.331696 0.970459 1
-0.103063 0.675148 -1
-0.826770 0.211337 -1
-0.143691 0.741897 1
-0.152053 0.628775 -1
-0.346603 0.749462 1
-0.963027 0.016498 1
-0.410269 0.015117 -1
-0.145979 0.563292 1
-0.481241 0.628532 1
-0.243496 0.656557 1
-0.883107 0.888199 1
-0.834795 0.933912 -1
-0.646955 0.689848 -1
-0.006548 0.086408 -1
-0.856375 0.050829 -1
-0.179647 0.005420 1
-0.259589 0.003963 1
-0.407268 0.945214 -1
-0.829775 0.303445 -1
-0.314115 0.589407 1
-0.911858 0.508011 -1
-0.235792 0.693176 1
-0.719095 0.909198 1
-0.096923 0.767950 1
-0.442181 0.706423 -1
-0.894173 0.111050 1
-0.090286 0.605545 1
-0.829071 0.839717 -1
-0.692558 0.069015 -1
-0.105289 0.927184 -1
-0.176279 0.606179 -1
-0.709413 0.944448 -1
-0.183640 0.899926 1
-0.313207 0.901374 1
-0.016120 0.119322 -1
-0.136141 0.330002 1
-0.951068 0.671162 -1
-0.603983 0.529555 1
-0.140704 0.163522 1
-0.389634 0.752757 -1
-0.351238 0.249837 -1
-0.465833 0.321318 -1
-0.944809 0.317126 1
-0.547882 0.668343 -1
-0.042269 0.703360 -1
-0.731972 0.816023 1
-0.054691 0.598708 1
-0.595055 0.164284 -1
-0.587099 0.557861 1
-0.627860 0.499076 1
-0.790565 0.271027 -1
-0.814634 0.558826 1
-0.271061 0.220973 -1
-0.000734 0.303350 1
-0.193071 0.530607 1
-0.938810 0.264236 1
-0.769569 0.292548 1
-0.304684 0.839092 1
-0.086365 0.946905 1
-0.760914 0.663803 1
-0.387496 0.895976 -1
-0.585914 0.275304 1
-0.005921 0.554006 1
-0.401127 0.128794 1
-0.636629 0.428707 1
-0.271837 0.419118 1
-0.955785 0.159720 1
-0.972537 0.296276 1
-0.844957 0.232094 -1
-0.024595 0.261384 1
-0.330958 0.313321 1
-0.027201 0.042569 1
-0.411506 0.406871 -1
-0.399602 0.527718 1
-0.939608 0.120154 -1
-0.750691 0.403883 1
-0.253713 0.372074 1
-0.645826 0.193000 1
-0.027631 0.408808 1
-0.054916 0.585579 1
-0.264859 0.653261 -1
-0.765468 0.668389 1
-0.720662 0.505672 -1
-0.704430 0.434109 1
-0.579074 0.885881 1
-0.946821 0.347981 1
-0.633085 0.492097 1
-0.692779 0.776602 1
-0.949245 0.210509 1
-0.390018 0.811850 1
-0.075898 0.997918 1
-0.892270 0.189492 -1
-0.575456 0.541740 -1
-0.653922 0.802651 1
-0.388512 0.164946 1
-0.785774 0.218151 -1
-0.310065 0.599745 1
-0.543360 0.263961 1
-0.870144 0.803843 1
-0.574272 0.943163 -1
-0.163078 0.611103 1
-0.474139 0.813796 1
-0.357296 0.632658 1
-0.243114 0.045541 1
-0.608341 0.721368 -1
-0.912763 0.850341 1
-0.207865 0.233422 1
-0.986159 0.502977 1
-0.649086 0.405602 -1
-0.514359 0.221550 -1
-0.953052 0.879650 -1
-0.227223 0.677453 -1
-0.579884 0.335203 1
-0.242950 0.495010 -1
-0.416983 0.609666 1
-0.904624 0.329578 -1
-0.019806 0.472924 1
-0.264558 0.658758 1
-0.440617 0.001795 -1
-0.262927 0.419073 1
0.159852 -0.335111 1
0.069557 -0.832492 1
0.554987 -0.351172 -1
0.776175 -0.127415 1
0.619569 -0.796839 1
0.171312 -0.144624 -1
0.567820 -0.680567 -1
0.385972 -0.734750 1
0.313658 -0.018635 1
0.941098 -0.468525 1
0.574756 -0.574464 1
0.012128 -0.707903 -1
0.727998 -0.321505 1
0.963776 -0.443001 1
0.031337 -0.871021 1
0.062971 -0.091173 -1
0.549944 -0.316484 -1
0.577151 -0.675804 -1
0.598924 -0.912332 -1
0.679801 -0.263258 1
0.640169 -0.983782 1
0.835064 -0.498653 -1
0.331462 -0.091136 -1
0.000041 -0.490903 -1
0.264695 -0.063192 1
0.400218 -0.953297 -1
0.138623 -0.768451 1
0.860328 -0.975187 1
0.153570 -0.311046 1
0.483938 -0.505180 -1
0.837153 -0.559734 -1
0.617249 -0.000516 1
0.453664 -0.226940 1
0.399500 -0.703470 -1
0.174706 -0.682031 -1
0.692202 -0.966816 1
0.169003 -0.478551 -1
0.912452 -0.515828 1
0.603895 -0.892540 1
0.051741 -0.102228 1
0.112432 -0.575120 1
0.118426 -0.785963 1
0.238655 -0.879517 1
0.704068 -0.848063 -1
0.509268 -0.518650 -1
0.094808 -0.337776 -1
0.297710 -0.954806 -1
0.368167 -0.531654 -1
0.730045 -0.392229 1
0.878801 -0.204275 1
0.320363 -0.829095 1
0.094653 -0.646278 1
0.288700 -0.254240 1
0.281116 -0.068377 1
0.914258 -0.812296 1
0.827689 -0.152807 1
0.967033 -0.503024 1
0.610974 -0.585814 -1
0.065847 -0.131406 1
0.089261 -0.453889 1
0.749863 -0.797404 1
0.766315 -0.646544 -1
0.282607 -0.182148 1
0.780113 -0.598905 1
0.863825 -0.623212 1
0.407958 -0.189184 1
0.422621 -0.242830 1
0.867199 -0.502796 -1
0.047664 -0.657816 1
0.759790 -0.333390 -1
0.318406 -0.873058 1
0.558149 -0.467770 1
0.430925 -0.495917 1
0.549964 -0.909136 1
0.840721 -0.606375 -1
0.929119 -0.386327 1
0.000011 -0.082657 1
0.937997 -0.127925 -1
0.954032 -0.569172 -1
0.893706 -0.591094 1
0.327172 -0.677480 -1
0.376948 -0.644887 -1
0.454392 -0.043703 1
0.809648 -0.190359 -1
0.132882 -0.612320 -1
0.426354 -0.103962 -1
0.855509 -0.140669 -1
0.898403 -0.262911 -1
0.568574 -0.111758 -1
0.784142 -0.017097 1
0.879073 -0.974213 1
0.823532 -0.186873 1
0.222154 -0.692312 -1
0.412358 -0.731068 -1
0.409214 -0.742761 1
0.629939 -0.458463 1
0.789842 -0.484075 -1
0.544685 -0.241103 -1
0.431672 -0.345098 -1
0.138667 -0.082949 1
0.073378 -0.224226 1
0.511161 -0.904264 1
0.656848 -0.978587 1
0.260965 -0.771138 -1
0.089692 -0.502305 1
0.698263 -0.036198 -1
0.987812 -0.920667 1
0.353561 -0.535611 1
0.484921 -0.080395 1
0.930714 -0.667012 1
0.507040 -0.289244 1
0.646826 -0.928376 -1
0.401815 -0.928922 -1
0.532104 -0.368267 1
0.897282 -0.327857 1
0.153478 -0.594258 1
0.849313 -0.288487 1
0.350919 -0.814948 1
0.257791 -0.327539 1
0.793768 -0.595984 1
0.612540 -0.944532 1
0.767093 -0.307949 -1
0.875367 -0.433005 -1
0.124036 -0.168548 1
0.858072 -0.299912 -1
0.997680 -0.363951 1
0.402133 -0.549935 -1
0.587946 -0.950747 1
0.220255 -0.859101 -1
0.952098 -0.085579 1
0.747534 -0.592276 -1
0.783532 -0.996129 1
0.133314 -0.344013 1
0.642300 -0.149615 1
0.379412 -0.226882 1
0.111521 -0.511825 1
0.990058 -0.921669 -1
0.215213 -0.078368 1
0.176974 -0.176215 -1
0.564724 -0.787917 1
0.945110 -0.234364 -1
0.937666 -0.080475 1
0.591933 -0.896132 1
0.488049 -0.806815 1
0.135594 -0.410477 1
0.544853 -0.471927 1
0.662785 -0.074226 1
0.133781 -0.254835 1
0.892413 -0.319950 -1
0.811779 -0.855844 1
0.276554 -0.544264 -1
0.524641 -0.662619 1
0.792096 -0.934859 -1
0.628678 -0.773939 1
0.837203 -0.965894 1
0.405617 -0.993780 1
0.415872 -0.934531 1
0.442038 -0.465622 1
0.844391 -0.469672 -1
0.376064 -0.833473 1
0.409908 -0.820899 -1
0.013874 -0.253808 1
0.303749 -0.917525 1
0.865377 -0.910789 1
0.313851 -0.774882 1
0.571633 -0.279618 1
0.593929 -0.969923 -1
0.280588 -0.492416 1
0.583980 -0.606383 1
0.396174 -0.515055 1
0.993833 -0.637740 1
0.652103 -0.905999 1
0.208386 -0.713322 1
0.002296 -0.960068 1
0.242660 -0.157987 -1
0.418153 -0.050970 -1
0.174822 -0.272344 1
0.227297 -0.356528 -1
0.588599 -0.129604 1
0.119294 -0.059818 1
0.206195 -0.029505 1
0.207983 -0.709628 -1
0.323698 -0.743133 1
0.845811 -0.179689 1
0.619712 -0.039460 -1
0.648827 -0.201621 1
0.680944 -0.442223 -1
0.833477 -0.561590 1
0.533319 -0.760094 1
0.734614 -0.386835 1
0.228904 -0.184302 -1
0.968343 -0.009164 -1
0.593142 -0.073870 -1
0.815576 -0.750651 1
0.345345 -0.894733 -1
0.292478 -0.054473 1
0.295379 -0.127754 -1
0.536525 -0.718895 1
0.766772 -0.442162 -1
0.098808 -0.448887 -1
0.262426 -0.759006 -1
0.147295 -0.946767 1
0.795731 -0.924244 1
0.503303 -0.597165 -1
0.514582 -0.020980 1
0.628946 -0.318693 -1
0.782709 -0.849404 1
0.114603 -0.625228 -1
0.604346 -0.467262 1
0.835486 -0.955266 1
0.082380 -0.869366 1
0.664576 -0.030384 1
0.975548 -0.225645 -1
0.753434 -0.827138 -1
0.878935 -0.074090 1
0.187565 -0.150635 -1
0.291943 -0.749779 -1
0.422352 -0.074843 1
0.466215 -0.663773 1
0.499876 -0.182784 1
0.449649 -0.290777 1
0.197795 -0.762235 1
0.422938 -0.914242 1
0.479314 -0.951065 1
0.274046 -0.992245 1
0.289782 -0.301663 -1
0.246675 -0.368992 -1
0.609802 -0.028547 -1
0.785832 -0.510647 1
0.087098 -0.907675 -1
0.073022 -0.068072 1
0.301680 -0.559281 -1
0.271977 -0.532516 1
0.534344 -0.789519 -1
0.584903 -0.373743 1
0.162004 -0.531636 1
0.357733 -0.558281 -1
0.831330 -0.901738 1
0.579926 -0.548021 -1
0.935803 -0.196081 -1
0.489940 -0.603867 1
0.361297 -0.307878 1
0.362567 -0.612361 -1
0.179115 -0.105276 -1
0.822625 -0.919627 -1
0.318986 -0.311151 -1
0.098201 -0.505660 -1
0.263513 -0.560417 1
0.541283 -0.001907 1
0.357292 -0.715836 1
-0.062326 -0.463550 -1
-0.356243 -0.649425 1
-0.822648 -0.467811 1
-0.191508 -0.079962 1
-0.942892 -0.747486 -1
-0.202814 -0.532649 -1
-0.907702 -0.151094 1
-0.477298 -0.348645 -1
-0.821441 -0.005918 -1
-0.742650 -0.031387 -1
-0.649298 -0.169524 -1
-0.654249 -0.791079 1
-0.115801 -0.781942 -1
-0.197499 -0.845300 1
-0.276754 -0.319032 -1
-0.956655 -0.345649 1
-0.433790 -0.698087 -1
-0.447586 -0.549841 1
-0.733188 -0.187381 1
-0.548656 -0.126763 -1
-0.040728 -0.915771 -1
-0.483859 -0.908070 -1
-0.673350 -0.817283 -1
-0.161446 -0.494051 1
-0.234462 -0.315932 -1
-0.441212 -0.329960 -1
-0.834013 -0.323529 -1
-0.380099 -0.637649 1
-0.662275 -0.644963 1
-0.775785 -0.182612 1
-0.852908 -0.760147 1
-0.110319 -0.818266 -1
-0.956681 -0.716652 1
-0.760323 -0.904504 1
-0.325825 -0.895950 1
-0.608011 -0.200091 1
-0.142712 -0.513680 -1
-0.370844 -0.499705 1
-0.095098 -0.725095 -1
-0.926223 -0.807159 1
-0.908552 -0.758563 -1
-0.034940 -0.210557 -1
-0.039459 -0.723876 -1
-0.604393 -0.380496 1
-0.534842 -0.078946 -1
-0.935108 -0.877609 -1
-0.221466 -0.682895 1
-0.432455 -0.452288 1
-0.997785 -0.375460 -1
-0.541754 -0.974112 -1
-0.194217 -0.972924 -1
-0.047742 -0.438596 -1
-0.759047 -0.492678 1
-0.015761 -0.968315 -1
-0.784875 -0.043720 1
-0.249016 -0.596144 1
-0.351297 -0.974639 -1
-0.192155 -0.577569 1
-0.954093 -0.533418 1
-0.907685 -0.168221 -1
-0.968623 -0.301965 -1
-0.711550 -0.769440 -1
-0.882272 -0.250616 -1
-0.632318 -0.953422 -1
-0.889245 -0.047053 -1
-0.134979 -0.638967 1
-0.337262 -0.416902 -1
-0.040800 -0.753335 1
-0.673059 -0.634549 -1
-0.704132 -0.075532 1
-0.205366 -0.714610 -1
-0.080108 -0.435771 -1
-0.891552 -0.960765 1
-0.675439 -0.806569 -1
-0.689651 -0.794236 -1
-0.262965 -0.825551 -1
-0.769846 -0.595495 1
-0.390567 -0.577469 1
-0.516167 -0.190079 -1
-0.930182 -0.508308 -1
-0.738503 -0.339841 -1
-0.686790 -0.081122 -1
-0.897323 -0.478929 -1
-0.827889 -0.652888 1
-0.702419 -0.676959 -1
-0.180190 -0.774461 -1
-0.474928 -0.245179 1
-0.544412 -0.774841 1
-0.429397 -0.576273 -1
-0.566547 -0.867429 1
-0.521360 -0.254885 1
-0.142499 -0.872461 -1
-0.858888 -0.915241 1
-0.778311 -0.294921 1
-0.283214 -0.404288 1
-0.148809 -0.819968 -1
-0.901581 -0.581620 -1
-0.543157 -0.356818 1
-0.157282 -0.377050 1
-0.869479 -0.831746 1
-0.361054 -0.329975 -1
-0.331847 -0.676955 -1
-0.788556 -0.353928 -1
-0.363296 -0.034135 -1
-0.618409 -0.630608 -1
-0.210023 -0.842422 -1
-0.723565 -0.432000 1
-0.159026 -0.876886 -1
-0.059126 -0.947132 1
-0.212353 -0.311390 -1
-0.450771 -0.116628 -1
-0.369847 -0.538278 -1
-0.499246 -0.587974 -1
-0.335808 -0.474122 -1
-0.196283 -0.359361 -1
-0.180566 -0.623693 -1
-0.712204 -0.805950 -1
-0.715972 -0.437934 1
-0.103656 -0.816337 1
-0.208388 -0.515171 -1
-0.218407 -0.786897 1
-0.626564 -0.819313 1
-0.095751 -0.100026 -1
-0.080510 -0.098210 1
-0.097187 -0.587070 -1
-0.798812 -0.324659 -1
-0.484636 -0.367306 -1
-0.754970 -0.097425 1
-0.349577 -0.957195 -1
-0.589539 -0.888535 1
-0.949544 -0.468476 -1
-0.336164 -0.596220 -1
-0.102315 -0.546869 1
-0.807886 -0.466187 -1
-0.160209 -0.729476 1
-0.627298 -0.063932 1
-0.892658 -0.191462 1
-0.009517 -0.078278 1
-0.305217 -0.589475 -1
-0.695681 -0.055177 -1
-0.579405 -0.040853 -1
-0.184164 -0.285000 -1
-0.087941 -0.455098 1
-0.659107 -0.773116 -1
-0.029718 -0.503092 -1
-0.216918 -0.898237 -1
-0.550920 -0.459721 1
-0.553629 -0.113168 1
-0.466287 -0.497964 -1
-0.521675 -0.781342 -1
-0.130493 -0.142094 1
-0.998268 -0.426292 1
-0.292447 -0.842135 -1
-0.571278 -0.837481 -1
-0.528302 -0.468182 1
-0.610589 -0.791324 -1
-0.248247 -0.804972 -1
-0.803324 -0.150160 1
-0.263666 -0.101470 -1
-0.184315 -0.937556 -1
-0.092485 -0.867692 -1
-0.192607 -0.174955 -1
-0.076616 -0.973146 -1
-0.914172 -0.979862 -1
-0.220355 -0.298418 1
-0.431433 -0.512793 1
-0.175455 -0.270033 1
-0.630174 -0.590251 -1
-0.190908 -0.690795 1
-0.304033 -0.154516 1
-0.706641 -0.294191 -1
-0.737457 -0.230111 -1
-0.727140 -0.585913 -1
-0.557695 -0.858596 1
-0.374182 -0.630138 -1
-0.502738 -0.450171 -1
-0.391777 -0.681846 -1
-0.622212 -0.073365 -1
-0.057357 -0.290674 -1
-0.023726 -0.506635 1
-0.148171 -0.907070 -1
-0.275244 -0.758890 -1
-0.475273 -0.488773 -1
-0.194174 -0.849526 1
-0.228318 -0.926136 -1
-0.401288 -0.120820 -1
-0.085514 -0.284536 -1
-0.725821 -0.759662 -1
-0.654135 -0.759951 1
-0.337090 -0.671460 -1
-0.961189 -0.661564 1
-0.155135 -0.112619 1
-0.852185 -0.918306 -1
-0.406536 -0.927078 -1
-0.068456 -0.421238 1
-0.747880 -0.245494 -1
-0.485889 -0.598984 1
-0.766715 -0.391702 -1
-0.630705 -0.486954 -1
-0.462277 -0.021706 -1
-0.363262 -0.490503 1
-0.996849 -0.510419 -1
-0.109865 -0.767188 -1
-0.777889 -0.572523 1
-0.484875 -0.618282 -1
-0.690172 -0.933323 -1
-0.597026 -0.230106 1
-0.886649 -0.873807 1
-0.280854 -0.108442 -1
-0.889752 -0.676618 -1
-0.680719 -0.575416 -1
-0.292146 -0.056880 -1
-0.191108 -0.829100 -1
-0.476354 -0.879310 -1
-0.548378 -0.544018 -1
-0.624285 -0.077003 -1
-0.681023 -0.563029 -1
-0.713288 -0.970767 1
-0.233421 -0.017770 -1
-0.369680 -0.364876 1
-0.207097 -0.475036 1
-0.682487 -0.295539 -1
-0.065479 -0.301957 -1
-0.424343 -0.400655 -1
-0.508969 -0.765637 1
-0.526860 -0.066489 -1
-0.112180 -0.493134 -1
-0.176622 -0.205160 -1
-0.400662 -0.289358 -1
-0.625645 -0.070114 1
-0.018597 -0.760988 -1
-0.402329 -0.176085 -1
-0.502704 -0.302743 -1
-0.921301 -0.472560 1
-0.275686 -0.876200 -1
-0.319817 -0.969793 -1
-0.609268 -0.740740 1
-0.490547 -0.390539 1
-0.308001 -0.582354 -1
-0.394811 -0.107972 -1
-0.898568 -0.285647 1
-0.755811 -0.508867 -1
-0.251033 -0.738675 -1
-0.121236 -0.210160 -1
-0.896447 -0.676869 1
-0.719955 -0.181671 -1
-0.627183 -0.397963 -1
-0.118241 -0.708373 -1
-0.107934 -0.657538 1
-0.338967 -0.158904 1
0.674387 0.553895 1
0.060893 0.239203 -1
0.140993 0.154057 -1
0.415083 0.978014 1
0.734641 0.077691 1
0.117310 0.963914 -1
0.624604 0.055334 1
0.314538 0.837307 1
0.163272 0.119177 -1
0.070437 0.600546 1
0.859622 0.008973 1
0.647063 0.638746 1
0.256337 0.635754 -1
0.039603 0.612564 -1
0.923019 0.448518 1
0.098752 0.015839 -1
0.724819 0.221303 -1
0.558048 0.864296 -1
0.994269 0.741877 -1
0.974665 0.813034 1
0.782116 0.951185 -1
0.967127 0.864021 -1
0.801026 0.776229 1
0.707181 0.871468 1
0.962648 0.953666 1
0.765681 0.423300 -1
0.848518 0.243552 1
0.583464 0.328902 -1
0.765135 0.656997 1
0.071856 0.589633 1
0.139969 0.116233 -1
0.780137 0.218219 1
0.744496 0.349622 1
0.041677 0.561773 -1
0.544161 0.393319 -1
0.511721 0.947887 1
0.643408 0.726183 -1
0.159884 0.005488 -1
0.976308 0.085332 1
0.708257 0.795490 -1
0.554583 0.666844 -1
0.332009 0.652117 -1
0.403619 0.732056 1
0.644422 0.046549 1
0.681560 0.188268 -1
0.116122 0.397974 -1
0.012228 0.637531 -1
0.133308 0.806409 1
0.130736 0.040230 -1
0.714328 0.652765 1
0.235744 0.171544 -1
0.045476 0.975446 1
0.670629 0.863122 1
0.927072 0.618605 -1
0.237163 0.779466 1
0.423396 0.816755 1
0.098195 0.220124 -1
0.929297 0.485384 -1
0.553460 0.948655 1
0.437144 0.923322 -1
0.813007 0.428468 -1
0.278660 0.738986 -1
0.329930 0.522767 -1
0.087544 0.926694 -1
0.995180 0.228423 1
0.376047 0.775185 1
0.986483 0.681737 1
0.600707 0.401475 1
0.120053 0.521962 1
0.597927 0.411555 -1
0.952964 0.534421 1
0.833144 0.813918 1
0.820103 0.034152 1
0.510301 0.835564 1
0.037764 0.527709 1
0.537281 0.496932 -1
0.071481 0.195218 -1
0.101074 0.005175 -1
0.744855 0.523630 -1
0.255568 0.633064 1
0.614347 0.571650 -1
0.718511 0.063240 -1
0.629309 0.938680 -1
0.807099 0.480970 -1
0.398735 0.456875 1
0.791435 0.195122 1
0.601337 0.407699 -1
0.368567 0.682212 -1
0.938000 0.448700 -1
0.765446 0.957160 -1
0.059275 0.472567 -1
0.409417 0.884352 -1
0.548183 0.765947 -1
0.149099 0.618895 -1
0.636565 0.422493 1
0.835473 0.394033 -1
0.224129 0.345027 -1
0.308831 0.363776 -1
0.819637 0.669669 1
0.206738 0.927320 -1
0.300795 0.186905 -1
0.305934 0.247743 1
0.493962 0.290665 -1
0.713335 0.552706 1
0.057076 0.067936 -1
0.354961 0.259353 -1
0.391373 0.534240 -1
0.685906 0.199497 1
0.387042 0.142502 1
0.589541 0.462391 1
0.168278 0.801529 1
0.255021 0.934824 1
0.947787 0.445704 -1
0.719115 0.200423 1
0.306020 0.229150 -1
0.951355 0.293899 1
0.131605 0.905025 1
0.232544 0.193450 1
0.477046 0.802761 -1
0.540852 0.569245 -1
0.761949 0.448485 1
0.009920 0.966817 -1
0.921243 0.012273 1
0.525932 0.721220 -1
0.307218 0.363897 -1
0.750328 0.049186 -1
0.743215 0.773156 -1
0.707167 0.076843 -1
0.201448 0.078593 -1
0.426425 0.852655 -1
0.203673 0.251092 -1
0.122423 0.152336 -1
0.381034 0.598836 1
0.177215 0.895796 -1
0.201461 0.487378 -1
0.492845 0.640972 -1
0.638742 0.314388 -1
0.602302 0.400855 -1
0.438846 0.971390 1
0.858986 0.776517 1
0.864029 0.921215 -1
0.231501 0.814422 -1
0.943633 0.702804 1
0.899669 0.770353 1
0.087821 0.242545 1
0.188806 0.026503 -1
0.290309 0.100766 -1
0.155326 0.778503 1
0.407381 0.773951 -1
0.155498 0.520444 1
0.448591 0.561088 1
0.027624 0.269182 -1
0.142325 0.250480 -1
0.834703 0.414567 -1
0.567843 0.577497 -1
0.282937 0.732139 -1
0.393783 0.447776 1
0.576091 0.509302 -1
0.672470 0.942597 -1
0.656187 0.747301 -1
0.682846 0.792343 -1
0.064255 0.905058 -1
0.104508 0.661825 -1
0.303151 0.750684 -1
0.181578 0.406853 -1
0.076114 0.226933 -1
0.622458 0.291745 -1
0.856653 0.998425 1
0.724862 0.342286 1
0.783469 0.420847 1
0.378947 0.162110 -1
0.471139 0.471800 -1
0.125291 0.536342 1
0.628990 0.215524 -1
0.364885 0.448038 -1
0.461148 0.001269 -1
0.902782 0.639468 1
0.885714 0.073020 -1
0.843452 0.257581 1
0.641514 0.970254 1
0.081470 0.361685 -1
0.538701 0.202267 -1
0.765618 0.400298 1
0.252391 0.101547 -1
0.907012 0.100676 1
0.902334 0.438617 1
0.563623 0.415036 -1
0.815008 0.440286 -1
0.105686 0.521366 1
0.918830 0.254818 -1
0.144697 0.640718 -1
0.384124 0.148637 1
0.509660 0.363536 1
0.274488 0.595435 -1
0.889285 0.992717 1
0.634502 0.853631 -1
0.612383 0.146581 -1
0.735777 0.290568 -1
0.509511 0.976075 1
0.558551 0.005585 -1
0.796940 0.289137 1
0.066299 0.117410 -1
0.604461 0.030096 -1
0.374803 0.094643 1
0.363634 0.650558 -1
0.644133 0.268479 1
0.513899 0.322927 -1
0.129286 0.303209 -1
0.524972 0.272828 1
0.469822 0.451881 1
0.676981 0.914783 1
0.656539 0.070719 1
0.468350 0.059147 -1
0.087124 0.588823 -1
0.825638 0.588875 -1
0.970128 0.710898 -1
0.218376 0.626242 -1
0.679116 0.548696 -1
0.185894 0.137786 1
0.488617 0.241883 -1
0.006197 0.040532 -1
0.937970 0.923995 1
0.712051 0.060057 -1
0.298982 0.911982 1
0.770088 0.178479 -1
0.399838 0.647215 1
0.596952 0.724868 1
0.286015 0.998320 -1
0.348573 0.313076 1
0.895280 0.039971 1
0.067757 0.003391 1
0.927745 0.257199 1
0.932202 0.987130 1
0.899891 0.123168 1
0.300883 0.042020 -1
0.705357 0.765424 1
0.614374 0.411172 -1
0.638405 0.516250 1
0.443852 0.609732 1
0.205467 0.494135 1
0.019431 0.888655 -1
0.142631 0.436582 1
0.508150 0.001480 1
0.655711 0.776156 -1
0.456151 0.334748 1
0.842346 0.915111 -1
0.021215 0.512791 -1
0.093825 0.402877 1
0.939150 0.565114 1
0.819557 0.477240 1
